-0.152054 -0.305609 -0.262602 2 37_12.12_10.62.y+10kpc
-0.290690 -0.217047 -0.419567 2 52_11.84_10.24.y+10kpc
-0.278938 -0.188479 -0.468488 2 68_11.77_9.789.y+10kpc
-0.048930 -0.299501 -0.376143 2 119_11.97_10.44.y+10kpc
-0.052742 -0.252086 -0.325352 2 152_11.89_10.30.y+10kpc
-0.103528 -0.305742 -0.266861 2 157_11.80_10.14.y+10kpc
-0.088113 -0.200786 -0.479334 2 186_11.89_9.962.y+10kpc
-0.024924 -0.249976 -0.250173 2 262_12.02_10.19.y+10kpc
 0.033515 -0.281533 -0.250395 2 338_12.04_10.00.y+10kpc
 0.073128 -0.274815 -0.232946 2 341_11.87_10.21.y+10kpc
 0.081063 -0.101104 -0.136480 2 363_12.00_10.39.y+10kpc
 0.307232 -0.499516 -0.263210 2 390_11.82_10.39.y+10kpc
 0.344128 -0.461447 -0.263509 2 395_12.17_10.41.y+10kpc
 0.185200 -0.447113 -0.148565 2 396_11.96_10.38.y+10kpc
 0.150537 -0.327609 -0.189137 2 400_11.78_9.918.y+10kpc
 0.352612 -0.385654 -0.394811 2 419_12.19_10.64.y+10kpc
 0.406761 -0.366409 -0.280262 2 462_11.96_10.37.y+10kpc
 0.378482 -0.317006 -0.392929 2 494_11.81_9.902.y+10kpc
 0.180683 -0.230735 -0.213594 2 527_11.82_9.752.y+10kpc
-0.312669  0.460438 -0.249371 2 606_11.93_10.28.y+10kpc
-0.133097  0.443565 -0.360604 2 612_11.78_10.23.y+10kpc
-0.197941  0.463899 -0.260425 2 631_12.10_10.63.y+10kpc
 0.088021  0.113781 -0.167049 2 649_12.06_10.58.y+10kpc
 0.139217 -0.049385 -0.324231 2 683_12.01_10.46.y+10kpc
 0.155575  0.038706 -0.460547 2 691_12.09_10.41.y+10kpc
 0.137326  0.142146 -0.151245 2 720_11.87_10.31.y+10kpc
 0.164602  0.294183 -0.232057 2 777_12.24_10.42.y+10kpc
 0.174110  0.316937 -0.227994 2 778_11.88_10.35.y+10kpc
 0.434508  0.349832 -0.361693 2 934_12.21_10.65.y+10kpc
 0.256845  0.332334 -0.245744 2 948_11.80_10.11.y+10kpc
 0.383135  0.356099 -0.238712 2 959_11.82_10.14.y+10kpc
 0.383117  0.375606 -0.318609 2 983_11.97_10.25.y+10kpc
 0.293368  0.422168 -0.198570 2 1114_12.21_10.61.y+10kpc
-0.379440 -0.422958 -0.018097 2 1156_12.06_10.55.y+10kpc
-0.269433 -0.322762  0.003851 2 1168_11.89_10.31.y+10kpc
-0.313732 -0.303712  0.059647 2 1196_11.85_10.24.y+10kpc
-0.344773 -0.296137  0.081123 2 1197_11.85_10.23.y+10kpc
-0.433599 -0.289067  0.148337 2 1201_11.78_10.15.y+10kpc
-0.366274 -0.447219  0.313363 2 1220_12.00_10.47.y+10kpc
-0.429637 -0.160805  0.361929 2 1327_11.75_9.848.y+10kpc
-0.340852 -0.173519  0.394139 2 1340_12.14_10.61.y+10kpc
-0.387092 -0.173635  0.425212 2 1342_11.75_9.936.y+10kpc
-0.189924 -0.289755 -0.019308 2 1372_12.06_10.42.y+10kpc
-0.129827 -0.462263  0.302416 2 1427_11.95_10.36.y+10kpc
-0.160195 -0.394217  0.307479 2 1435_11.76_10.09.y+10kpc
-0.183155 -0.215718  0.482233 2 1457_11.93_10.30.y+10kpc
-0.269061 -0.161623  0.424771 2 1481_11.86_10.23.y+10kpc
-0.232970 -0.185781  0.457684 2 1500_11.97_10.35.y+10kpc
-0.193245 -0.193372  0.462026 2 1505_12.00_10.43.y+10kpc
-0.032488 -0.362530  0.032114 2 1513_11.83_10.10.y+10kpc
 0.311438 -0.179616  0.100382 2 1549_11.76_10.35.y+10kpc
 0.362409 -0.160414  0.147743 2 1565_12.21_10.73.y+10kpc
 0.064413 -0.370093  0.243760 2 1566_11.88_10.41.y+10kpc
 0.375041 -0.142710  0.152016 2 1589_11.97_10.26.y+10kpc
 0.416105 -0.158542  0.201883 2 1623_12.02_10.44.y+10kpc
 0.088499 -0.344454  0.397494 2 1654_12.09_10.49.y+10kpc
 0.060897 -0.427054  0.472752 2 1656_11.82_10.37.y+10kpc
 0.352260 -0.275048  0.371650 2 1694_11.87_10.26.y+10kpc
 0.405180 -0.247482  0.357976 2 1698_12.08_10.59.y+10kpc
 0.397835 -0.220427  0.350373 2 1708_12.07_10.57.y+10kpc
 0.406709 -0.383613  0.499697 2 1719_11.91_10.37.y+10kpc
 0.409733 -0.217016  0.344985 2 1738_11.77_10.16.y+10kpc
 0.015281  0.037736 -0.118023 2 1777_12.08_10.41.y+10kpc
 0.032949  0.014649 -0.114180 2 1778_11.90_10.22.y+10kpc
-0.160557  0.039286  0.325243 2 1816_12.18_10.55.y+10kpc
-0.379315  0.376202 -0.089671 2 1823_11.98_10.57.y+10kpc
-0.343735  0.391805 -0.085076 2 1829_11.86_10.17.y+10kpc
-0.485010  0.427570 -0.059106 2 1839_11.98_10.54.y+10kpc
-0.008869  0.090730  0.096956 2 1868_11.97_10.28.y+10kpc
-0.024067  0.093837  0.139860 2 1879_11.84_10.41.y+10kpc
-0.215955  0.493244 -0.035733 2 1907_12.09_10.61.y+10kpc
-0.410037 -0.084158  0.364346 2 1959_11.83_10.09.y+10kpc
-0.391640  0.026214  0.367433 2 1967_11.87_10.11.y+10kpc
-0.171149 -0.090518  0.409237 2 2015_11.88_10.09.y+10kpc
-0.020270  0.009730  0.431897 2 2033_12.10_10.45.y+10kpc
-0.152054 -0.304009 -0.262602 2 37_12.12_10.62.y+50kpc
-0.290690 -0.215447 -0.419567 2 52_11.84_10.24.y+50kpc
-0.278938 -0.186879 -0.468488 2 68_11.77_9.789.y+50kpc
-0.048930 -0.297901 -0.376143 2 119_11.97_10.44.y+50kpc
-0.052742 -0.250486 -0.325352 2 152_11.89_10.30.y+50kpc
-0.103528 -0.304142 -0.266861 2 157_11.80_10.14.y+50kpc
-0.088113 -0.199186 -0.479334 2 186_11.89_9.962.y+50kpc
-0.024924 -0.248376 -0.250173 2 262_12.02_10.19.y+50kpc
 0.033515 -0.279933 -0.250395 2 338_12.04_10.00.y+50kpc
 0.073128 -0.273215 -0.232946 2 341_11.87_10.21.y+50kpc
 0.081063 -0.099504 -0.136480 2 363_12.00_10.39.y+50kpc
 0.307232 -0.497916 -0.263210 2 390_11.82_10.39.y+50kpc
 0.344128 -0.459847 -0.263509 2 395_12.17_10.41.y+50kpc
 0.185200 -0.445513 -0.148565 2 396_11.96_10.38.y+50kpc
 0.150537 -0.326009 -0.189137 2 400_11.78_9.918.y+50kpc
 0.352612 -0.384054 -0.394811 2 419_12.19_10.64.y+50kpc
 0.406761 -0.364809 -0.280262 2 462_11.96_10.37.y+50kpc
 0.378482 -0.315406 -0.392929 2 494_11.81_9.902.y+50kpc
 0.180683 -0.229135 -0.213594 2 527_11.82_9.752.y+50kpc
-0.312669  0.462038 -0.249371 2 606_11.93_10.28.y+50kpc
-0.133097  0.445165 -0.360604 2 612_11.78_10.23.y+50kpc
-0.197941  0.465499 -0.260425 2 631_12.10_10.63.y+50kpc
 0.088021  0.115381 -0.167049 2 649_12.06_10.58.y+50kpc
 0.139217 -0.047785 -0.324231 2 683_12.01_10.46.y+50kpc
 0.155575  0.040306 -0.460547 2 691_12.09_10.41.y+50kpc
 0.137326  0.143746 -0.151245 2 720_11.87_10.31.y+50kpc
 0.164602  0.295783 -0.232057 2 777_12.24_10.42.y+50kpc
 0.174110  0.318537 -0.227994 2 778_11.88_10.35.y+50kpc
 0.434508  0.351432 -0.361693 2 934_12.21_10.65.y+50kpc
 0.256845  0.333934 -0.245744 2 948_11.80_10.11.y+50kpc
 0.383135  0.357699 -0.238712 2 959_11.82_10.14.y+50kpc
 0.383117  0.377206 -0.318609 2 983_11.97_10.25.y+50kpc
 0.293368  0.423768 -0.198570 2 1114_12.21_10.61.y+50kpc
-0.379440 -0.421358 -0.018097 2 1156_12.06_10.55.y+50kpc
-0.269433 -0.321162  0.003851 2 1168_11.89_10.31.y+50kpc
-0.313732 -0.302112  0.059647 2 1196_11.85_10.24.y+50kpc
-0.344773 -0.294537  0.081123 2 1197_11.85_10.23.y+50kpc
-0.433599 -0.287467  0.148337 2 1201_11.78_10.15.y+50kpc
-0.366274 -0.445619  0.313363 2 1220_12.00_10.47.y+50kpc
-0.429637 -0.159205  0.361929 2 1327_11.75_9.848.y+50kpc
-0.340852 -0.171919  0.394139 2 1340_12.14_10.61.y+50kpc
-0.387092 -0.172035  0.425212 2 1342_11.75_9.936.y+50kpc
-0.189924 -0.288155 -0.019308 2 1372_12.06_10.42.y+50kpc
-0.129827 -0.460663  0.302416 2 1427_11.95_10.36.y+50kpc
-0.160195 -0.392617  0.307479 2 1435_11.76_10.09.y+50kpc
-0.183155 -0.214118  0.482233 2 1457_11.93_10.30.y+50kpc
-0.269061 -0.160023  0.424771 2 1481_11.86_10.23.y+50kpc
-0.232970 -0.184181  0.457684 2 1500_11.97_10.35.y+50kpc
-0.193245 -0.191772  0.462026 2 1505_12.00_10.43.y+50kpc
-0.032488 -0.360930  0.032114 2 1513_11.83_10.10.y+50kpc
 0.311438 -0.178016  0.100382 2 1549_11.76_10.35.y+50kpc
 0.362409 -0.158814  0.147743 2 1565_12.21_10.73.y+50kpc
 0.064413 -0.368493  0.243760 2 1566_11.88_10.41.y+50kpc
 0.375041 -0.141110  0.152016 2 1589_11.97_10.26.y+50kpc
 0.416105 -0.156942  0.201883 2 1623_12.02_10.44.y+50kpc
 0.088499 -0.342854  0.397494 2 1654_12.09_10.49.y+50kpc
 0.060897 -0.425454  0.472752 2 1656_11.82_10.37.y+50kpc
 0.352260 -0.273448  0.371650 2 1694_11.87_10.26.y+50kpc
 0.405180 -0.245882  0.357976 2 1698_12.08_10.59.y+50kpc
 0.397835 -0.218827  0.350373 2 1708_12.07_10.57.y+50kpc
 0.406709 -0.382013  0.499697 2 1719_11.91_10.37.y+50kpc
 0.409733 -0.215416  0.344985 2 1738_11.77_10.16.y+50kpc
 0.015281  0.039336 -0.118023 2 1777_12.08_10.41.y+50kpc
 0.032949  0.016249 -0.114180 2 1778_11.90_10.22.y+50kpc
-0.160557  0.040886  0.325243 2 1816_12.18_10.55.y+50kpc
-0.379315  0.377802 -0.089671 2 1823_11.98_10.57.y+50kpc
-0.343735  0.393405 -0.085076 2 1829_11.86_10.17.y+50kpc
-0.485010  0.429170 -0.059106 2 1839_11.98_10.54.y+50kpc
-0.008869  0.092330  0.096956 2 1868_11.97_10.28.y+50kpc
-0.024067  0.095437  0.139860 2 1879_11.84_10.41.y+50kpc
-0.215955  0.494844 -0.035733 2 1907_12.09_10.61.y+50kpc
-0.410037 -0.082558  0.364346 2 1959_11.83_10.09.y+50kpc
-0.391640  0.027814  0.367433 2 1967_11.87_10.11.y+50kpc
-0.171149 -0.088918  0.409237 2 2015_11.88_10.09.y+50kpc
-0.020270  0.011330  0.431897 2 2033_12.10_10.45.y+50kpc
-0.152054 -0.302409 -0.262602 2 37_12.12_10.62.y+90kpc
-0.290690 -0.213847 -0.419567 2 52_11.84_10.24.y+90kpc
-0.278938 -0.185279 -0.468488 2 68_11.77_9.789.y+90kpc
-0.048930 -0.296301 -0.376143 2 119_11.97_10.44.y+90kpc
-0.052742 -0.248886 -0.325352 2 152_11.89_10.30.y+90kpc
-0.103528 -0.302542 -0.266861 2 157_11.80_10.14.y+90kpc
-0.088113 -0.197586 -0.479334 2 186_11.89_9.962.y+90kpc
-0.024924 -0.246776 -0.250173 2 262_12.02_10.19.y+90kpc
 0.033515 -0.278333 -0.250395 2 338_12.04_10.00.y+90kpc
 0.073128 -0.271615 -0.232946 2 341_11.87_10.21.y+90kpc
 0.081063 -0.097904 -0.136480 2 363_12.00_10.39.y+90kpc
 0.307232 -0.496316 -0.263210 2 390_11.82_10.39.y+90kpc
 0.344128 -0.458247 -0.263509 2 395_12.17_10.41.y+90kpc
 0.185200 -0.443913 -0.148565 2 396_11.96_10.38.y+90kpc
 0.150537 -0.324409 -0.189137 2 400_11.78_9.918.y+90kpc
 0.352612 -0.382454 -0.394811 2 419_12.19_10.64.y+90kpc
 0.406761 -0.363209 -0.280262 2 462_11.96_10.37.y+90kpc
 0.378482 -0.313806 -0.392929 2 494_11.81_9.902.y+90kpc
 0.180683 -0.227535 -0.213594 2 527_11.82_9.752.y+90kpc
-0.312669  0.463638 -0.249371 2 606_11.93_10.28.y+90kpc
-0.133097  0.446765 -0.360604 2 612_11.78_10.23.y+90kpc
-0.197941  0.467099 -0.260425 2 631_12.10_10.63.y+90kpc
 0.088021  0.116981 -0.167049 2 649_12.06_10.58.y+90kpc
 0.139217 -0.046185 -0.324231 2 683_12.01_10.46.y+90kpc
 0.155575  0.041906 -0.460547 2 691_12.09_10.41.y+90kpc
 0.137326  0.145346 -0.151245 2 720_11.87_10.31.y+90kpc
 0.164602  0.297383 -0.232057 2 777_12.24_10.42.y+90kpc
 0.174110  0.320137 -0.227994 2 778_11.88_10.35.y+90kpc
 0.434508  0.353032 -0.361693 2 934_12.21_10.65.y+90kpc
 0.256845  0.335534 -0.245744 2 948_11.80_10.11.y+90kpc
 0.383135  0.359299 -0.238712 2 959_11.82_10.14.y+90kpc
 0.383117  0.378806 -0.318609 2 983_11.97_10.25.y+90kpc
 0.293368  0.425368 -0.198570 2 1114_12.21_10.61.y+90kpc
-0.379440 -0.419758 -0.018097 2 1156_12.06_10.55.y+90kpc
-0.269433 -0.319562  0.003851 2 1168_11.89_10.31.y+90kpc
-0.313732 -0.300512  0.059647 2 1196_11.85_10.24.y+90kpc
-0.344773 -0.292937  0.081123 2 1197_11.85_10.23.y+90kpc
-0.433599 -0.285867  0.148337 2 1201_11.78_10.15.y+90kpc
-0.366274 -0.444019  0.313363 2 1220_12.00_10.47.y+90kpc
-0.429637 -0.157605  0.361929 2 1327_11.75_9.848.y+90kpc
-0.340852 -0.170319  0.394139 2 1340_12.14_10.61.y+90kpc
-0.387092 -0.170435  0.425212 2 1342_11.75_9.936.y+90kpc
-0.189924 -0.286555 -0.019308 2 1372_12.06_10.42.y+90kpc
-0.129827 -0.459063  0.302416 2 1427_11.95_10.36.y+90kpc
-0.160195 -0.391017  0.307479 2 1435_11.76_10.09.y+90kpc
-0.183155 -0.212518  0.482233 2 1457_11.93_10.30.y+90kpc
-0.269061 -0.158423  0.424771 2 1481_11.86_10.23.y+90kpc
-0.232970 -0.182581  0.457684 2 1500_11.97_10.35.y+90kpc
-0.193245 -0.190172  0.462026 2 1505_12.00_10.43.y+90kpc
-0.032488 -0.359330  0.032114 2 1513_11.83_10.10.y+90kpc
 0.311438 -0.176416  0.100382 2 1549_11.76_10.35.y+90kpc
 0.362409 -0.157214  0.147743 2 1565_12.21_10.73.y+90kpc
 0.064413 -0.366893  0.243760 2 1566_11.88_10.41.y+90kpc
 0.375041 -0.139510  0.152016 2 1589_11.97_10.26.y+90kpc
 0.416105 -0.155342  0.201883 2 1623_12.02_10.44.y+90kpc
 0.088499 -0.341254  0.397494 2 1654_12.09_10.49.y+90kpc
 0.060897 -0.423854  0.472752 2 1656_11.82_10.37.y+90kpc
 0.352260 -0.271848  0.371650 2 1694_11.87_10.26.y+90kpc
 0.405180 -0.244282  0.357976 2 1698_12.08_10.59.y+90kpc
 0.397835 -0.217227  0.350373 2 1708_12.07_10.57.y+90kpc
 0.406709 -0.380413  0.499697 2 1719_11.91_10.37.y+90kpc
 0.409733 -0.213816  0.344985 2 1738_11.77_10.16.y+90kpc
 0.015281  0.040936 -0.118023 2 1777_12.08_10.41.y+90kpc
 0.032949  0.017849 -0.114180 2 1778_11.90_10.22.y+90kpc
-0.160557  0.042486  0.325243 2 1816_12.18_10.55.y+90kpc
-0.379315  0.379402 -0.089671 2 1823_11.98_10.57.y+90kpc
-0.343735  0.395005 -0.085076 2 1829_11.86_10.17.y+90kpc
-0.485010  0.430770 -0.059106 2 1839_11.98_10.54.y+90kpc
-0.008869  0.093930  0.096956 2 1868_11.97_10.28.y+90kpc
-0.024067  0.097037  0.139860 2 1879_11.84_10.41.y+90kpc
-0.215955  0.496444 -0.035733 2 1907_12.09_10.61.y+90kpc
-0.410037 -0.080958  0.364346 2 1959_11.83_10.09.y+90kpc
-0.391640  0.029414  0.367433 2 1967_11.87_10.11.y+90kpc
-0.171149 -0.087318  0.409237 2 2015_11.88_10.09.y+90kpc
-0.020270  0.012930  0.431897 2 2033_12.10_10.45.y+90kpc
-0.152054 -0.300809 -0.262602 2 37_12.12_10.62.y+130kpc
-0.290690 -0.212247 -0.419567 2 52_11.84_10.24.y+130kpc
-0.278938 -0.183679 -0.468488 2 68_11.77_9.789.y+130kpc
-0.048930 -0.294701 -0.376143 2 119_11.97_10.44.y+130kpc
-0.052742 -0.247286 -0.325352 2 152_11.89_10.30.y+130kpc
-0.103528 -0.300942 -0.266861 2 157_11.80_10.14.y+130kpc
-0.088113 -0.195986 -0.479334 2 186_11.89_9.962.y+130kpc
-0.024924 -0.245176 -0.250173 2 262_12.02_10.19.y+130kpc
 0.033515 -0.276733 -0.250395 2 338_12.04_10.00.y+130kpc
 0.073128 -0.270015 -0.232946 2 341_11.87_10.21.y+130kpc
 0.081063 -0.096304 -0.136480 2 363_12.00_10.39.y+130kpc
 0.307232 -0.494716 -0.263210 2 390_11.82_10.39.y+130kpc
 0.344128 -0.456647 -0.263509 2 395_12.17_10.41.y+130kpc
 0.185200 -0.442313 -0.148565 2 396_11.96_10.38.y+130kpc
 0.150537 -0.322809 -0.189137 2 400_11.78_9.918.y+130kpc
 0.352612 -0.380854 -0.394811 2 419_12.19_10.64.y+130kpc
 0.406761 -0.361609 -0.280262 2 462_11.96_10.37.y+130kpc
 0.378482 -0.312206 -0.392929 2 494_11.81_9.902.y+130kpc
 0.180683 -0.225935 -0.213594 2 527_11.82_9.752.y+130kpc
-0.312669  0.465238 -0.249371 2 606_11.93_10.28.y+130kpc
-0.133097  0.448365 -0.360604 2 612_11.78_10.23.y+130kpc
-0.197941  0.468699 -0.260425 2 631_12.10_10.63.y+130kpc
 0.088021  0.118581 -0.167049 2 649_12.06_10.58.y+130kpc
 0.139217 -0.044585 -0.324231 2 683_12.01_10.46.y+130kpc
 0.155575  0.043506 -0.460547 2 691_12.09_10.41.y+130kpc
 0.137326  0.146946 -0.151245 2 720_11.87_10.31.y+130kpc
 0.164602  0.298983 -0.232057 2 777_12.24_10.42.y+130kpc
 0.174110  0.321737 -0.227994 2 778_11.88_10.35.y+130kpc
 0.434508  0.354632 -0.361693 2 934_12.21_10.65.y+130kpc
 0.256845  0.337134 -0.245744 2 948_11.80_10.11.y+130kpc
 0.383135  0.360899 -0.238712 2 959_11.82_10.14.y+130kpc
 0.383117  0.380406 -0.318609 2 983_11.97_10.25.y+130kpc
 0.293368  0.426968 -0.198570 2 1114_12.21_10.61.y+130kpc
-0.379440 -0.418158 -0.018097 2 1156_12.06_10.55.y+130kpc
-0.269433 -0.317962  0.003851 2 1168_11.89_10.31.y+130kpc
-0.313732 -0.298912  0.059647 2 1196_11.85_10.24.y+130kpc
-0.344773 -0.291337  0.081123 2 1197_11.85_10.23.y+130kpc
-0.433599 -0.284267  0.148337 2 1201_11.78_10.15.y+130kpc
-0.366274 -0.442419  0.313363 2 1220_12.00_10.47.y+130kpc
-0.429637 -0.156005  0.361929 2 1327_11.75_9.848.y+130kpc
-0.340852 -0.168719  0.394139 2 1340_12.14_10.61.y+130kpc
-0.387092 -0.168835  0.425212 2 1342_11.75_9.936.y+130kpc
-0.189924 -0.284955 -0.019308 2 1372_12.06_10.42.y+130kpc
-0.129827 -0.457463  0.302416 2 1427_11.95_10.36.y+130kpc
-0.160195 -0.389417  0.307479 2 1435_11.76_10.09.y+130kpc
-0.183155 -0.210918  0.482233 2 1457_11.93_10.30.y+130kpc
-0.269061 -0.156823  0.424771 2 1481_11.86_10.23.y+130kpc
-0.232970 -0.180981  0.457684 2 1500_11.97_10.35.y+130kpc
-0.193245 -0.188572  0.462026 2 1505_12.00_10.43.y+130kpc
-0.032488 -0.357730  0.032114 2 1513_11.83_10.10.y+130kpc
 0.311438 -0.174816  0.100382 2 1549_11.76_10.35.y+130kpc
 0.362409 -0.155614  0.147743 2 1565_12.21_10.73.y+130kpc
 0.064413 -0.365293  0.243760 2 1566_11.88_10.41.y+130kpc
 0.375041 -0.137910  0.152016 2 1589_11.97_10.26.y+130kpc
 0.416105 -0.153742  0.201883 2 1623_12.02_10.44.y+130kpc
 0.088499 -0.339654  0.397494 2 1654_12.09_10.49.y+130kpc
 0.060897 -0.422254  0.472752 2 1656_11.82_10.37.y+130kpc
 0.352260 -0.270248  0.371650 2 1694_11.87_10.26.y+130kpc
 0.405180 -0.242682  0.357976 2 1698_12.08_10.59.y+130kpc
 0.397835 -0.215627  0.350373 2 1708_12.07_10.57.y+130kpc
 0.406709 -0.378813  0.499697 2 1719_11.91_10.37.y+130kpc
 0.409733 -0.212216  0.344985 2 1738_11.77_10.16.y+130kpc
 0.015281  0.042536 -0.118023 2 1777_12.08_10.41.y+130kpc
 0.032949  0.019449 -0.114180 2 1778_11.90_10.22.y+130kpc
-0.160557  0.044086  0.325243 2 1816_12.18_10.55.y+130kpc
-0.379315  0.381002 -0.089671 2 1823_11.98_10.57.y+130kpc
-0.343735  0.396605 -0.085076 2 1829_11.86_10.17.y+130kpc
-0.485010  0.432370 -0.059106 2 1839_11.98_10.54.y+130kpc
-0.008869  0.095530  0.096956 2 1868_11.97_10.28.y+130kpc
-0.024067  0.098637  0.139860 2 1879_11.84_10.41.y+130kpc
-0.215955  0.498044 -0.035733 2 1907_12.09_10.61.y+130kpc
-0.410037 -0.079358  0.364346 2 1959_11.83_10.09.y+130kpc
-0.391640  0.031014  0.367433 2 1967_11.87_10.11.y+130kpc
-0.171149 -0.085718  0.409237 2 2015_11.88_10.09.y+130kpc
-0.020270  0.014530  0.431897 2 2033_12.10_10.45.y+130kpc
-0.152054 -0.299209 -0.262602 2 37_12.12_10.62.y+170kpc
-0.290690 -0.210647 -0.419567 2 52_11.84_10.24.y+170kpc
-0.278938 -0.182079 -0.468488 2 68_11.77_9.789.y+170kpc
-0.048930 -0.293101 -0.376143 2 119_11.97_10.44.y+170kpc
-0.052742 -0.245686 -0.325352 2 152_11.89_10.30.y+170kpc
-0.103528 -0.299342 -0.266861 2 157_11.80_10.14.y+170kpc
-0.088113 -0.194386 -0.479334 2 186_11.89_9.962.y+170kpc
-0.024924 -0.243576 -0.250173 2 262_12.02_10.19.y+170kpc
 0.033515 -0.275133 -0.250395 2 338_12.04_10.00.y+170kpc
 0.073128 -0.268415 -0.232946 2 341_11.87_10.21.y+170kpc
 0.081063 -0.094704 -0.136480 2 363_12.00_10.39.y+170kpc
 0.307232 -0.493116 -0.263210 2 390_11.82_10.39.y+170kpc
 0.344128 -0.455047 -0.263509 2 395_12.17_10.41.y+170kpc
 0.185200 -0.440713 -0.148565 2 396_11.96_10.38.y+170kpc
 0.150537 -0.321209 -0.189137 2 400_11.78_9.918.y+170kpc
 0.352612 -0.379254 -0.394811 2 419_12.19_10.64.y+170kpc
 0.406761 -0.360009 -0.280262 2 462_11.96_10.37.y+170kpc
 0.378482 -0.310606 -0.392929 2 494_11.81_9.902.y+170kpc
 0.180683 -0.224335 -0.213594 2 527_11.82_9.752.y+170kpc
-0.312669  0.466838 -0.249371 2 606_11.93_10.28.y+170kpc
-0.133097  0.449965 -0.360604 2 612_11.78_10.23.y+170kpc
-0.197941  0.470299 -0.260425 2 631_12.10_10.63.y+170kpc
 0.088021  0.120181 -0.167049 2 649_12.06_10.58.y+170kpc
 0.139217 -0.042985 -0.324231 2 683_12.01_10.46.y+170kpc
 0.155575  0.045106 -0.460547 2 691_12.09_10.41.y+170kpc
 0.137326  0.148546 -0.151245 2 720_11.87_10.31.y+170kpc
 0.164602  0.300583 -0.232057 2 777_12.24_10.42.y+170kpc
 0.174110  0.323337 -0.227994 2 778_11.88_10.35.y+170kpc
 0.434508  0.356232 -0.361693 2 934_12.21_10.65.y+170kpc
 0.256845  0.338734 -0.245744 2 948_11.80_10.11.y+170kpc
 0.383135  0.362499 -0.238712 2 959_11.82_10.14.y+170kpc
 0.383117  0.382006 -0.318609 2 983_11.97_10.25.y+170kpc
 0.293368  0.428568 -0.198570 2 1114_12.21_10.61.y+170kpc
-0.379440 -0.416558 -0.018097 2 1156_12.06_10.55.y+170kpc
-0.269433 -0.316362  0.003851 2 1168_11.89_10.31.y+170kpc
-0.313732 -0.297312  0.059647 2 1196_11.85_10.24.y+170kpc
-0.344773 -0.289737  0.081123 2 1197_11.85_10.23.y+170kpc
-0.433599 -0.282667  0.148337 2 1201_11.78_10.15.y+170kpc
-0.366274 -0.440819  0.313363 2 1220_12.00_10.47.y+170kpc
-0.429637 -0.154405  0.361929 2 1327_11.75_9.848.y+170kpc
-0.340852 -0.167119  0.394139 2 1340_12.14_10.61.y+170kpc
-0.387092 -0.167235  0.425212 2 1342_11.75_9.936.y+170kpc
-0.189924 -0.283355 -0.019308 2 1372_12.06_10.42.y+170kpc
-0.129827 -0.455863  0.302416 2 1427_11.95_10.36.y+170kpc
-0.160195 -0.387817  0.307479 2 1435_11.76_10.09.y+170kpc
-0.183155 -0.209318  0.482233 2 1457_11.93_10.30.y+170kpc
-0.269061 -0.155223  0.424771 2 1481_11.86_10.23.y+170kpc
-0.232970 -0.179381  0.457684 2 1500_11.97_10.35.y+170kpc
-0.193245 -0.186972  0.462026 2 1505_12.00_10.43.y+170kpc
-0.032488 -0.356130  0.032114 2 1513_11.83_10.10.y+170kpc
 0.311438 -0.173216  0.100382 2 1549_11.76_10.35.y+170kpc
 0.362409 -0.154014  0.147743 2 1565_12.21_10.73.y+170kpc
 0.064413 -0.363693  0.243760 2 1566_11.88_10.41.y+170kpc
 0.375041 -0.136310  0.152016 2 1589_11.97_10.26.y+170kpc
 0.416105 -0.152142  0.201883 2 1623_12.02_10.44.y+170kpc
 0.088499 -0.338054  0.397494 2 1654_12.09_10.49.y+170kpc
 0.060897 -0.420654  0.472752 2 1656_11.82_10.37.y+170kpc
 0.352260 -0.268648  0.371650 2 1694_11.87_10.26.y+170kpc
 0.405180 -0.241082  0.357976 2 1698_12.08_10.59.y+170kpc
 0.397835 -0.214027  0.350373 2 1708_12.07_10.57.y+170kpc
 0.406709 -0.377213  0.499697 2 1719_11.91_10.37.y+170kpc
 0.409733 -0.210616  0.344985 2 1738_11.77_10.16.y+170kpc
 0.015281  0.044136 -0.118023 2 1777_12.08_10.41.y+170kpc
 0.032949  0.021049 -0.114180 2 1778_11.90_10.22.y+170kpc
-0.160557  0.045686  0.325243 2 1816_12.18_10.55.y+170kpc
-0.379315  0.382602 -0.089671 2 1823_11.98_10.57.y+170kpc
-0.343735  0.398205 -0.085076 2 1829_11.86_10.17.y+170kpc
-0.485010  0.433970 -0.059106 2 1839_11.98_10.54.y+170kpc
-0.008869  0.097130  0.096956 2 1868_11.97_10.28.y+170kpc
-0.024067  0.100237  0.139860 2 1879_11.84_10.41.y+170kpc
-0.215955  0.499644 -0.035733 2 1907_12.09_10.61.y+170kpc
-0.410037 -0.077758  0.364346 2 1959_11.83_10.09.y+170kpc
-0.391640  0.032614  0.367433 2 1967_11.87_10.11.y+170kpc
-0.171149 -0.084118  0.409237 2 2015_11.88_10.09.y+170kpc
-0.020270  0.016130  0.431897 2 2033_12.10_10.45.y+170kpc
-0.152054 -0.297609 -0.262602 2 37_12.12_10.62.y+210kpc
-0.290690 -0.209047 -0.419567 2 52_11.84_10.24.y+210kpc
-0.278938 -0.180479 -0.468488 2 68_11.77_9.789.y+210kpc
-0.048930 -0.291501 -0.376143 2 119_11.97_10.44.y+210kpc
-0.052742 -0.244086 -0.325352 2 152_11.89_10.30.y+210kpc
-0.103528 -0.297742 -0.266861 2 157_11.80_10.14.y+210kpc
-0.088113 -0.192786 -0.479334 2 186_11.89_9.962.y+210kpc
-0.024924 -0.241976 -0.250173 2 262_12.02_10.19.y+210kpc
 0.033515 -0.273533 -0.250395 2 338_12.04_10.00.y+210kpc
 0.073128 -0.266815 -0.232946 2 341_11.87_10.21.y+210kpc
 0.081063 -0.093104 -0.136480 2 363_12.00_10.39.y+210kpc
 0.307232 -0.491516 -0.263210 2 390_11.82_10.39.y+210kpc
 0.344128 -0.453447 -0.263509 2 395_12.17_10.41.y+210kpc
 0.185200 -0.439113 -0.148565 2 396_11.96_10.38.y+210kpc
 0.150537 -0.319609 -0.189137 2 400_11.78_9.918.y+210kpc
 0.352612 -0.377654 -0.394811 2 419_12.19_10.64.y+210kpc
 0.406761 -0.358409 -0.280262 2 462_11.96_10.37.y+210kpc
 0.378482 -0.309006 -0.392929 2 494_11.81_9.902.y+210kpc
 0.180683 -0.222735 -0.213594 2 527_11.82_9.752.y+210kpc
-0.312669  0.468438 -0.249371 2 606_11.93_10.28.y+210kpc
-0.133097  0.451565 -0.360604 2 612_11.78_10.23.y+210kpc
-0.197941  0.471899 -0.260425 2 631_12.10_10.63.y+210kpc
 0.088021  0.121781 -0.167049 2 649_12.06_10.58.y+210kpc
 0.139217 -0.041385 -0.324231 2 683_12.01_10.46.y+210kpc
 0.155575  0.046706 -0.460547 2 691_12.09_10.41.y+210kpc
 0.137326  0.150146 -0.151245 2 720_11.87_10.31.y+210kpc
 0.164602  0.302183 -0.232057 2 777_12.24_10.42.y+210kpc
 0.174110  0.324937 -0.227994 2 778_11.88_10.35.y+210kpc
 0.434508  0.357832 -0.361693 2 934_12.21_10.65.y+210kpc
 0.256845  0.340334 -0.245744 2 948_11.80_10.11.y+210kpc
 0.383135  0.364099 -0.238712 2 959_11.82_10.14.y+210kpc
 0.383117  0.383606 -0.318609 2 983_11.97_10.25.y+210kpc
 0.293368  0.430168 -0.198570 2 1114_12.21_10.61.y+210kpc
-0.379440 -0.414958 -0.018097 2 1156_12.06_10.55.y+210kpc
-0.269433 -0.314762  0.003851 2 1168_11.89_10.31.y+210kpc
-0.313732 -0.295712  0.059647 2 1196_11.85_10.24.y+210kpc
-0.344773 -0.288137  0.081123 2 1197_11.85_10.23.y+210kpc
-0.433599 -0.281067  0.148337 2 1201_11.78_10.15.y+210kpc
-0.366274 -0.439219  0.313363 2 1220_12.00_10.47.y+210kpc
-0.429637 -0.152805  0.361929 2 1327_11.75_9.848.y+210kpc
-0.340852 -0.165519  0.394139 2 1340_12.14_10.61.y+210kpc
-0.387092 -0.165635  0.425212 2 1342_11.75_9.936.y+210kpc
-0.189924 -0.281755 -0.019308 2 1372_12.06_10.42.y+210kpc
-0.129827 -0.454263  0.302416 2 1427_11.95_10.36.y+210kpc
-0.160195 -0.386217  0.307479 2 1435_11.76_10.09.y+210kpc
-0.183155 -0.207718  0.482233 2 1457_11.93_10.30.y+210kpc
-0.269061 -0.153623  0.424771 2 1481_11.86_10.23.y+210kpc
-0.232970 -0.177781  0.457684 2 1500_11.97_10.35.y+210kpc
-0.193245 -0.185372  0.462026 2 1505_12.00_10.43.y+210kpc
-0.032488 -0.354530  0.032114 2 1513_11.83_10.10.y+210kpc
 0.311438 -0.171616  0.100382 2 1549_11.76_10.35.y+210kpc
 0.362409 -0.152414  0.147743 2 1565_12.21_10.73.y+210kpc
 0.064413 -0.362093  0.243760 2 1566_11.88_10.41.y+210kpc
 0.375041 -0.134710  0.152016 2 1589_11.97_10.26.y+210kpc
 0.416105 -0.150542  0.201883 2 1623_12.02_10.44.y+210kpc
 0.088499 -0.336454  0.397494 2 1654_12.09_10.49.y+210kpc
 0.060897 -0.419054  0.472752 2 1656_11.82_10.37.y+210kpc
 0.352260 -0.267048  0.371650 2 1694_11.87_10.26.y+210kpc
 0.405180 -0.239482  0.357976 2 1698_12.08_10.59.y+210kpc
 0.397835 -0.212427  0.350373 2 1708_12.07_10.57.y+210kpc
 0.406709 -0.375613  0.499697 2 1719_11.91_10.37.y+210kpc
 0.409733 -0.209016  0.344985 2 1738_11.77_10.16.y+210kpc
 0.015281  0.045736 -0.118023 2 1777_12.08_10.41.y+210kpc
 0.032949  0.022649 -0.114180 2 1778_11.90_10.22.y+210kpc
-0.160557  0.047286  0.325243 2 1816_12.18_10.55.y+210kpc
-0.379315  0.384202 -0.089671 2 1823_11.98_10.57.y+210kpc
-0.343735  0.399805 -0.085076 2 1829_11.86_10.17.y+210kpc
-0.485010  0.435570 -0.059106 2 1839_11.98_10.54.y+210kpc
-0.008869  0.098730  0.096956 2 1868_11.97_10.28.y+210kpc
-0.024067  0.101837  0.139860 2 1879_11.84_10.41.y+210kpc
-0.215955 -0.498756 -0.035733 2 1907_12.09_10.61.y+210kpc
-0.410037 -0.076158  0.364346 2 1959_11.83_10.09.y+210kpc
-0.391640  0.034214  0.367433 2 1967_11.87_10.11.y+210kpc
-0.171149 -0.082518  0.409237 2 2015_11.88_10.09.y+210kpc
-0.020270  0.017730  0.431897 2 2033_12.10_10.45.y+210kpc
-0.152054 -0.296009 -0.262602 2 37_12.12_10.62.y+250kpc
-0.290690 -0.207447 -0.419567 2 52_11.84_10.24.y+250kpc
-0.278938 -0.178879 -0.468488 2 68_11.77_9.789.y+250kpc
-0.048930 -0.289901 -0.376143 2 119_11.97_10.44.y+250kpc
-0.052742 -0.242486 -0.325352 2 152_11.89_10.30.y+250kpc
-0.103528 -0.296142 -0.266861 2 157_11.80_10.14.y+250kpc
-0.088113 -0.191186 -0.479334 2 186_11.89_9.962.y+250kpc
-0.024924 -0.240376 -0.250173 2 262_12.02_10.19.y+250kpc
 0.033515 -0.271933 -0.250395 2 338_12.04_10.00.y+250kpc
 0.073128 -0.265215 -0.232946 2 341_11.87_10.21.y+250kpc
 0.081063 -0.091504 -0.136480 2 363_12.00_10.39.y+250kpc
 0.307232 -0.489916 -0.263210 2 390_11.82_10.39.y+250kpc
 0.344128 -0.451847 -0.263509 2 395_12.17_10.41.y+250kpc
 0.185200 -0.437513 -0.148565 2 396_11.96_10.38.y+250kpc
 0.150537 -0.318009 -0.189137 2 400_11.78_9.918.y+250kpc
 0.352612 -0.376054 -0.394811 2 419_12.19_10.64.y+250kpc
 0.406761 -0.356809 -0.280262 2 462_11.96_10.37.y+250kpc
 0.378482 -0.307406 -0.392929 2 494_11.81_9.902.y+250kpc
 0.180683 -0.221135 -0.213594 2 527_11.82_9.752.y+250kpc
-0.312669  0.470038 -0.249371 2 606_11.93_10.28.y+250kpc
-0.133097  0.453165 -0.360604 2 612_11.78_10.23.y+250kpc
-0.197941  0.473499 -0.260425 2 631_12.10_10.63.y+250kpc
 0.088021  0.123381 -0.167049 2 649_12.06_10.58.y+250kpc
 0.139217 -0.039785 -0.324231 2 683_12.01_10.46.y+250kpc
 0.155575  0.048306 -0.460547 2 691_12.09_10.41.y+250kpc
 0.137326  0.151746 -0.151245 2 720_11.87_10.31.y+250kpc
 0.164602  0.303783 -0.232057 2 777_12.24_10.42.y+250kpc
 0.174110  0.326537 -0.227994 2 778_11.88_10.35.y+250kpc
 0.434508  0.359432 -0.361693 2 934_12.21_10.65.y+250kpc
 0.256845  0.341934 -0.245744 2 948_11.80_10.11.y+250kpc
 0.383135  0.365699 -0.238712 2 959_11.82_10.14.y+250kpc
 0.383117  0.385206 -0.318609 2 983_11.97_10.25.y+250kpc
 0.293368  0.431768 -0.198570 2 1114_12.21_10.61.y+250kpc
-0.379440 -0.413358 -0.018097 2 1156_12.06_10.55.y+250kpc
-0.269433 -0.313162  0.003851 2 1168_11.89_10.31.y+250kpc
-0.313732 -0.294112  0.059647 2 1196_11.85_10.24.y+250kpc
-0.344773 -0.286537  0.081123 2 1197_11.85_10.23.y+250kpc
-0.433599 -0.279467  0.148337 2 1201_11.78_10.15.y+250kpc
-0.366274 -0.437619  0.313363 2 1220_12.00_10.47.y+250kpc
-0.429637 -0.151205  0.361929 2 1327_11.75_9.848.y+250kpc
-0.340852 -0.163919  0.394139 2 1340_12.14_10.61.y+250kpc
-0.387092 -0.164035  0.425212 2 1342_11.75_9.936.y+250kpc
-0.189924 -0.280155 -0.019308 2 1372_12.06_10.42.y+250kpc
-0.129827 -0.452663  0.302416 2 1427_11.95_10.36.y+250kpc
-0.160195 -0.384617  0.307479 2 1435_11.76_10.09.y+250kpc
-0.183155 -0.206118  0.482233 2 1457_11.93_10.30.y+250kpc
-0.269061 -0.152023  0.424771 2 1481_11.86_10.23.y+250kpc
-0.232970 -0.176181  0.457684 2 1500_11.97_10.35.y+250kpc
-0.193245 -0.183772  0.462026 2 1505_12.00_10.43.y+250kpc
-0.032488 -0.352930  0.032114 2 1513_11.83_10.10.y+250kpc
 0.311438 -0.170016  0.100382 2 1549_11.76_10.35.y+250kpc
 0.362409 -0.150814  0.147743 2 1565_12.21_10.73.y+250kpc
 0.064413 -0.360493  0.243760 2 1566_11.88_10.41.y+250kpc
 0.375041 -0.133110  0.152016 2 1589_11.97_10.26.y+250kpc
 0.416105 -0.148942  0.201883 2 1623_12.02_10.44.y+250kpc
 0.088499 -0.334854  0.397494 2 1654_12.09_10.49.y+250kpc
 0.060897 -0.417454  0.472752 2 1656_11.82_10.37.y+250kpc
 0.352260 -0.265448  0.371650 2 1694_11.87_10.26.y+250kpc
 0.405180 -0.237882  0.357976 2 1698_12.08_10.59.y+250kpc
 0.397835 -0.210827  0.350373 2 1708_12.07_10.57.y+250kpc
 0.406709 -0.374013  0.499697 2 1719_11.91_10.37.y+250kpc
 0.409733 -0.207416  0.344985 2 1738_11.77_10.16.y+250kpc
 0.015281  0.047336 -0.118023 2 1777_12.08_10.41.y+250kpc
 0.032949  0.024249 -0.114180 2 1778_11.90_10.22.y+250kpc
-0.160557  0.048886  0.325243 2 1816_12.18_10.55.y+250kpc
-0.379315  0.385802 -0.089671 2 1823_11.98_10.57.y+250kpc
-0.343735  0.401405 -0.085076 2 1829_11.86_10.17.y+250kpc
-0.485010  0.437170 -0.059106 2 1839_11.98_10.54.y+250kpc
-0.008869  0.100330  0.096956 2 1868_11.97_10.28.y+250kpc
-0.024067  0.103437  0.139860 2 1879_11.84_10.41.y+250kpc
-0.215955 -0.497156 -0.035733 2 1907_12.09_10.61.y+250kpc
-0.410037 -0.074558  0.364346 2 1959_11.83_10.09.y+250kpc
-0.391640  0.035814  0.367433 2 1967_11.87_10.11.y+250kpc
-0.171149 -0.080918  0.409237 2 2015_11.88_10.09.y+250kpc
-0.020270  0.019330  0.431897 2 2033_12.10_10.45.y+250kpc
-0.152054 -0.294409 -0.262602 2 37_12.12_10.62.y+290kpc
-0.290690 -0.205847 -0.419567 2 52_11.84_10.24.y+290kpc
-0.278938 -0.177279 -0.468488 2 68_11.77_9.789.y+290kpc
-0.048930 -0.288301 -0.376143 2 119_11.97_10.44.y+290kpc
-0.052742 -0.240886 -0.325352 2 152_11.89_10.30.y+290kpc
-0.103528 -0.294542 -0.266861 2 157_11.80_10.14.y+290kpc
-0.088113 -0.189586 -0.479334 2 186_11.89_9.962.y+290kpc
-0.024924 -0.238776 -0.250173 2 262_12.02_10.19.y+290kpc
 0.033515 -0.270333 -0.250395 2 338_12.04_10.00.y+290kpc
 0.073128 -0.263615 -0.232946 2 341_11.87_10.21.y+290kpc
 0.081063 -0.089904 -0.136480 2 363_12.00_10.39.y+290kpc
 0.307232 -0.488316 -0.263210 2 390_11.82_10.39.y+290kpc
 0.344128 -0.450247 -0.263509 2 395_12.17_10.41.y+290kpc
 0.185200 -0.435913 -0.148565 2 396_11.96_10.38.y+290kpc
 0.150537 -0.316409 -0.189137 2 400_11.78_9.918.y+290kpc
 0.352612 -0.374454 -0.394811 2 419_12.19_10.64.y+290kpc
 0.406761 -0.355209 -0.280262 2 462_11.96_10.37.y+290kpc
 0.378482 -0.305806 -0.392929 2 494_11.81_9.902.y+290kpc
 0.180683 -0.219535 -0.213594 2 527_11.82_9.752.y+290kpc
-0.312669  0.471638 -0.249371 2 606_11.93_10.28.y+290kpc
-0.133097  0.454765 -0.360604 2 612_11.78_10.23.y+290kpc
-0.197941  0.475099 -0.260425 2 631_12.10_10.63.y+290kpc
 0.088021  0.124981 -0.167049 2 649_12.06_10.58.y+290kpc
 0.139217 -0.038185 -0.324231 2 683_12.01_10.46.y+290kpc
 0.155575  0.049906 -0.460547 2 691_12.09_10.41.y+290kpc
 0.137326  0.153346 -0.151245 2 720_11.87_10.31.y+290kpc
 0.164602  0.305383 -0.232057 2 777_12.24_10.42.y+290kpc
 0.174110  0.328137 -0.227994 2 778_11.88_10.35.y+290kpc
 0.434508  0.361032 -0.361693 2 934_12.21_10.65.y+290kpc
 0.256845  0.343534 -0.245744 2 948_11.80_10.11.y+290kpc
 0.383135  0.367299 -0.238712 2 959_11.82_10.14.y+290kpc
 0.383117  0.386806 -0.318609 2 983_11.97_10.25.y+290kpc
 0.293368  0.433368 -0.198570 2 1114_12.21_10.61.y+290kpc
-0.379440 -0.411758 -0.018097 2 1156_12.06_10.55.y+290kpc
-0.269433 -0.311562  0.003851 2 1168_11.89_10.31.y+290kpc
-0.313732 -0.292512  0.059647 2 1196_11.85_10.24.y+290kpc
-0.344773 -0.284937  0.081123 2 1197_11.85_10.23.y+290kpc
-0.433599 -0.277867  0.148337 2 1201_11.78_10.15.y+290kpc
-0.366274 -0.436019  0.313363 2 1220_12.00_10.47.y+290kpc
-0.429637 -0.149605  0.361929 2 1327_11.75_9.848.y+290kpc
-0.340852 -0.162319  0.394139 2 1340_12.14_10.61.y+290kpc
-0.387092 -0.162435  0.425212 2 1342_11.75_9.936.y+290kpc
-0.189924 -0.278555 -0.019308 2 1372_12.06_10.42.y+290kpc
-0.129827 -0.451063  0.302416 2 1427_11.95_10.36.y+290kpc
-0.160195 -0.383017  0.307479 2 1435_11.76_10.09.y+290kpc
-0.183155 -0.204518  0.482233 2 1457_11.93_10.30.y+290kpc
-0.269061 -0.150423  0.424771 2 1481_11.86_10.23.y+290kpc
-0.232970 -0.174581  0.457684 2 1500_11.97_10.35.y+290kpc
-0.193245 -0.182172  0.462026 2 1505_12.00_10.43.y+290kpc
-0.032488 -0.351330  0.032114 2 1513_11.83_10.10.y+290kpc
 0.311438 -0.168416  0.100382 2 1549_11.76_10.35.y+290kpc
 0.362409 -0.149214  0.147743 2 1565_12.21_10.73.y+290kpc
 0.064413 -0.358893  0.243760 2 1566_11.88_10.41.y+290kpc
 0.375041 -0.131510  0.152016 2 1589_11.97_10.26.y+290kpc
 0.416105 -0.147342  0.201883 2 1623_12.02_10.44.y+290kpc
 0.088499 -0.333254  0.397494 2 1654_12.09_10.49.y+290kpc
 0.060897 -0.415854  0.472752 2 1656_11.82_10.37.y+290kpc
 0.352260 -0.263848  0.371650 2 1694_11.87_10.26.y+290kpc
 0.405180 -0.236282  0.357976 2 1698_12.08_10.59.y+290kpc
 0.397835 -0.209227  0.350373 2 1708_12.07_10.57.y+290kpc
 0.406709 -0.372413  0.499697 2 1719_11.91_10.37.y+290kpc
 0.409733 -0.205816  0.344985 2 1738_11.77_10.16.y+290kpc
 0.015281  0.048936 -0.118023 2 1777_12.08_10.41.y+290kpc
 0.032949  0.025849 -0.114180 2 1778_11.90_10.22.y+290kpc
-0.160557  0.050486  0.325243 2 1816_12.18_10.55.y+290kpc
-0.379315  0.387402 -0.089671 2 1823_11.98_10.57.y+290kpc
-0.343735  0.403005 -0.085076 2 1829_11.86_10.17.y+290kpc
-0.485010  0.438770 -0.059106 2 1839_11.98_10.54.y+290kpc
-0.008869  0.101930  0.096956 2 1868_11.97_10.28.y+290kpc
-0.024067  0.105037  0.139860 2 1879_11.84_10.41.y+290kpc
-0.215955 -0.495556 -0.035733 2 1907_12.09_10.61.y+290kpc
-0.410037 -0.072958  0.364346 2 1959_11.83_10.09.y+290kpc
-0.391640  0.037414  0.367433 2 1967_11.87_10.11.y+290kpc
-0.171149 -0.079318  0.409237 2 2015_11.88_10.09.y+290kpc
-0.020270  0.020930  0.431897 2 2033_12.10_10.45.y+290kpc
