-0.057051 -0.298771 -0.294192 2 26_10.88_8.401.x-10kpc
-0.036064 -0.343693 -0.321426 2 35_10.97_8.441.x-10kpc
-0.457724 -0.354570 -0.253039 2 197_11.23_8.681.x-10kpc
-0.402849 -0.327001 -0.223713 2 252_11.14_8.654.x-10kpc
-0.492484 -0.383841  0.018592 2 267_10.94_8.871.x-10kpc
-0.198289 -0.477150 -0.070081 2 315_11.24_8.594.x-10kpc
-0.313682 -0.328036  0.031479 2 373_10.89_8.791.x-10kpc
-0.160149 -0.204615 -0.484544 2 561_10.80_8.481.x-10kpc
-0.244932 -0.237328 -0.396779 2 700_11.20_8.320.x-10kpc
-0.163195 -0.271029 -0.021604 2 742_10.90_8.758.x-10kpc
-0.172870 -0.274458  0.013468 2 749_10.80_8.400.x-10kpc
-0.166863 -0.199734 -0.373156 2 956_10.91_8.480.x-10kpc
-0.492930 -0.080301 -0.388404 2 1006_11.18_8.375.x-10kpc
-0.306042  0.007607 -0.228559 2 1028_10.96_8.632.x-10kpc
 0.012674 -0.179083 -0.193808 2 1065_10.86_8.303.x-10kpc
-0.464222  0.360319 -0.446244 2 1127_11.19_8.561.x-10kpc
-0.395793  0.298721 -0.127896 2 1187_10.97_8.377.x-10kpc
-0.190037  0.167906 -0.349919 2 1197_11.12_9.221.x-10kpc
-0.141050  0.352407  0.052038 2 1237_10.91_8.415.x-10kpc
-0.183349  0.436214 -0.347454 2 1296_11.02_8.661.x-10kpc
-0.424439  0.475776 -0.195469 2 1376_11.03_8.535.x-10kpc
-0.288394  0.465758 -0.252371 2 1436_11.13_8.701.x-10kpc
-0.185901  0.406012 -0.052259 2 1461_11.15_8.921.x-10kpc
-0.385425 -0.317943  0.111265 2 1473_11.21_9.244.x-10kpc
-0.412361 -0.482884  0.390788 2 1603_10.95_8.704.x-10kpc
-0.471401 -0.469915  0.422529 2 1610_11.08_8.715.x-10kpc
-0.310000 -0.499471  0.176377 2 1681_11.17_9.155.x-10kpc
-0.288593 -0.261870  0.336645 2 1728_10.89_8.490.x-10kpc
-0.293054 -0.220579  0.366622 2 1733_10.90_8.446.x-10kpc
-0.210488 -0.244741  0.115007 2 1795_10.85_8.437.x-10kpc
-0.233469 -0.361572  0.264312 2 1822_11.08_8.355.x-10kpc
-0.098853 -0.282195  0.192721 2 1874_11.10_8.368.x-10kpc
 0.035919 -0.290465  0.269159 2 1880_10.84_8.618.x-10kpc
 0.031336 -0.457274  0.395220 2 1957_11.23_8.523.x-10kpc
-0.185438 -0.194324  0.474636 2 2016_11.01_8.418.x-10kpc
-0.466466 -0.153792  0.330813 2 2042_10.94_8.522.x-10kpc
-0.391322 -0.158553  0.378499 2 2180_11.09_8.485.x-10kpc
-0.385420 -0.041715  0.411572 2 2210_10.88_8.303.x-10kpc
 0.009784 -0.060497  0.212831 2 2255_10.86_8.686.x-10kpc
-0.085048 -0.049758  0.409543 2 2402_11.21_8.320.x-10kpc
-0.351444  0.092849  0.387699 2 2492_10.80_8.377.x-10kpc
-0.315552  0.326893  0.237768 2 2533_10.87_8.396.x-10kpc
-0.273748  0.359522  0.221103 2 2538_10.93_8.359.x-10kpc
-0.360171  0.433674  0.133725 2 2560_10.99_8.531.x-10kpc
-0.345661  0.464733  0.320272 2 2570_10.85_8.384.x-10kpc
-0.357967  0.290768  0.426059 2 2618_10.86_8.318.x-10kpc
-0.359857  0.499083  0.462297 2 2663_11.14_8.729.x-10kpc
-0.179342  0.156751  0.325283 2 2724_11.04_9.160.x-10kpc
-0.123328  0.044328  0.370066 2 2798_10.78_8.354.x-10kpc
-0.070853  0.445044  0.232189 2 2871_10.83_8.326.x-10kpc
-0.108502  0.362876  0.280138 2 2890_10.99_8.469.x-10kpc
 0.015280  0.301715  0.490891 2 2954_11.08_8.950.x-10kpc
 0.037282 -0.411778 -0.280934 2 3001_10.88_8.656.x-10kpc
 0.283810 -0.436326 -0.369440 2 3019_11.17_8.795.x-10kpc
 0.399078 -0.428619 -0.469639 2 3131_11.17_8.467.x-10kpc
 0.478794 -0.321184 -0.263886 2 3208_10.97_8.373.x-10kpc
 0.118695 -0.210833 -0.209150 2 3229_11.14_8.633.x-10kpc
 0.132576 -0.068370 -0.325354 2 3252_11.04_8.396.x-10kpc
 0.185776 -0.268990 -0.217617 2 3311_10.96_8.407.x-10kpc
 0.404076 -0.234454 -0.410181 2 3376_11.16_8.314.x-10kpc
 0.405995 -0.196747 -0.437451 2 3396_11.00_8.445.x-10kpc
 0.148050  0.024897 -0.448926 2 3439_10.89_8.766.x-10kpc
 0.157802  0.068367 -0.452669 2 3463_10.82_8.319.x-10kpc
 0.142578  0.294414 -0.431397 2 3573_10.98_8.635.x-10kpc
 0.168305  0.366396 -0.223856 2 3616_11.03_8.998.x-10kpc
 0.428522  0.073232 -0.254805 2 3710_10.97_8.767.x-10kpc
 0.186991  0.180874 -0.427465 2 3729_11.07_8.469.x-10kpc
 0.387085  0.217265 -0.377807 2 3747_10.85_8.370.x-10kpc
 0.406262  0.118170 -0.434243 2 3758_11.09_9.230.x-10kpc
 0.435820  0.321574 -0.335914 2 3793_11.20_8.887.x-10kpc
 0.122464  0.439437 -0.259996 2 4054_11.07_8.443.x-10kpc
 0.166867  0.400685 -0.240517 2 4100_11.01_8.714.x-10kpc
 0.260090  0.437424 -0.355761 2 4207_11.06_8.525.x-10kpc
 0.256203  0.410185 -0.249742 2 4327_11.15_8.514.x-10kpc
 0.321615  0.494175 -0.253540 2 4377_11.07_8.561.x-10kpc
-0.058651 -0.298771 -0.294192 2 26_10.88_8.401.x-50kpc
-0.037664 -0.343693 -0.321426 2 35_10.97_8.441.x-50kpc
-0.459324 -0.354570 -0.253039 2 197_11.23_8.681.x-50kpc
-0.404449 -0.327001 -0.223713 2 252_11.14_8.654.x-50kpc
-0.494084 -0.383841  0.018592 2 267_10.94_8.871.x-50kpc
-0.199889 -0.477150 -0.070081 2 315_11.24_8.594.x-50kpc
-0.315282 -0.328036  0.031479 2 373_10.89_8.791.x-50kpc
-0.161749 -0.204615 -0.484544 2 561_10.80_8.481.x-50kpc
-0.246532 -0.237328 -0.396779 2 700_11.20_8.320.x-50kpc
-0.164795 -0.271029 -0.021604 2 742_10.90_8.758.x-50kpc
-0.174470 -0.274458  0.013468 2 749_10.80_8.400.x-50kpc
-0.168463 -0.199734 -0.373156 2 956_10.91_8.480.x-50kpc
-0.494530 -0.080301 -0.388404 2 1006_11.18_8.375.x-50kpc
-0.307642  0.007607 -0.228559 2 1028_10.96_8.632.x-50kpc
 0.011074 -0.179083 -0.193808 2 1065_10.86_8.303.x-50kpc
-0.465822  0.360319 -0.446244 2 1127_11.19_8.561.x-50kpc
-0.397393  0.298721 -0.127896 2 1187_10.97_8.377.x-50kpc
-0.191637  0.167906 -0.349919 2 1197_11.12_9.221.x-50kpc
-0.142650  0.352407  0.052038 2 1237_10.91_8.415.x-50kpc
-0.184949  0.436214 -0.347454 2 1296_11.02_8.661.x-50kpc
-0.426039  0.475776 -0.195469 2 1376_11.03_8.535.x-50kpc
-0.289994  0.465758 -0.252371 2 1436_11.13_8.701.x-50kpc
-0.187501  0.406012 -0.052259 2 1461_11.15_8.921.x-50kpc
-0.387025 -0.317943  0.111265 2 1473_11.21_9.244.x-50kpc
-0.413961 -0.482884  0.390788 2 1603_10.95_8.704.x-50kpc
-0.473001 -0.469915  0.422529 2 1610_11.08_8.715.x-50kpc
-0.311600 -0.499471  0.176377 2 1681_11.17_9.155.x-50kpc
-0.290193 -0.261870  0.336645 2 1728_10.89_8.490.x-50kpc
-0.294654 -0.220579  0.366622 2 1733_10.90_8.446.x-50kpc
-0.212088 -0.244741  0.115007 2 1795_10.85_8.437.x-50kpc
-0.235069 -0.361572  0.264312 2 1822_11.08_8.355.x-50kpc
-0.100453 -0.282195  0.192721 2 1874_11.10_8.368.x-50kpc
 0.034319 -0.290465  0.269159 2 1880_10.84_8.618.x-50kpc
 0.029736 -0.457274  0.395220 2 1957_11.23_8.523.x-50kpc
-0.187038 -0.194324  0.474636 2 2016_11.01_8.418.x-50kpc
-0.468066 -0.153792  0.330813 2 2042_10.94_8.522.x-50kpc
-0.392922 -0.158553  0.378499 2 2180_11.09_8.485.x-50kpc
-0.387020 -0.041715  0.411572 2 2210_10.88_8.303.x-50kpc
 0.008184 -0.060497  0.212831 2 2255_10.86_8.686.x-50kpc
-0.086648 -0.049758  0.409543 2 2402_11.21_8.320.x-50kpc
-0.353044  0.092849  0.387699 2 2492_10.80_8.377.x-50kpc
-0.317152  0.326893  0.237768 2 2533_10.87_8.396.x-50kpc
-0.275348  0.359522  0.221103 2 2538_10.93_8.359.x-50kpc
-0.361771  0.433674  0.133725 2 2560_10.99_8.531.x-50kpc
-0.347261  0.464733  0.320272 2 2570_10.85_8.384.x-50kpc
-0.359567  0.290768  0.426059 2 2618_10.86_8.318.x-50kpc
-0.361457  0.499083  0.462297 2 2663_11.14_8.729.x-50kpc
-0.180942  0.156751  0.325283 2 2724_11.04_9.160.x-50kpc
-0.124928  0.044328  0.370066 2 2798_10.78_8.354.x-50kpc
-0.072453  0.445044  0.232189 2 2871_10.83_8.326.x-50kpc
-0.110102  0.362876  0.280138 2 2890_10.99_8.469.x-50kpc
 0.013680  0.301715  0.490891 2 2954_11.08_8.950.x-50kpc
 0.035681 -0.411778 -0.280934 2 3001_10.88_8.656.x-50kpc
 0.282210 -0.436326 -0.369440 2 3019_11.17_8.795.x-50kpc
 0.397478 -0.428619 -0.469639 2 3131_11.17_8.467.x-50kpc
 0.477194 -0.321184 -0.263886 2 3208_10.97_8.373.x-50kpc
 0.117095 -0.210833 -0.209150 2 3229_11.14_8.633.x-50kpc
 0.130976 -0.068370 -0.325354 2 3252_11.04_8.396.x-50kpc
 0.184176 -0.268990 -0.217617 2 3311_10.96_8.407.x-50kpc
 0.402476 -0.234454 -0.410181 2 3376_11.16_8.314.x-50kpc
 0.404395 -0.196747 -0.437451 2 3396_11.00_8.445.x-50kpc
 0.146450  0.024897 -0.448926 2 3439_10.89_8.766.x-50kpc
 0.156202  0.068367 -0.452669 2 3463_10.82_8.319.x-50kpc
 0.140978  0.294414 -0.431397 2 3573_10.98_8.635.x-50kpc
 0.166705  0.366396 -0.223856 2 3616_11.03_8.998.x-50kpc
 0.426922  0.073232 -0.254805 2 3710_10.97_8.767.x-50kpc
 0.185391  0.180874 -0.427465 2 3729_11.07_8.469.x-50kpc
 0.385485  0.217265 -0.377807 2 3747_10.85_8.370.x-50kpc
 0.404662  0.118170 -0.434243 2 3758_11.09_9.230.x-50kpc
 0.434220  0.321574 -0.335914 2 3793_11.20_8.887.x-50kpc
 0.120864  0.439437 -0.259996 2 4054_11.07_8.443.x-50kpc
 0.165267  0.400685 -0.240517 2 4100_11.01_8.714.x-50kpc
 0.258490  0.437424 -0.355761 2 4207_11.06_8.525.x-50kpc
 0.254603  0.410185 -0.249742 2 4327_11.15_8.514.x-50kpc
 0.320015  0.494175 -0.253540 2 4377_11.07_8.561.x-50kpc
-0.060251 -0.298771 -0.294192 2 26_10.88_8.401.x-90kpc
-0.039264 -0.343693 -0.321426 2 35_10.97_8.441.x-90kpc
-0.460924 -0.354570 -0.253039 2 197_11.23_8.681.x-90kpc
-0.406049 -0.327001 -0.223713 2 252_11.14_8.654.x-90kpc
-0.495684 -0.383841  0.018592 2 267_10.94_8.871.x-90kpc
-0.201489 -0.477150 -0.070081 2 315_11.24_8.594.x-90kpc
-0.316882 -0.328036  0.031479 2 373_10.89_8.791.x-90kpc
-0.163349 -0.204615 -0.484544 2 561_10.80_8.481.x-90kpc
-0.248132 -0.237328 -0.396779 2 700_11.20_8.320.x-90kpc
-0.166395 -0.271029 -0.021604 2 742_10.90_8.758.x-90kpc
-0.176070 -0.274458  0.013468 2 749_10.80_8.400.x-90kpc
-0.170063 -0.199734 -0.373156 2 956_10.91_8.480.x-90kpc
-0.496130 -0.080301 -0.388404 2 1006_11.18_8.375.x-90kpc
-0.309242  0.007607 -0.228559 2 1028_10.96_8.632.x-90kpc
 0.009474 -0.179083 -0.193808 2 1065_10.86_8.303.x-90kpc
-0.467422  0.360319 -0.446244 2 1127_11.19_8.561.x-90kpc
-0.398993  0.298721 -0.127896 2 1187_10.97_8.377.x-90kpc
-0.193237  0.167906 -0.349919 2 1197_11.12_9.221.x-90kpc
-0.144250  0.352407  0.052038 2 1237_10.91_8.415.x-90kpc
-0.186549  0.436214 -0.347454 2 1296_11.02_8.661.x-90kpc
-0.427639  0.475776 -0.195469 2 1376_11.03_8.535.x-90kpc
-0.291594  0.465758 -0.252371 2 1436_11.13_8.701.x-90kpc
-0.189101  0.406012 -0.052259 2 1461_11.15_8.921.x-90kpc
-0.388625 -0.317943  0.111265 2 1473_11.21_9.244.x-90kpc
-0.415561 -0.482884  0.390788 2 1603_10.95_8.704.x-90kpc
-0.474601 -0.469915  0.422529 2 1610_11.08_8.715.x-90kpc
-0.313200 -0.499471  0.176377 2 1681_11.17_9.155.x-90kpc
-0.291793 -0.261870  0.336645 2 1728_10.89_8.490.x-90kpc
-0.296254 -0.220579  0.366622 2 1733_10.90_8.446.x-90kpc
-0.213688 -0.244741  0.115007 2 1795_10.85_8.437.x-90kpc
-0.236669 -0.361572  0.264312 2 1822_11.08_8.355.x-90kpc
-0.102053 -0.282195  0.192721 2 1874_11.10_8.368.x-90kpc
 0.032719 -0.290465  0.269159 2 1880_10.84_8.618.x-90kpc
 0.028136 -0.457274  0.395220 2 1957_11.23_8.523.x-90kpc
-0.188638 -0.194324  0.474636 2 2016_11.01_8.418.x-90kpc
-0.469666 -0.153792  0.330813 2 2042_10.94_8.522.x-90kpc
-0.394522 -0.158553  0.378499 2 2180_11.09_8.485.x-90kpc
-0.388620 -0.041715  0.411572 2 2210_10.88_8.303.x-90kpc
 0.006584 -0.060497  0.212831 2 2255_10.86_8.686.x-90kpc
-0.088248 -0.049758  0.409543 2 2402_11.21_8.320.x-90kpc
-0.354644  0.092849  0.387699 2 2492_10.80_8.377.x-90kpc
-0.318752  0.326893  0.237768 2 2533_10.87_8.396.x-90kpc
-0.276948  0.359522  0.221103 2 2538_10.93_8.359.x-90kpc
-0.363371  0.433674  0.133725 2 2560_10.99_8.531.x-90kpc
-0.348861  0.464733  0.320272 2 2570_10.85_8.384.x-90kpc
-0.361167  0.290768  0.426059 2 2618_10.86_8.318.x-90kpc
-0.363057  0.499083  0.462297 2 2663_11.14_8.729.x-90kpc
-0.182542  0.156751  0.325283 2 2724_11.04_9.160.x-90kpc
-0.126528  0.044328  0.370066 2 2798_10.78_8.354.x-90kpc
-0.074053  0.445044  0.232189 2 2871_10.83_8.326.x-90kpc
-0.111702  0.362876  0.280138 2 2890_10.99_8.469.x-90kpc
 0.012080  0.301715  0.490891 2 2954_11.08_8.950.x-90kpc
 0.034082 -0.411778 -0.280934 2 3001_10.88_8.656.x-90kpc
 0.280610 -0.436326 -0.369440 2 3019_11.17_8.795.x-90kpc
 0.395878 -0.428619 -0.469639 2 3131_11.17_8.467.x-90kpc
 0.475594 -0.321184 -0.263886 2 3208_10.97_8.373.x-90kpc
 0.115495 -0.210833 -0.209150 2 3229_11.14_8.633.x-90kpc
 0.129376 -0.068370 -0.325354 2 3252_11.04_8.396.x-90kpc
 0.182576 -0.268990 -0.217617 2 3311_10.96_8.407.x-90kpc
 0.400876 -0.234454 -0.410181 2 3376_11.16_8.314.x-90kpc
 0.402795 -0.196747 -0.437451 2 3396_11.00_8.445.x-90kpc
 0.144850  0.024897 -0.448926 2 3439_10.89_8.766.x-90kpc
 0.154602  0.068367 -0.452669 2 3463_10.82_8.319.x-90kpc
 0.139378  0.294414 -0.431397 2 3573_10.98_8.635.x-90kpc
 0.165105  0.366396 -0.223856 2 3616_11.03_8.998.x-90kpc
 0.425322  0.073232 -0.254805 2 3710_10.97_8.767.x-90kpc
 0.183791  0.180874 -0.427465 2 3729_11.07_8.469.x-90kpc
 0.383885  0.217265 -0.377807 2 3747_10.85_8.370.x-90kpc
 0.403062  0.118170 -0.434243 2 3758_11.09_9.230.x-90kpc
 0.432620  0.321574 -0.335914 2 3793_11.20_8.887.x-90kpc
 0.119264  0.439437 -0.259996 2 4054_11.07_8.443.x-90kpc
 0.163667  0.400685 -0.240517 2 4100_11.01_8.714.x-90kpc
 0.256890  0.437424 -0.355761 2 4207_11.06_8.525.x-90kpc
 0.253003  0.410185 -0.249742 2 4327_11.15_8.514.x-90kpc
 0.318415  0.494175 -0.253540 2 4377_11.07_8.561.x-90kpc
-0.061851 -0.298771 -0.294192 2 26_10.88_8.401.x-130kpc
-0.040864 -0.343693 -0.321426 2 35_10.97_8.441.x-130kpc
-0.462524 -0.354570 -0.253039 2 197_11.23_8.681.x-130kpc
-0.407649 -0.327001 -0.223713 2 252_11.14_8.654.x-130kpc
-0.497284 -0.383841  0.018592 2 267_10.94_8.871.x-130kpc
-0.203089 -0.477150 -0.070081 2 315_11.24_8.594.x-130kpc
-0.318482 -0.328036  0.031479 2 373_10.89_8.791.x-130kpc
-0.164949 -0.204615 -0.484544 2 561_10.80_8.481.x-130kpc
-0.249732 -0.237328 -0.396779 2 700_11.20_8.320.x-130kpc
-0.167995 -0.271029 -0.021604 2 742_10.90_8.758.x-130kpc
-0.177670 -0.274458  0.013468 2 749_10.80_8.400.x-130kpc
-0.171663 -0.199734 -0.373156 2 956_10.91_8.480.x-130kpc
-0.497730 -0.080301 -0.388404 2 1006_11.18_8.375.x-130kpc
-0.310842  0.007607 -0.228559 2 1028_10.96_8.632.x-130kpc
 0.007874 -0.179083 -0.193808 2 1065_10.86_8.303.x-130kpc
-0.469022  0.360319 -0.446244 2 1127_11.19_8.561.x-130kpc
-0.400593  0.298721 -0.127896 2 1187_10.97_8.377.x-130kpc
-0.194837  0.167906 -0.349919 2 1197_11.12_9.221.x-130kpc
-0.145850  0.352407  0.052038 2 1237_10.91_8.415.x-130kpc
-0.188149  0.436214 -0.347454 2 1296_11.02_8.661.x-130kpc
-0.429239  0.475776 -0.195469 2 1376_11.03_8.535.x-130kpc
-0.293194  0.465758 -0.252371 2 1436_11.13_8.701.x-130kpc
-0.190701  0.406012 -0.052259 2 1461_11.15_8.921.x-130kpc
-0.390225 -0.317943  0.111265 2 1473_11.21_9.244.x-130kpc
-0.417161 -0.482884  0.390788 2 1603_10.95_8.704.x-130kpc
-0.476201 -0.469915  0.422529 2 1610_11.08_8.715.x-130kpc
-0.314800 -0.499471  0.176377 2 1681_11.17_9.155.x-130kpc
-0.293393 -0.261870  0.336645 2 1728_10.89_8.490.x-130kpc
-0.297854 -0.220579  0.366622 2 1733_10.90_8.446.x-130kpc
-0.215288 -0.244741  0.115007 2 1795_10.85_8.437.x-130kpc
-0.238269 -0.361572  0.264312 2 1822_11.08_8.355.x-130kpc
-0.103653 -0.282195  0.192721 2 1874_11.10_8.368.x-130kpc
 0.031119 -0.290465  0.269159 2 1880_10.84_8.618.x-130kpc
 0.026536 -0.457274  0.395220 2 1957_11.23_8.523.x-130kpc
-0.190238 -0.194324  0.474636 2 2016_11.01_8.418.x-130kpc
-0.471266 -0.153792  0.330813 2 2042_10.94_8.522.x-130kpc
-0.396122 -0.158553  0.378499 2 2180_11.09_8.485.x-130kpc
-0.390220 -0.041715  0.411572 2 2210_10.88_8.303.x-130kpc
 0.004984 -0.060497  0.212831 2 2255_10.86_8.686.x-130kpc
-0.089848 -0.049758  0.409543 2 2402_11.21_8.320.x-130kpc
-0.356244  0.092849  0.387699 2 2492_10.80_8.377.x-130kpc
-0.320352  0.326893  0.237768 2 2533_10.87_8.396.x-130kpc
-0.278548  0.359522  0.221103 2 2538_10.93_8.359.x-130kpc
-0.364971  0.433674  0.133725 2 2560_10.99_8.531.x-130kpc
-0.350461  0.464733  0.320272 2 2570_10.85_8.384.x-130kpc
-0.362767  0.290768  0.426059 2 2618_10.86_8.318.x-130kpc
-0.364657  0.499083  0.462297 2 2663_11.14_8.729.x-130kpc
-0.184142  0.156751  0.325283 2 2724_11.04_9.160.x-130kpc
-0.128128  0.044328  0.370066 2 2798_10.78_8.354.x-130kpc
-0.075653  0.445044  0.232189 2 2871_10.83_8.326.x-130kpc
-0.113302  0.362876  0.280138 2 2890_10.99_8.469.x-130kpc
 0.010480  0.301715  0.490891 2 2954_11.08_8.950.x-130kpc
 0.032481 -0.411778 -0.280934 2 3001_10.88_8.656.x-130kpc
 0.279010 -0.436326 -0.369440 2 3019_11.17_8.795.x-130kpc
 0.394278 -0.428619 -0.469639 2 3131_11.17_8.467.x-130kpc
 0.473994 -0.321184 -0.263886 2 3208_10.97_8.373.x-130kpc
 0.113895 -0.210833 -0.209150 2 3229_11.14_8.633.x-130kpc
 0.127776 -0.068370 -0.325354 2 3252_11.04_8.396.x-130kpc
 0.180976 -0.268990 -0.217617 2 3311_10.96_8.407.x-130kpc
 0.399276 -0.234454 -0.410181 2 3376_11.16_8.314.x-130kpc
 0.401195 -0.196747 -0.437451 2 3396_11.00_8.445.x-130kpc
 0.143250  0.024897 -0.448926 2 3439_10.89_8.766.x-130kpc
 0.153002  0.068367 -0.452669 2 3463_10.82_8.319.x-130kpc
 0.137778  0.294414 -0.431397 2 3573_10.98_8.635.x-130kpc
 0.163505  0.366396 -0.223856 2 3616_11.03_8.998.x-130kpc
 0.423722  0.073232 -0.254805 2 3710_10.97_8.767.x-130kpc
 0.182191  0.180874 -0.427465 2 3729_11.07_8.469.x-130kpc
 0.382285  0.217265 -0.377807 2 3747_10.85_8.370.x-130kpc
 0.401462  0.118170 -0.434243 2 3758_11.09_9.230.x-130kpc
 0.431020  0.321574 -0.335914 2 3793_11.20_8.887.x-130kpc
 0.117664  0.439437 -0.259996 2 4054_11.07_8.443.x-130kpc
 0.162067  0.400685 -0.240517 2 4100_11.01_8.714.x-130kpc
 0.255290  0.437424 -0.355761 2 4207_11.06_8.525.x-130kpc
 0.251403  0.410185 -0.249742 2 4327_11.15_8.514.x-130kpc
 0.316815  0.494175 -0.253540 2 4377_11.07_8.561.x-130kpc
-0.063451 -0.298771 -0.294192 2 26_10.88_8.401.x-170kpc
-0.042464 -0.343693 -0.321426 2 35_10.97_8.441.x-170kpc
-0.464124 -0.354570 -0.253039 2 197_11.23_8.681.x-170kpc
-0.409249 -0.327001 -0.223713 2 252_11.14_8.654.x-170kpc
-0.498884 -0.383841  0.018592 2 267_10.94_8.871.x-170kpc
-0.204689 -0.477150 -0.070081 2 315_11.24_8.594.x-170kpc
-0.320082 -0.328036  0.031479 2 373_10.89_8.791.x-170kpc
-0.166549 -0.204615 -0.484544 2 561_10.80_8.481.x-170kpc
-0.251332 -0.237328 -0.396779 2 700_11.20_8.320.x-170kpc
-0.169595 -0.271029 -0.021604 2 742_10.90_8.758.x-170kpc
-0.179270 -0.274458  0.013468 2 749_10.80_8.400.x-170kpc
-0.173263 -0.199734 -0.373156 2 956_10.91_8.480.x-170kpc
-0.499330 -0.080301 -0.388404 2 1006_11.18_8.375.x-170kpc
-0.312442  0.007607 -0.228559 2 1028_10.96_8.632.x-170kpc
 0.006274 -0.179083 -0.193808 2 1065_10.86_8.303.x-170kpc
-0.470622  0.360319 -0.446244 2 1127_11.19_8.561.x-170kpc
-0.402193  0.298721 -0.127896 2 1187_10.97_8.377.x-170kpc
-0.196437  0.167906 -0.349919 2 1197_11.12_9.221.x-170kpc
-0.147450  0.352407  0.052038 2 1237_10.91_8.415.x-170kpc
-0.189749  0.436214 -0.347454 2 1296_11.02_8.661.x-170kpc
-0.430839  0.475776 -0.195469 2 1376_11.03_8.535.x-170kpc
-0.294794  0.465758 -0.252371 2 1436_11.13_8.701.x-170kpc
-0.192301  0.406012 -0.052259 2 1461_11.15_8.921.x-170kpc
-0.391825 -0.317943  0.111265 2 1473_11.21_9.244.x-170kpc
-0.418761 -0.482884  0.390788 2 1603_10.95_8.704.x-170kpc
-0.477801 -0.469915  0.422529 2 1610_11.08_8.715.x-170kpc
-0.316400 -0.499471  0.176377 2 1681_11.17_9.155.x-170kpc
-0.294993 -0.261870  0.336645 2 1728_10.89_8.490.x-170kpc
-0.299454 -0.220579  0.366622 2 1733_10.90_8.446.x-170kpc
-0.216888 -0.244741  0.115007 2 1795_10.85_8.437.x-170kpc
-0.239869 -0.361572  0.264312 2 1822_11.08_8.355.x-170kpc
-0.105253 -0.282195  0.192721 2 1874_11.10_8.368.x-170kpc
 0.029519 -0.290465  0.269159 2 1880_10.84_8.618.x-170kpc
 0.024936 -0.457274  0.395220 2 1957_11.23_8.523.x-170kpc
-0.191838 -0.194324  0.474636 2 2016_11.01_8.418.x-170kpc
-0.472866 -0.153792  0.330813 2 2042_10.94_8.522.x-170kpc
-0.397722 -0.158553  0.378499 2 2180_11.09_8.485.x-170kpc
-0.391820 -0.041715  0.411572 2 2210_10.88_8.303.x-170kpc
 0.003384 -0.060497  0.212831 2 2255_10.86_8.686.x-170kpc
-0.091448 -0.049758  0.409543 2 2402_11.21_8.320.x-170kpc
-0.357844  0.092849  0.387699 2 2492_10.80_8.377.x-170kpc
-0.321952  0.326893  0.237768 2 2533_10.87_8.396.x-170kpc
-0.280148  0.359522  0.221103 2 2538_10.93_8.359.x-170kpc
-0.366571  0.433674  0.133725 2 2560_10.99_8.531.x-170kpc
-0.352061  0.464733  0.320272 2 2570_10.85_8.384.x-170kpc
-0.364367  0.290768  0.426059 2 2618_10.86_8.318.x-170kpc
-0.366257  0.499083  0.462297 2 2663_11.14_8.729.x-170kpc
-0.185742  0.156751  0.325283 2 2724_11.04_9.160.x-170kpc
-0.129728  0.044328  0.370066 2 2798_10.78_8.354.x-170kpc
-0.077253  0.445044  0.232189 2 2871_10.83_8.326.x-170kpc
-0.114902  0.362876  0.280138 2 2890_10.99_8.469.x-170kpc
 0.008880  0.301715  0.490891 2 2954_11.08_8.950.x-170kpc
 0.030881 -0.411778 -0.280934 2 3001_10.88_8.656.x-170kpc
 0.277410 -0.436326 -0.369440 2 3019_11.17_8.795.x-170kpc
 0.392678 -0.428619 -0.469639 2 3131_11.17_8.467.x-170kpc
 0.472394 -0.321184 -0.263886 2 3208_10.97_8.373.x-170kpc
 0.112295 -0.210833 -0.209150 2 3229_11.14_8.633.x-170kpc
 0.126176 -0.068370 -0.325354 2 3252_11.04_8.396.x-170kpc
 0.179376 -0.268990 -0.217617 2 3311_10.96_8.407.x-170kpc
 0.397676 -0.234454 -0.410181 2 3376_11.16_8.314.x-170kpc
 0.399595 -0.196747 -0.437451 2 3396_11.00_8.445.x-170kpc
 0.141650  0.024897 -0.448926 2 3439_10.89_8.766.x-170kpc
 0.151402  0.068367 -0.452669 2 3463_10.82_8.319.x-170kpc
 0.136178  0.294414 -0.431397 2 3573_10.98_8.635.x-170kpc
 0.161905  0.366396 -0.223856 2 3616_11.03_8.998.x-170kpc
 0.422122  0.073232 -0.254805 2 3710_10.97_8.767.x-170kpc
 0.180591  0.180874 -0.427465 2 3729_11.07_8.469.x-170kpc
 0.380685  0.217265 -0.377807 2 3747_10.85_8.370.x-170kpc
 0.399862  0.118170 -0.434243 2 3758_11.09_9.230.x-170kpc
 0.429420  0.321574 -0.335914 2 3793_11.20_8.887.x-170kpc
 0.116064  0.439437 -0.259996 2 4054_11.07_8.443.x-170kpc
 0.160467  0.400685 -0.240517 2 4100_11.01_8.714.x-170kpc
 0.253690  0.437424 -0.355761 2 4207_11.06_8.525.x-170kpc
 0.249803  0.410185 -0.249742 2 4327_11.15_8.514.x-170kpc
 0.315215  0.494175 -0.253540 2 4377_11.07_8.561.x-170kpc
-0.065051 -0.298771 -0.294192 2 26_10.88_8.401.x-210kpc
-0.044064 -0.343693 -0.321426 2 35_10.97_8.441.x-210kpc
-0.465724 -0.354570 -0.253039 2 197_11.23_8.681.x-210kpc
-0.410849 -0.327001 -0.223713 2 252_11.14_8.654.x-210kpc
 0.499516 -0.383841  0.018592 2 267_10.94_8.871.x-210kpc
-0.206289 -0.477150 -0.070081 2 315_11.24_8.594.x-210kpc
-0.321682 -0.328036  0.031479 2 373_10.89_8.791.x-210kpc
-0.168149 -0.204615 -0.484544 2 561_10.80_8.481.x-210kpc
-0.252932 -0.237328 -0.396779 2 700_11.20_8.320.x-210kpc
-0.171195 -0.271029 -0.021604 2 742_10.90_8.758.x-210kpc
-0.180870 -0.274458  0.013468 2 749_10.80_8.400.x-210kpc
-0.174863 -0.199734 -0.373156 2 956_10.91_8.480.x-210kpc
 0.499070 -0.080301 -0.388404 2 1006_11.18_8.375.x-210kpc
-0.314042  0.007607 -0.228559 2 1028_10.96_8.632.x-210kpc
 0.004674 -0.179083 -0.193808 2 1065_10.86_8.303.x-210kpc
-0.472222  0.360319 -0.446244 2 1127_11.19_8.561.x-210kpc
-0.403793  0.298721 -0.127896 2 1187_10.97_8.377.x-210kpc
-0.198037  0.167906 -0.349919 2 1197_11.12_9.221.x-210kpc
-0.149050  0.352407  0.052038 2 1237_10.91_8.415.x-210kpc
-0.191349  0.436214 -0.347454 2 1296_11.02_8.661.x-210kpc
-0.432439  0.475776 -0.195469 2 1376_11.03_8.535.x-210kpc
-0.296394  0.465758 -0.252371 2 1436_11.13_8.701.x-210kpc
-0.193901  0.406012 -0.052259 2 1461_11.15_8.921.x-210kpc
-0.393425 -0.317943  0.111265 2 1473_11.21_9.244.x-210kpc
-0.420361 -0.482884  0.390788 2 1603_10.95_8.704.x-210kpc
-0.479401 -0.469915  0.422529 2 1610_11.08_8.715.x-210kpc
-0.318000 -0.499471  0.176377 2 1681_11.17_9.155.x-210kpc
-0.296593 -0.261870  0.336645 2 1728_10.89_8.490.x-210kpc
-0.301054 -0.220579  0.366622 2 1733_10.90_8.446.x-210kpc
-0.218488 -0.244741  0.115007 2 1795_10.85_8.437.x-210kpc
-0.241469 -0.361572  0.264312 2 1822_11.08_8.355.x-210kpc
-0.106853 -0.282195  0.192721 2 1874_11.10_8.368.x-210kpc
 0.027919 -0.290465  0.269159 2 1880_10.84_8.618.x-210kpc
 0.023336 -0.457274  0.395220 2 1957_11.23_8.523.x-210kpc
-0.193438 -0.194324  0.474636 2 2016_11.01_8.418.x-210kpc
-0.474466 -0.153792  0.330813 2 2042_10.94_8.522.x-210kpc
-0.399322 -0.158553  0.378499 2 2180_11.09_8.485.x-210kpc
-0.393420 -0.041715  0.411572 2 2210_10.88_8.303.x-210kpc
 0.001784 -0.060497  0.212831 2 2255_10.86_8.686.x-210kpc
-0.093048 -0.049758  0.409543 2 2402_11.21_8.320.x-210kpc
-0.359444  0.092849  0.387699 2 2492_10.80_8.377.x-210kpc
-0.323552  0.326893  0.237768 2 2533_10.87_8.396.x-210kpc
-0.281748  0.359522  0.221103 2 2538_10.93_8.359.x-210kpc
-0.368171  0.433674  0.133725 2 2560_10.99_8.531.x-210kpc
-0.353661  0.464733  0.320272 2 2570_10.85_8.384.x-210kpc
-0.365967  0.290768  0.426059 2 2618_10.86_8.318.x-210kpc
-0.367857  0.499083  0.462297 2 2663_11.14_8.729.x-210kpc
-0.187342  0.156751  0.325283 2 2724_11.04_9.160.x-210kpc
-0.131328  0.044328  0.370066 2 2798_10.78_8.354.x-210kpc
-0.078853  0.445044  0.232189 2 2871_10.83_8.326.x-210kpc
-0.116502  0.362876  0.280138 2 2890_10.99_8.469.x-210kpc
 0.007280  0.301715  0.490891 2 2954_11.08_8.950.x-210kpc
 0.029282 -0.411778 -0.280934 2 3001_10.88_8.656.x-210kpc
 0.275810 -0.436326 -0.369440 2 3019_11.17_8.795.x-210kpc
 0.391078 -0.428619 -0.469639 2 3131_11.17_8.467.x-210kpc
 0.470794 -0.321184 -0.263886 2 3208_10.97_8.373.x-210kpc
 0.110695 -0.210833 -0.209150 2 3229_11.14_8.633.x-210kpc
 0.124576 -0.068370 -0.325354 2 3252_11.04_8.396.x-210kpc
 0.177776 -0.268990 -0.217617 2 3311_10.96_8.407.x-210kpc
 0.396076 -0.234454 -0.410181 2 3376_11.16_8.314.x-210kpc
 0.397995 -0.196747 -0.437451 2 3396_11.00_8.445.x-210kpc
 0.140050  0.024897 -0.448926 2 3439_10.89_8.766.x-210kpc
 0.149802  0.068367 -0.452669 2 3463_10.82_8.319.x-210kpc
 0.134578  0.294414 -0.431397 2 3573_10.98_8.635.x-210kpc
 0.160305  0.366396 -0.223856 2 3616_11.03_8.998.x-210kpc
 0.420522  0.073232 -0.254805 2 3710_10.97_8.767.x-210kpc
 0.178991  0.180874 -0.427465 2 3729_11.07_8.469.x-210kpc
 0.379085  0.217265 -0.377807 2 3747_10.85_8.370.x-210kpc
 0.398262  0.118170 -0.434243 2 3758_11.09_9.230.x-210kpc
 0.427820  0.321574 -0.335914 2 3793_11.20_8.887.x-210kpc
 0.114464  0.439437 -0.259996 2 4054_11.07_8.443.x-210kpc
 0.158867  0.400685 -0.240517 2 4100_11.01_8.714.x-210kpc
 0.252090  0.437424 -0.355761 2 4207_11.06_8.525.x-210kpc
 0.248203  0.410185 -0.249742 2 4327_11.15_8.514.x-210kpc
 0.313615  0.494175 -0.253540 2 4377_11.07_8.561.x-210kpc
-0.066651 -0.298771 -0.294192 2 26_10.88_8.401.x-250kpc
-0.045664 -0.343693 -0.321426 2 35_10.97_8.441.x-250kpc
-0.467324 -0.354570 -0.253039 2 197_11.23_8.681.x-250kpc
-0.412449 -0.327001 -0.223713 2 252_11.14_8.654.x-250kpc
 0.497916 -0.383841  0.018592 2 267_10.94_8.871.x-250kpc
-0.207889 -0.477150 -0.070081 2 315_11.24_8.594.x-250kpc
-0.323282 -0.328036  0.031479 2 373_10.89_8.791.x-250kpc
-0.169749 -0.204615 -0.484544 2 561_10.80_8.481.x-250kpc
-0.254532 -0.237328 -0.396779 2 700_11.20_8.320.x-250kpc
-0.172795 -0.271029 -0.021604 2 742_10.90_8.758.x-250kpc
-0.182470 -0.274458  0.013468 2 749_10.80_8.400.x-250kpc
-0.176463 -0.199734 -0.373156 2 956_10.91_8.480.x-250kpc
 0.497470 -0.080301 -0.388404 2 1006_11.18_8.375.x-250kpc
-0.315642  0.007607 -0.228559 2 1028_10.96_8.632.x-250kpc
 0.003074 -0.179083 -0.193808 2 1065_10.86_8.303.x-250kpc
-0.473822  0.360319 -0.446244 2 1127_11.19_8.561.x-250kpc
-0.405393  0.298721 -0.127896 2 1187_10.97_8.377.x-250kpc
-0.199637  0.167906 -0.349919 2 1197_11.12_9.221.x-250kpc
-0.150650  0.352407  0.052038 2 1237_10.91_8.415.x-250kpc
-0.192949  0.436214 -0.347454 2 1296_11.02_8.661.x-250kpc
-0.434039  0.475776 -0.195469 2 1376_11.03_8.535.x-250kpc
-0.297994  0.465758 -0.252371 2 1436_11.13_8.701.x-250kpc
-0.195501  0.406012 -0.052259 2 1461_11.15_8.921.x-250kpc
-0.395025 -0.317943  0.111265 2 1473_11.21_9.244.x-250kpc
-0.421961 -0.482884  0.390788 2 1603_10.95_8.704.x-250kpc
-0.481001 -0.469915  0.422529 2 1610_11.08_8.715.x-250kpc
-0.319600 -0.499471  0.176377 2 1681_11.17_9.155.x-250kpc
-0.298193 -0.261870  0.336645 2 1728_10.89_8.490.x-250kpc
-0.302654 -0.220579  0.366622 2 1733_10.90_8.446.x-250kpc
-0.220088 -0.244741  0.115007 2 1795_10.85_8.437.x-250kpc
-0.243069 -0.361572  0.264312 2 1822_11.08_8.355.x-250kpc
-0.108453 -0.282195  0.192721 2 1874_11.10_8.368.x-250kpc
 0.026319 -0.290465  0.269159 2 1880_10.84_8.618.x-250kpc
 0.021736 -0.457274  0.395220 2 1957_11.23_8.523.x-250kpc
-0.195038 -0.194324  0.474636 2 2016_11.01_8.418.x-250kpc
-0.476066 -0.153792  0.330813 2 2042_10.94_8.522.x-250kpc
-0.400922 -0.158553  0.378499 2 2180_11.09_8.485.x-250kpc
-0.395020 -0.041715  0.411572 2 2210_10.88_8.303.x-250kpc
 0.000184 -0.060497  0.212831 2 2255_10.86_8.686.x-250kpc
-0.094648 -0.049758  0.409543 2 2402_11.21_8.320.x-250kpc
-0.361044  0.092849  0.387699 2 2492_10.80_8.377.x-250kpc
-0.325152  0.326893  0.237768 2 2533_10.87_8.396.x-250kpc
-0.283348  0.359522  0.221103 2 2538_10.93_8.359.x-250kpc
-0.369771  0.433674  0.133725 2 2560_10.99_8.531.x-250kpc
-0.355261  0.464733  0.320272 2 2570_10.85_8.384.x-250kpc
-0.367567  0.290768  0.426059 2 2618_10.86_8.318.x-250kpc
-0.369457  0.499083  0.462297 2 2663_11.14_8.729.x-250kpc
-0.188942  0.156751  0.325283 2 2724_11.04_9.160.x-250kpc
-0.132928  0.044328  0.370066 2 2798_10.78_8.354.x-250kpc
-0.080453  0.445044  0.232189 2 2871_10.83_8.326.x-250kpc
-0.118102  0.362876  0.280138 2 2890_10.99_8.469.x-250kpc
 0.005680  0.301715  0.490891 2 2954_11.08_8.950.x-250kpc
 0.027681 -0.411778 -0.280934 2 3001_10.88_8.656.x-250kpc
 0.274210 -0.436326 -0.369440 2 3019_11.17_8.795.x-250kpc
 0.389478 -0.428619 -0.469639 2 3131_11.17_8.467.x-250kpc
 0.469194 -0.321184 -0.263886 2 3208_10.97_8.373.x-250kpc
 0.109095 -0.210833 -0.209150 2 3229_11.14_8.633.x-250kpc
 0.122976 -0.068370 -0.325354 2 3252_11.04_8.396.x-250kpc
 0.176176 -0.268990 -0.217617 2 3311_10.96_8.407.x-250kpc
 0.394476 -0.234454 -0.410181 2 3376_11.16_8.314.x-250kpc
 0.396395 -0.196747 -0.437451 2 3396_11.00_8.445.x-250kpc
 0.138450  0.024897 -0.448926 2 3439_10.89_8.766.x-250kpc
 0.148202  0.068367 -0.452669 2 3463_10.82_8.319.x-250kpc
 0.132978  0.294414 -0.431397 2 3573_10.98_8.635.x-250kpc
 0.158705  0.366396 -0.223856 2 3616_11.03_8.998.x-250kpc
 0.418922  0.073232 -0.254805 2 3710_10.97_8.767.x-250kpc
 0.177391  0.180874 -0.427465 2 3729_11.07_8.469.x-250kpc
 0.377485  0.217265 -0.377807 2 3747_10.85_8.370.x-250kpc
 0.396662  0.118170 -0.434243 2 3758_11.09_9.230.x-250kpc
 0.426220  0.321574 -0.335914 2 3793_11.20_8.887.x-250kpc
 0.112864  0.439437 -0.259996 2 4054_11.07_8.443.x-250kpc
 0.157267  0.400685 -0.240517 2 4100_11.01_8.714.x-250kpc
 0.250490  0.437424 -0.355761 2 4207_11.06_8.525.x-250kpc
 0.246603  0.410185 -0.249742 2 4327_11.15_8.514.x-250kpc
 0.312015  0.494175 -0.253540 2 4377_11.07_8.561.x-250kpc
-0.068251 -0.298771 -0.294192 2 26_10.88_8.401.x-290kpc
-0.047264 -0.343693 -0.321426 2 35_10.97_8.441.x-290kpc
-0.468924 -0.354570 -0.253039 2 197_11.23_8.681.x-290kpc
-0.414049 -0.327001 -0.223713 2 252_11.14_8.654.x-290kpc
 0.496316 -0.383841  0.018592 2 267_10.94_8.871.x-290kpc
-0.209489 -0.477150 -0.070081 2 315_11.24_8.594.x-290kpc
-0.324882 -0.328036  0.031479 2 373_10.89_8.791.x-290kpc
-0.171349 -0.204615 -0.484544 2 561_10.80_8.481.x-290kpc
-0.256132 -0.237328 -0.396779 2 700_11.20_8.320.x-290kpc
-0.174395 -0.271029 -0.021604 2 742_10.90_8.758.x-290kpc
-0.184070 -0.274458  0.013468 2 749_10.80_8.400.x-290kpc
-0.178063 -0.199734 -0.373156 2 956_10.91_8.480.x-290kpc
 0.495870 -0.080301 -0.388404 2 1006_11.18_8.375.x-290kpc
-0.317242  0.007607 -0.228559 2 1028_10.96_8.632.x-290kpc
 0.001474 -0.179083 -0.193808 2 1065_10.86_8.303.x-290kpc
-0.475422  0.360319 -0.446244 2 1127_11.19_8.561.x-290kpc
-0.406993  0.298721 -0.127896 2 1187_10.97_8.377.x-290kpc
-0.201237  0.167906 -0.349919 2 1197_11.12_9.221.x-290kpc
-0.152250  0.352407  0.052038 2 1237_10.91_8.415.x-290kpc
-0.194549  0.436214 -0.347454 2 1296_11.02_8.661.x-290kpc
-0.435639  0.475776 -0.195469 2 1376_11.03_8.535.x-290kpc
-0.299594  0.465758 -0.252371 2 1436_11.13_8.701.x-290kpc
-0.197101  0.406012 -0.052259 2 1461_11.15_8.921.x-290kpc
-0.396625 -0.317943  0.111265 2 1473_11.21_9.244.x-290kpc
-0.423561 -0.482884  0.390788 2 1603_10.95_8.704.x-290kpc
-0.482601 -0.469915  0.422529 2 1610_11.08_8.715.x-290kpc
-0.321200 -0.499471  0.176377 2 1681_11.17_9.155.x-290kpc
-0.299793 -0.261870  0.336645 2 1728_10.89_8.490.x-290kpc
-0.304254 -0.220579  0.366622 2 1733_10.90_8.446.x-290kpc
-0.221688 -0.244741  0.115007 2 1795_10.85_8.437.x-290kpc
-0.244669 -0.361572  0.264312 2 1822_11.08_8.355.x-290kpc
-0.110053 -0.282195  0.192721 2 1874_11.10_8.368.x-290kpc
 0.024719 -0.290465  0.269159 2 1880_10.84_8.618.x-290kpc
 0.020136 -0.457274  0.395220 2 1957_11.23_8.523.x-290kpc
-0.196638 -0.194324  0.474636 2 2016_11.01_8.418.x-290kpc
-0.477666 -0.153792  0.330813 2 2042_10.94_8.522.x-290kpc
-0.402522 -0.158553  0.378499 2 2180_11.09_8.485.x-290kpc
-0.396620 -0.041715  0.411572 2 2210_10.88_8.303.x-290kpc
-0.001416 -0.060497  0.212831 2 2255_10.86_8.686.x-290kpc
-0.096248 -0.049758  0.409543 2 2402_11.21_8.320.x-290kpc
-0.362644  0.092849  0.387699 2 2492_10.80_8.377.x-290kpc
-0.326752  0.326893  0.237768 2 2533_10.87_8.396.x-290kpc
-0.284948  0.359522  0.221103 2 2538_10.93_8.359.x-290kpc
-0.371371  0.433674  0.133725 2 2560_10.99_8.531.x-290kpc
-0.356861  0.464733  0.320272 2 2570_10.85_8.384.x-290kpc
-0.369167  0.290768  0.426059 2 2618_10.86_8.318.x-290kpc
-0.371057  0.499083  0.462297 2 2663_11.14_8.729.x-290kpc
-0.190542  0.156751  0.325283 2 2724_11.04_9.160.x-290kpc
-0.134528  0.044328  0.370066 2 2798_10.78_8.354.x-290kpc
-0.082053  0.445044  0.232189 2 2871_10.83_8.326.x-290kpc
-0.119702  0.362876  0.280138 2 2890_10.99_8.469.x-290kpc
 0.004080  0.301715  0.490891 2 2954_11.08_8.950.x-290kpc
 0.026082 -0.411778 -0.280934 2 3001_10.88_8.656.x-290kpc
 0.272610 -0.436326 -0.369440 2 3019_11.17_8.795.x-290kpc
 0.387878 -0.428619 -0.469639 2 3131_11.17_8.467.x-290kpc
 0.467594 -0.321184 -0.263886 2 3208_10.97_8.373.x-290kpc
 0.107495 -0.210833 -0.209150 2 3229_11.14_8.633.x-290kpc
 0.121376 -0.068370 -0.325354 2 3252_11.04_8.396.x-290kpc
 0.174576 -0.268990 -0.217617 2 3311_10.96_8.407.x-290kpc
 0.392876 -0.234454 -0.410181 2 3376_11.16_8.314.x-290kpc
 0.394795 -0.196747 -0.437451 2 3396_11.00_8.445.x-290kpc
 0.136850  0.024897 -0.448926 2 3439_10.89_8.766.x-290kpc
 0.146602  0.068367 -0.452669 2 3463_10.82_8.319.x-290kpc
 0.131378  0.294414 -0.431397 2 3573_10.98_8.635.x-290kpc
 0.157105  0.366396 -0.223856 2 3616_11.03_8.998.x-290kpc
 0.417322  0.073232 -0.254805 2 3710_10.97_8.767.x-290kpc
 0.175791  0.180874 -0.427465 2 3729_11.07_8.469.x-290kpc
 0.375885  0.217265 -0.377807 2 3747_10.85_8.370.x-290kpc
 0.395062  0.118170 -0.434243 2 3758_11.09_9.230.x-290kpc
 0.424620  0.321574 -0.335914 2 3793_11.20_8.887.x-290kpc
 0.111264  0.439437 -0.259996 2 4054_11.07_8.443.x-290kpc
 0.155667  0.400685 -0.240517 2 4100_11.01_8.714.x-290kpc
 0.248890  0.437424 -0.355761 2 4207_11.06_8.525.x-290kpc
 0.245003  0.410185 -0.249742 2 4327_11.15_8.514.x-290kpc
 0.310415  0.494175 -0.253540 2 4377_11.07_8.561.x-290kpc
