-0.049474 -0.299108 -0.376638 2 27_11.98_10.45.y+10kpc
-0.379502 -0.421987 -0.017719 2 265_12.07_10.59.y+10kpc
-0.152314 -0.305481 -0.262571 2 302_12.12_10.54.y+10kpc
-0.189995 -0.289923 -0.019468 2 354_12.06_10.39.y+10kpc
-0.269349 -0.322889  0.003541 2 377_11.89_10.26.y+10kpc
-0.313490 -0.303921  0.059515 2 395_11.83_10.21.y+10kpc
-0.104947 -0.306251 -0.267047 2 440_11.83_10.17.y+10kpc
-0.032335 -0.362707  0.031460 2 497_11.82_10.10.y+10kpc
-0.290802 -0.216900 -0.418708 2 521_11.81_10.19.y+10kpc
-0.052745 -0.251701 -0.325343 2 781_11.89_10.37.y+10kpc
-0.024916 -0.248907 -0.249572 2 856_12.03_10.10.y+10kpc
 0.033994 -0.278662 -0.247916 2 875_12.05_9.846.y+10kpc
-0.279037 -0.188512 -0.467967 2 909_11.77_9.868.y+10kpc
 0.014878  0.037971 -0.117903 2 1095_12.10_10.47.y+10kpc
 0.032756  0.014582 -0.113999 2 1111_11.88_10.29.y+10kpc
-0.465355  0.059132 -0.205231 2 1152_11.75_9.900.y+10kpc
-0.378712  0.375822 -0.090144 2 1211_11.98_10.55.y+10kpc
-0.343747  0.391624 -0.085014 2 1214_11.86_10.18.y+10kpc
-0.198236  0.463709 -0.260179 2 1292_12.10_10.69.y+10kpc
-0.133639  0.442969 -0.361093 2 1294_11.78_10.17.y+10kpc
-0.313536  0.460020 -0.248981 2 1381_11.91_10.25.y+10kpc
-0.485103  0.427083 -0.059384 2 1406_11.98_10.52.y+10kpc
-0.215944  0.492692 -0.035894 2 1448_12.10_10.67.y+10kpc
-0.433915 -0.289066  0.148068 2 1471_11.78_10.23.y+10kpc
-0.344097 -0.296038  0.080469 2 1477_11.86_10.17.y+10kpc
-0.366922 -0.447780  0.313486 2 1497_12.00_10.45.y+10kpc
-0.160088 -0.394450  0.307564 2 1812_11.75_10.14.y+10kpc
-0.129150 -0.462629  0.301953 2 1843_11.96_10.42.y+10kpc
-0.182725 -0.215808  0.482710 2 1974_11.96_10.41.y+10kpc
-0.233267 -0.185436  0.457816 2 2000_11.97_10.28.y+10kpc
-0.193755 -0.193447  0.461466 2 2007_12.01_10.39.y+10kpc
-0.409826 -0.082866  0.363889 2 2062_11.84_9.923.y+10kpc
-0.391770  0.026283  0.367499 2 2094_11.84_10.00.y+10kpc
-0.341022 -0.173228  0.394229 2 2149_12.14_10.60.y+10kpc
-0.387066 -0.173361  0.425875 2 2150_11.75_10.06.y+10kpc
-0.160127  0.039012  0.325082 2 2273_12.20_10.50.y+10kpc
-0.269567 -0.162047  0.424932 2 2287_11.86_10.20.y+10kpc
-0.170890 -0.089956  0.408833 2 2329_11.89_10.02.y+10kpc
-0.020260  0.009762  0.431969 2 2405_12.10_10.49.y+10kpc
-0.305966  0.344384  0.485967 2 2654_12.03_10.33.y+10kpc
-0.008452  0.090330  0.096642 2 2725_11.97_10.32.y+10kpc
-0.024706  0.093104  0.139945 2 2737_11.83_10.22.y+10kpc
-0.180947  0.235714  0.333552 2 2772_12.18_10.66.y+10kpc
-0.244356  0.251687  0.373321 2 2786_11.76_9.805.y+10kpc
-0.208081  0.270976  0.336488 2 2912_12.01_10.48.y+10kpc
 0.352692 -0.385681 -0.395122 2 3061_12.18_10.62.y+10kpc
 0.344385 -0.461596 -0.263347 2 3094_12.13_10.40.y+10kpc
 0.407508 -0.366243 -0.279771 2 3175_11.96_10.36.y+10kpc
 0.073249 -0.274848 -0.232903 2 3219_11.87_10.22.y+10kpc
 0.139435 -0.049039 -0.324764 2 3255_12.02_10.46.y+10kpc
 0.378118 -0.316582 -0.393449 2 3343_11.81_9.884.y+10kpc
 0.156014  0.040041 -0.460846 2 3429_12.09_10.48.y+10kpc
 0.164708  0.292496 -0.231640 2 3599_12.22_10.40.y+10kpc
 0.174214  0.317451 -0.227900 2 3610_11.88_10.29.y+10kpc
 0.435087  0.349554 -0.361957 2 3804_12.21_10.67.y+10kpc
 0.383427  0.355473 -0.238374 2 3833_11.81_9.944.y+10kpc
 0.384160  0.375458 -0.318967 2 3860_11.95_10.18.y+10kpc
 0.222876  0.381515 -0.218955 2 3943_12.02_10.02.y+10kpc
 0.306611  0.496741 -0.263501 2 4368_11.89_10.40.y+10kpc
 0.150966 -0.327644 -0.189042 2 4381_11.77_9.847.y+10kpc
 0.185001 -0.446442 -0.148301 2 4423_11.95_10.32.y+10kpc
 0.081141 -0.100762 -0.135597 2 4518_11.99_10.45.y+10kpc
 0.309867 -0.180736  0.099801 2 4658_11.75_10.26.y+10kpc
 0.311762 -0.095230  0.072371 2 4721_11.98_10.36.y+10kpc
 0.299048 -0.119070  0.078562 2 4724_11.81_9.991.y+10kpc
 0.375298 -0.142460  0.151702 2 4765_11.96_10.24.y+10kpc
 0.064337 -0.369673  0.243871 2 4849_11.89_10.40.y+10kpc
 0.060990 -0.427326  0.472604 2 4886_11.82_10.32.y+10kpc
 0.088173 -0.344114  0.397460 2 4895_12.09_10.51.y+10kpc
 0.175523 -0.323904  0.371456 2 4922_11.75_10.38.y+10kpc
 0.351281 -0.275711  0.371607 2 4947_11.85_10.21.y+10kpc
 0.397753 -0.220423  0.349801 2 4950_12.06_10.52.y+10kpc
 0.386954 -0.102969  0.482850 2 5132_12.14_10.46.y+10kpc
 0.399989 -0.093046  0.485481 2 5136_12.24_10.16.y+10kpc
 0.405451 -0.247468  0.357857 2 5176_12.07_10.58.y+10kpc
-0.049474 -0.297508 -0.376638 2 27_11.98_10.45.y+50kpc
-0.379502 -0.420387 -0.017719 2 265_12.07_10.59.y+50kpc
-0.152314 -0.303881 -0.262571 2 302_12.12_10.54.y+50kpc
-0.189995 -0.288323 -0.019468 2 354_12.06_10.39.y+50kpc
-0.269349 -0.321289  0.003541 2 377_11.89_10.26.y+50kpc
-0.313490 -0.302321  0.059515 2 395_11.83_10.21.y+50kpc
-0.104947 -0.304651 -0.267047 2 440_11.83_10.17.y+50kpc
-0.032335 -0.361107  0.031460 2 497_11.82_10.10.y+50kpc
-0.290802 -0.215300 -0.418708 2 521_11.81_10.19.y+50kpc
-0.052745 -0.250101 -0.325343 2 781_11.89_10.37.y+50kpc
-0.024916 -0.247307 -0.249572 2 856_12.03_10.10.y+50kpc
 0.033994 -0.277062 -0.247916 2 875_12.05_9.846.y+50kpc
-0.279037 -0.186912 -0.467967 2 909_11.77_9.868.y+50kpc
 0.014878  0.039571 -0.117903 2 1095_12.10_10.47.y+50kpc
 0.032756  0.016182 -0.113999 2 1111_11.88_10.29.y+50kpc
-0.465355  0.060732 -0.205231 2 1152_11.75_9.900.y+50kpc
-0.378712  0.377422 -0.090144 2 1211_11.98_10.55.y+50kpc
-0.343747  0.393224 -0.085014 2 1214_11.86_10.18.y+50kpc
-0.198236  0.465309 -0.260179 2 1292_12.10_10.69.y+50kpc
-0.133639  0.444569 -0.361093 2 1294_11.78_10.17.y+50kpc
-0.313536  0.461620 -0.248981 2 1381_11.91_10.25.y+50kpc
-0.485103  0.428683 -0.059384 2 1406_11.98_10.52.y+50kpc
-0.215944  0.494292 -0.035894 2 1448_12.10_10.67.y+50kpc
-0.433915 -0.287466  0.148068 2 1471_11.78_10.23.y+50kpc
-0.344097 -0.294438  0.080469 2 1477_11.86_10.17.y+50kpc
-0.366922 -0.446180  0.313486 2 1497_12.00_10.45.y+50kpc
-0.160088 -0.392850  0.307564 2 1812_11.75_10.14.y+50kpc
-0.129150 -0.461029  0.301953 2 1843_11.96_10.42.y+50kpc
-0.182725 -0.214208  0.482710 2 1974_11.96_10.41.y+50kpc
-0.233267 -0.183836  0.457816 2 2000_11.97_10.28.y+50kpc
-0.193755 -0.191847  0.461466 2 2007_12.01_10.39.y+50kpc
-0.409826 -0.081266  0.363889 2 2062_11.84_9.923.y+50kpc
-0.391770  0.027883  0.367499 2 2094_11.84_10.00.y+50kpc
-0.341022 -0.171628  0.394229 2 2149_12.14_10.60.y+50kpc
-0.387066 -0.171761  0.425875 2 2150_11.75_10.06.y+50kpc
-0.160127  0.040612  0.325082 2 2273_12.20_10.50.y+50kpc
-0.269567 -0.160447  0.424932 2 2287_11.86_10.20.y+50kpc
-0.170890 -0.088356  0.408833 2 2329_11.89_10.02.y+50kpc
-0.020260  0.011362  0.431969 2 2405_12.10_10.49.y+50kpc
-0.305966  0.345984  0.485967 2 2654_12.03_10.33.y+50kpc
-0.008452  0.091930  0.096642 2 2725_11.97_10.32.y+50kpc
-0.024706  0.094704  0.139945 2 2737_11.83_10.22.y+50kpc
-0.180947  0.237314  0.333552 2 2772_12.18_10.66.y+50kpc
-0.244356  0.253287  0.373321 2 2786_11.76_9.805.y+50kpc
-0.208081  0.272576  0.336488 2 2912_12.01_10.48.y+50kpc
 0.352692 -0.384081 -0.395122 2 3061_12.18_10.62.y+50kpc
 0.344385 -0.459996 -0.263347 2 3094_12.13_10.40.y+50kpc
 0.407508 -0.364643 -0.279771 2 3175_11.96_10.36.y+50kpc
 0.073249 -0.273248 -0.232903 2 3219_11.87_10.22.y+50kpc
 0.139435 -0.047439 -0.324764 2 3255_12.02_10.46.y+50kpc
 0.378118 -0.314982 -0.393449 2 3343_11.81_9.884.y+50kpc
 0.156014  0.041641 -0.460846 2 3429_12.09_10.48.y+50kpc
 0.164708  0.294096 -0.231640 2 3599_12.22_10.40.y+50kpc
 0.174214  0.319051 -0.227900 2 3610_11.88_10.29.y+50kpc
 0.435087  0.351154 -0.361957 2 3804_12.21_10.67.y+50kpc
 0.383427  0.357073 -0.238374 2 3833_11.81_9.944.y+50kpc
 0.384160  0.377058 -0.318967 2 3860_11.95_10.18.y+50kpc
 0.222876  0.383115 -0.218955 2 3943_12.02_10.02.y+50kpc
 0.306611  0.498341 -0.263501 2 4368_11.89_10.40.y+50kpc
 0.150966 -0.326044 -0.189042 2 4381_11.77_9.847.y+50kpc
 0.185001 -0.444842 -0.148301 2 4423_11.95_10.32.y+50kpc
 0.081141 -0.099162 -0.135597 2 4518_11.99_10.45.y+50kpc
 0.309867 -0.179136  0.099801 2 4658_11.75_10.26.y+50kpc
 0.311762 -0.093630  0.072371 2 4721_11.98_10.36.y+50kpc
 0.299048 -0.117470  0.078562 2 4724_11.81_9.991.y+50kpc
 0.375298 -0.140860  0.151702 2 4765_11.96_10.24.y+50kpc
 0.064337 -0.368073  0.243871 2 4849_11.89_10.40.y+50kpc
 0.060990 -0.425726  0.472604 2 4886_11.82_10.32.y+50kpc
 0.088173 -0.342514  0.397460 2 4895_12.09_10.51.y+50kpc
 0.175523 -0.322304  0.371456 2 4922_11.75_10.38.y+50kpc
 0.351281 -0.274111  0.371607 2 4947_11.85_10.21.y+50kpc
 0.397753 -0.218823  0.349801 2 4950_12.06_10.52.y+50kpc
 0.386954 -0.101369  0.482850 2 5132_12.14_10.46.y+50kpc
 0.399989 -0.091446  0.485481 2 5136_12.24_10.16.y+50kpc
 0.405451 -0.245868  0.357857 2 5176_12.07_10.58.y+50kpc
-0.049474 -0.295908 -0.376638 2 27_11.98_10.45.y+90kpc
-0.379502 -0.418787 -0.017719 2 265_12.07_10.59.y+90kpc
-0.152314 -0.302281 -0.262571 2 302_12.12_10.54.y+90kpc
-0.189995 -0.286723 -0.019468 2 354_12.06_10.39.y+90kpc
-0.269349 -0.319689  0.003541 2 377_11.89_10.26.y+90kpc
-0.313490 -0.300721  0.059515 2 395_11.83_10.21.y+90kpc
-0.104947 -0.303051 -0.267047 2 440_11.83_10.17.y+90kpc
-0.032335 -0.359507  0.031460 2 497_11.82_10.10.y+90kpc
-0.290802 -0.213700 -0.418708 2 521_11.81_10.19.y+90kpc
-0.052745 -0.248501 -0.325343 2 781_11.89_10.37.y+90kpc
-0.024916 -0.245707 -0.249572 2 856_12.03_10.10.y+90kpc
 0.033994 -0.275462 -0.247916 2 875_12.05_9.846.y+90kpc
-0.279037 -0.185312 -0.467967 2 909_11.77_9.868.y+90kpc
 0.014878  0.041171 -0.117903 2 1095_12.10_10.47.y+90kpc
 0.032756  0.017782 -0.113999 2 1111_11.88_10.29.y+90kpc
-0.465355  0.062332 -0.205231 2 1152_11.75_9.900.y+90kpc
-0.378712  0.379022 -0.090144 2 1211_11.98_10.55.y+90kpc
-0.343747  0.394824 -0.085014 2 1214_11.86_10.18.y+90kpc
-0.198236  0.466909 -0.260179 2 1292_12.10_10.69.y+90kpc
-0.133639  0.446169 -0.361093 2 1294_11.78_10.17.y+90kpc
-0.313536  0.463220 -0.248981 2 1381_11.91_10.25.y+90kpc
-0.485103  0.430283 -0.059384 2 1406_11.98_10.52.y+90kpc
-0.215944  0.495892 -0.035894 2 1448_12.10_10.67.y+90kpc
-0.433915 -0.285866  0.148068 2 1471_11.78_10.23.y+90kpc
-0.344097 -0.292838  0.080469 2 1477_11.86_10.17.y+90kpc
-0.366922 -0.444580  0.313486 2 1497_12.00_10.45.y+90kpc
-0.160088 -0.391250  0.307564 2 1812_11.75_10.14.y+90kpc
-0.129150 -0.459429  0.301953 2 1843_11.96_10.42.y+90kpc
-0.182725 -0.212608  0.482710 2 1974_11.96_10.41.y+90kpc
-0.233267 -0.182236  0.457816 2 2000_11.97_10.28.y+90kpc
-0.193755 -0.190247  0.461466 2 2007_12.01_10.39.y+90kpc
-0.409826 -0.079666  0.363889 2 2062_11.84_9.923.y+90kpc
-0.391770  0.029483  0.367499 2 2094_11.84_10.00.y+90kpc
-0.341022 -0.170028  0.394229 2 2149_12.14_10.60.y+90kpc
-0.387066 -0.170161  0.425875 2 2150_11.75_10.06.y+90kpc
-0.160127  0.042212  0.325082 2 2273_12.20_10.50.y+90kpc
-0.269567 -0.158847  0.424932 2 2287_11.86_10.20.y+90kpc
-0.170890 -0.086756  0.408833 2 2329_11.89_10.02.y+90kpc
-0.020260  0.012962  0.431969 2 2405_12.10_10.49.y+90kpc
-0.305966  0.347584  0.485967 2 2654_12.03_10.33.y+90kpc
-0.008452  0.093530  0.096642 2 2725_11.97_10.32.y+90kpc
-0.024706  0.096304  0.139945 2 2737_11.83_10.22.y+90kpc
-0.180947  0.238914  0.333552 2 2772_12.18_10.66.y+90kpc
-0.244356  0.254887  0.373321 2 2786_11.76_9.805.y+90kpc
-0.208081  0.274176  0.336488 2 2912_12.01_10.48.y+90kpc
 0.352692 -0.382481 -0.395122 2 3061_12.18_10.62.y+90kpc
 0.344385 -0.458396 -0.263347 2 3094_12.13_10.40.y+90kpc
 0.407508 -0.363043 -0.279771 2 3175_11.96_10.36.y+90kpc
 0.073249 -0.271648 -0.232903 2 3219_11.87_10.22.y+90kpc
 0.139435 -0.045839 -0.324764 2 3255_12.02_10.46.y+90kpc
 0.378118 -0.313382 -0.393449 2 3343_11.81_9.884.y+90kpc
 0.156014  0.043241 -0.460846 2 3429_12.09_10.48.y+90kpc
 0.164708  0.295696 -0.231640 2 3599_12.22_10.40.y+90kpc
 0.174214  0.320651 -0.227900 2 3610_11.88_10.29.y+90kpc
 0.435087  0.352754 -0.361957 2 3804_12.21_10.67.y+90kpc
 0.383427  0.358673 -0.238374 2 3833_11.81_9.944.y+90kpc
 0.384160  0.378658 -0.318967 2 3860_11.95_10.18.y+90kpc
 0.222876  0.384715 -0.218955 2 3943_12.02_10.02.y+90kpc
 0.306611  0.499941 -0.263501 2 4368_11.89_10.40.y+90kpc
 0.150966 -0.324444 -0.189042 2 4381_11.77_9.847.y+90kpc
 0.185001 -0.443242 -0.148301 2 4423_11.95_10.32.y+90kpc
 0.081141 -0.097562 -0.135597 2 4518_11.99_10.45.y+90kpc
 0.309867 -0.177536  0.099801 2 4658_11.75_10.26.y+90kpc
 0.311762 -0.092030  0.072371 2 4721_11.98_10.36.y+90kpc
 0.299048 -0.115870  0.078562 2 4724_11.81_9.991.y+90kpc
 0.375298 -0.139260  0.151702 2 4765_11.96_10.24.y+90kpc
 0.064337 -0.366473  0.243871 2 4849_11.89_10.40.y+90kpc
 0.060990 -0.424126  0.472604 2 4886_11.82_10.32.y+90kpc
 0.088173 -0.340914  0.397460 2 4895_12.09_10.51.y+90kpc
 0.175523 -0.320704  0.371456 2 4922_11.75_10.38.y+90kpc
 0.351281 -0.272511  0.371607 2 4947_11.85_10.21.y+90kpc
 0.397753 -0.217223  0.349801 2 4950_12.06_10.52.y+90kpc
 0.386954 -0.099769  0.482850 2 5132_12.14_10.46.y+90kpc
 0.399989 -0.089846  0.485481 2 5136_12.24_10.16.y+90kpc
 0.405451 -0.244268  0.357857 2 5176_12.07_10.58.y+90kpc
-0.049474 -0.294308 -0.376638 2 27_11.98_10.45.y+130kpc
-0.379502 -0.417187 -0.017719 2 265_12.07_10.59.y+130kpc
-0.152314 -0.300681 -0.262571 2 302_12.12_10.54.y+130kpc
-0.189995 -0.285123 -0.019468 2 354_12.06_10.39.y+130kpc
-0.269349 -0.318089  0.003541 2 377_11.89_10.26.y+130kpc
-0.313490 -0.299121  0.059515 2 395_11.83_10.21.y+130kpc
-0.104947 -0.301451 -0.267047 2 440_11.83_10.17.y+130kpc
-0.032335 -0.357907  0.031460 2 497_11.82_10.10.y+130kpc
-0.290802 -0.212100 -0.418708 2 521_11.81_10.19.y+130kpc
-0.052745 -0.246901 -0.325343 2 781_11.89_10.37.y+130kpc
-0.024916 -0.244107 -0.249572 2 856_12.03_10.10.y+130kpc
 0.033994 -0.273862 -0.247916 2 875_12.05_9.846.y+130kpc
-0.279037 -0.183712 -0.467967 2 909_11.77_9.868.y+130kpc
 0.014878  0.042771 -0.117903 2 1095_12.10_10.47.y+130kpc
 0.032756  0.019382 -0.113999 2 1111_11.88_10.29.y+130kpc
-0.465355  0.063932 -0.205231 2 1152_11.75_9.900.y+130kpc
-0.378712  0.380622 -0.090144 2 1211_11.98_10.55.y+130kpc
-0.343747  0.396424 -0.085014 2 1214_11.86_10.18.y+130kpc
-0.198236  0.468509 -0.260179 2 1292_12.10_10.69.y+130kpc
-0.133639  0.447769 -0.361093 2 1294_11.78_10.17.y+130kpc
-0.313536  0.464820 -0.248981 2 1381_11.91_10.25.y+130kpc
-0.485103  0.431883 -0.059384 2 1406_11.98_10.52.y+130kpc
-0.215944  0.497492 -0.035894 2 1448_12.10_10.67.y+130kpc
-0.433915 -0.284266  0.148068 2 1471_11.78_10.23.y+130kpc
-0.344097 -0.291238  0.080469 2 1477_11.86_10.17.y+130kpc
-0.366922 -0.442980  0.313486 2 1497_12.00_10.45.y+130kpc
-0.160088 -0.389650  0.307564 2 1812_11.75_10.14.y+130kpc
-0.129150 -0.457829  0.301953 2 1843_11.96_10.42.y+130kpc
-0.182725 -0.211008  0.482710 2 1974_11.96_10.41.y+130kpc
-0.233267 -0.180636  0.457816 2 2000_11.97_10.28.y+130kpc
-0.193755 -0.188647  0.461466 2 2007_12.01_10.39.y+130kpc
-0.409826 -0.078066  0.363889 2 2062_11.84_9.923.y+130kpc
-0.391770  0.031083  0.367499 2 2094_11.84_10.00.y+130kpc
-0.341022 -0.168428  0.394229 2 2149_12.14_10.60.y+130kpc
-0.387066 -0.168561  0.425875 2 2150_11.75_10.06.y+130kpc
-0.160127  0.043812  0.325082 2 2273_12.20_10.50.y+130kpc
-0.269567 -0.157247  0.424932 2 2287_11.86_10.20.y+130kpc
-0.170890 -0.085156  0.408833 2 2329_11.89_10.02.y+130kpc
-0.020260  0.014562  0.431969 2 2405_12.10_10.49.y+130kpc
-0.305966  0.349184  0.485967 2 2654_12.03_10.33.y+130kpc
-0.008452  0.095130  0.096642 2 2725_11.97_10.32.y+130kpc
-0.024706  0.097904  0.139945 2 2737_11.83_10.22.y+130kpc
-0.180947  0.240514  0.333552 2 2772_12.18_10.66.y+130kpc
-0.244356  0.256487  0.373321 2 2786_11.76_9.805.y+130kpc
-0.208081  0.275776  0.336488 2 2912_12.01_10.48.y+130kpc
 0.352692 -0.380881 -0.395122 2 3061_12.18_10.62.y+130kpc
 0.344385 -0.456796 -0.263347 2 3094_12.13_10.40.y+130kpc
 0.407508 -0.361443 -0.279771 2 3175_11.96_10.36.y+130kpc
 0.073249 -0.270048 -0.232903 2 3219_11.87_10.22.y+130kpc
 0.139435 -0.044239 -0.324764 2 3255_12.02_10.46.y+130kpc
 0.378118 -0.311782 -0.393449 2 3343_11.81_9.884.y+130kpc
 0.156014  0.044841 -0.460846 2 3429_12.09_10.48.y+130kpc
 0.164708  0.297296 -0.231640 2 3599_12.22_10.40.y+130kpc
 0.174214  0.322251 -0.227900 2 3610_11.88_10.29.y+130kpc
 0.435087  0.354354 -0.361957 2 3804_12.21_10.67.y+130kpc
 0.383427  0.360273 -0.238374 2 3833_11.81_9.944.y+130kpc
 0.384160  0.380258 -0.318967 2 3860_11.95_10.18.y+130kpc
 0.222876  0.386315 -0.218955 2 3943_12.02_10.02.y+130kpc
 0.306611 -0.498459 -0.263501 2 4368_11.89_10.40.y+130kpc
 0.150966 -0.322844 -0.189042 2 4381_11.77_9.847.y+130kpc
 0.185001 -0.441642 -0.148301 2 4423_11.95_10.32.y+130kpc
 0.081141 -0.095962 -0.135597 2 4518_11.99_10.45.y+130kpc
 0.309867 -0.175936  0.099801 2 4658_11.75_10.26.y+130kpc
 0.311762 -0.090430  0.072371 2 4721_11.98_10.36.y+130kpc
 0.299048 -0.114270  0.078562 2 4724_11.81_9.991.y+130kpc
 0.375298 -0.137660  0.151702 2 4765_11.96_10.24.y+130kpc
 0.064337 -0.364873  0.243871 2 4849_11.89_10.40.y+130kpc
 0.060990 -0.422526  0.472604 2 4886_11.82_10.32.y+130kpc
 0.088173 -0.339314  0.397460 2 4895_12.09_10.51.y+130kpc
 0.175523 -0.319104  0.371456 2 4922_11.75_10.38.y+130kpc
 0.351281 -0.270911  0.371607 2 4947_11.85_10.21.y+130kpc
 0.397753 -0.215623  0.349801 2 4950_12.06_10.52.y+130kpc
 0.386954 -0.098169  0.482850 2 5132_12.14_10.46.y+130kpc
 0.399989 -0.088246  0.485481 2 5136_12.24_10.16.y+130kpc
 0.405451 -0.242668  0.357857 2 5176_12.07_10.58.y+130kpc
-0.049474 -0.292708 -0.376638 2 27_11.98_10.45.y+170kpc
-0.379502 -0.415587 -0.017719 2 265_12.07_10.59.y+170kpc
-0.152314 -0.299081 -0.262571 2 302_12.12_10.54.y+170kpc
-0.189995 -0.283523 -0.019468 2 354_12.06_10.39.y+170kpc
-0.269349 -0.316489  0.003541 2 377_11.89_10.26.y+170kpc
-0.313490 -0.297521  0.059515 2 395_11.83_10.21.y+170kpc
-0.104947 -0.299851 -0.267047 2 440_11.83_10.17.y+170kpc
-0.032335 -0.356307  0.031460 2 497_11.82_10.10.y+170kpc
-0.290802 -0.210500 -0.418708 2 521_11.81_10.19.y+170kpc
-0.052745 -0.245301 -0.325343 2 781_11.89_10.37.y+170kpc
-0.024916 -0.242507 -0.249572 2 856_12.03_10.10.y+170kpc
 0.033994 -0.272262 -0.247916 2 875_12.05_9.846.y+170kpc
-0.279037 -0.182112 -0.467967 2 909_11.77_9.868.y+170kpc
 0.014878  0.044371 -0.117903 2 1095_12.10_10.47.y+170kpc
 0.032756  0.020982 -0.113999 2 1111_11.88_10.29.y+170kpc
-0.465355  0.065532 -0.205231 2 1152_11.75_9.900.y+170kpc
-0.378712  0.382222 -0.090144 2 1211_11.98_10.55.y+170kpc
-0.343747  0.398024 -0.085014 2 1214_11.86_10.18.y+170kpc
-0.198236  0.470109 -0.260179 2 1292_12.10_10.69.y+170kpc
-0.133639  0.449369 -0.361093 2 1294_11.78_10.17.y+170kpc
-0.313536  0.466420 -0.248981 2 1381_11.91_10.25.y+170kpc
-0.485103  0.433483 -0.059384 2 1406_11.98_10.52.y+170kpc
-0.215944  0.499092 -0.035894 2 1448_12.10_10.67.y+170kpc
-0.433915 -0.282666  0.148068 2 1471_11.78_10.23.y+170kpc
-0.344097 -0.289638  0.080469 2 1477_11.86_10.17.y+170kpc
-0.366922 -0.441380  0.313486 2 1497_12.00_10.45.y+170kpc
-0.160088 -0.388050  0.307564 2 1812_11.75_10.14.y+170kpc
-0.129150 -0.456229  0.301953 2 1843_11.96_10.42.y+170kpc
-0.182725 -0.209408  0.482710 2 1974_11.96_10.41.y+170kpc
-0.233267 -0.179036  0.457816 2 2000_11.97_10.28.y+170kpc
-0.193755 -0.187047  0.461466 2 2007_12.01_10.39.y+170kpc
-0.409826 -0.076466  0.363889 2 2062_11.84_9.923.y+170kpc
-0.391770  0.032683  0.367499 2 2094_11.84_10.00.y+170kpc
-0.341022 -0.166828  0.394229 2 2149_12.14_10.60.y+170kpc
-0.387066 -0.166961  0.425875 2 2150_11.75_10.06.y+170kpc
-0.160127  0.045412  0.325082 2 2273_12.20_10.50.y+170kpc
-0.269567 -0.155647  0.424932 2 2287_11.86_10.20.y+170kpc
-0.170890 -0.083556  0.408833 2 2329_11.89_10.02.y+170kpc
-0.020260  0.016162  0.431969 2 2405_12.10_10.49.y+170kpc
-0.305966  0.350784  0.485967 2 2654_12.03_10.33.y+170kpc
-0.008452  0.096730  0.096642 2 2725_11.97_10.32.y+170kpc
-0.024706  0.099504  0.139945 2 2737_11.83_10.22.y+170kpc
-0.180947  0.242114  0.333552 2 2772_12.18_10.66.y+170kpc
-0.244356  0.258087  0.373321 2 2786_11.76_9.805.y+170kpc
-0.208081  0.277376  0.336488 2 2912_12.01_10.48.y+170kpc
 0.352692 -0.379281 -0.395122 2 3061_12.18_10.62.y+170kpc
 0.344385 -0.455196 -0.263347 2 3094_12.13_10.40.y+170kpc
 0.407508 -0.359843 -0.279771 2 3175_11.96_10.36.y+170kpc
 0.073249 -0.268448 -0.232903 2 3219_11.87_10.22.y+170kpc
 0.139435 -0.042639 -0.324764 2 3255_12.02_10.46.y+170kpc
 0.378118 -0.310182 -0.393449 2 3343_11.81_9.884.y+170kpc
 0.156014  0.046441 -0.460846 2 3429_12.09_10.48.y+170kpc
 0.164708  0.298896 -0.231640 2 3599_12.22_10.40.y+170kpc
 0.174214  0.323851 -0.227900 2 3610_11.88_10.29.y+170kpc
 0.435087  0.355954 -0.361957 2 3804_12.21_10.67.y+170kpc
 0.383427  0.361873 -0.238374 2 3833_11.81_9.944.y+170kpc
 0.384160  0.381858 -0.318967 2 3860_11.95_10.18.y+170kpc
 0.222876  0.387915 -0.218955 2 3943_12.02_10.02.y+170kpc
 0.306611 -0.496859 -0.263501 2 4368_11.89_10.40.y+170kpc
 0.150966 -0.321244 -0.189042 2 4381_11.77_9.847.y+170kpc
 0.185001 -0.440042 -0.148301 2 4423_11.95_10.32.y+170kpc
 0.081141 -0.094362 -0.135597 2 4518_11.99_10.45.y+170kpc
 0.309867 -0.174336  0.099801 2 4658_11.75_10.26.y+170kpc
 0.311762 -0.088830  0.072371 2 4721_11.98_10.36.y+170kpc
 0.299048 -0.112670  0.078562 2 4724_11.81_9.991.y+170kpc
 0.375298 -0.136060  0.151702 2 4765_11.96_10.24.y+170kpc
 0.064337 -0.363273  0.243871 2 4849_11.89_10.40.y+170kpc
 0.060990 -0.420926  0.472604 2 4886_11.82_10.32.y+170kpc
 0.088173 -0.337714  0.397460 2 4895_12.09_10.51.y+170kpc
 0.175523 -0.317504  0.371456 2 4922_11.75_10.38.y+170kpc
 0.351281 -0.269311  0.371607 2 4947_11.85_10.21.y+170kpc
 0.397753 -0.214023  0.349801 2 4950_12.06_10.52.y+170kpc
 0.386954 -0.096569  0.482850 2 5132_12.14_10.46.y+170kpc
 0.399989 -0.086646  0.485481 2 5136_12.24_10.16.y+170kpc
 0.405451 -0.241068  0.357857 2 5176_12.07_10.58.y+170kpc
-0.049474 -0.291108 -0.376638 2 27_11.98_10.45.y+210kpc
-0.379502 -0.413987 -0.017719 2 265_12.07_10.59.y+210kpc
-0.152314 -0.297481 -0.262571 2 302_12.12_10.54.y+210kpc
-0.189995 -0.281923 -0.019468 2 354_12.06_10.39.y+210kpc
-0.269349 -0.314889  0.003541 2 377_11.89_10.26.y+210kpc
-0.313490 -0.295921  0.059515 2 395_11.83_10.21.y+210kpc
-0.104947 -0.298251 -0.267047 2 440_11.83_10.17.y+210kpc
-0.032335 -0.354707  0.031460 2 497_11.82_10.10.y+210kpc
-0.290802 -0.208900 -0.418708 2 521_11.81_10.19.y+210kpc
-0.052745 -0.243701 -0.325343 2 781_11.89_10.37.y+210kpc
-0.024916 -0.240907 -0.249572 2 856_12.03_10.10.y+210kpc
 0.033994 -0.270662 -0.247916 2 875_12.05_9.846.y+210kpc
-0.279037 -0.180512 -0.467967 2 909_11.77_9.868.y+210kpc
 0.014878  0.045971 -0.117903 2 1095_12.10_10.47.y+210kpc
 0.032756  0.022582 -0.113999 2 1111_11.88_10.29.y+210kpc
-0.465355  0.067132 -0.205231 2 1152_11.75_9.900.y+210kpc
-0.378712  0.383822 -0.090144 2 1211_11.98_10.55.y+210kpc
-0.343747  0.399624 -0.085014 2 1214_11.86_10.18.y+210kpc
-0.198236  0.471709 -0.260179 2 1292_12.10_10.69.y+210kpc
-0.133639  0.450969 -0.361093 2 1294_11.78_10.17.y+210kpc
-0.313536  0.468020 -0.248981 2 1381_11.91_10.25.y+210kpc
-0.485103  0.435083 -0.059384 2 1406_11.98_10.52.y+210kpc
-0.215944 -0.499308 -0.035894 2 1448_12.10_10.67.y+210kpc
-0.433915 -0.281066  0.148068 2 1471_11.78_10.23.y+210kpc
-0.344097 -0.288038  0.080469 2 1477_11.86_10.17.y+210kpc
-0.366922 -0.439780  0.313486 2 1497_12.00_10.45.y+210kpc
-0.160088 -0.386450  0.307564 2 1812_11.75_10.14.y+210kpc
-0.129150 -0.454629  0.301953 2 1843_11.96_10.42.y+210kpc
-0.182725 -0.207808  0.482710 2 1974_11.96_10.41.y+210kpc
-0.233267 -0.177436  0.457816 2 2000_11.97_10.28.y+210kpc
-0.193755 -0.185447  0.461466 2 2007_12.01_10.39.y+210kpc
-0.409826 -0.074866  0.363889 2 2062_11.84_9.923.y+210kpc
-0.391770  0.034283  0.367499 2 2094_11.84_10.00.y+210kpc
-0.341022 -0.165228  0.394229 2 2149_12.14_10.60.y+210kpc
-0.387066 -0.165361  0.425875 2 2150_11.75_10.06.y+210kpc
-0.160127  0.047012  0.325082 2 2273_12.20_10.50.y+210kpc
-0.269567 -0.154047  0.424932 2 2287_11.86_10.20.y+210kpc
-0.170890 -0.081956  0.408833 2 2329_11.89_10.02.y+210kpc
-0.020260  0.017762  0.431969 2 2405_12.10_10.49.y+210kpc
-0.305966  0.352384  0.485967 2 2654_12.03_10.33.y+210kpc
-0.008452  0.098330  0.096642 2 2725_11.97_10.32.y+210kpc
-0.024706  0.101104  0.139945 2 2737_11.83_10.22.y+210kpc
-0.180947  0.243714  0.333552 2 2772_12.18_10.66.y+210kpc
-0.244356  0.259687  0.373321 2 2786_11.76_9.805.y+210kpc
-0.208081  0.278976  0.336488 2 2912_12.01_10.48.y+210kpc
 0.352692 -0.377681 -0.395122 2 3061_12.18_10.62.y+210kpc
 0.344385 -0.453596 -0.263347 2 3094_12.13_10.40.y+210kpc
 0.407508 -0.358243 -0.279771 2 3175_11.96_10.36.y+210kpc
 0.073249 -0.266848 -0.232903 2 3219_11.87_10.22.y+210kpc
 0.139435 -0.041039 -0.324764 2 3255_12.02_10.46.y+210kpc
 0.378118 -0.308582 -0.393449 2 3343_11.81_9.884.y+210kpc
 0.156014  0.048041 -0.460846 2 3429_12.09_10.48.y+210kpc
 0.164708  0.300496 -0.231640 2 3599_12.22_10.40.y+210kpc
 0.174214  0.325451 -0.227900 2 3610_11.88_10.29.y+210kpc
 0.435087  0.357554 -0.361957 2 3804_12.21_10.67.y+210kpc
 0.383427  0.363473 -0.238374 2 3833_11.81_9.944.y+210kpc
 0.384160  0.383458 -0.318967 2 3860_11.95_10.18.y+210kpc
 0.222876  0.389515 -0.218955 2 3943_12.02_10.02.y+210kpc
 0.306611 -0.495259 -0.263501 2 4368_11.89_10.40.y+210kpc
 0.150966 -0.319644 -0.189042 2 4381_11.77_9.847.y+210kpc
 0.185001 -0.438442 -0.148301 2 4423_11.95_10.32.y+210kpc
 0.081141 -0.092762 -0.135597 2 4518_11.99_10.45.y+210kpc
 0.309867 -0.172736  0.099801 2 4658_11.75_10.26.y+210kpc
 0.311762 -0.087230  0.072371 2 4721_11.98_10.36.y+210kpc
 0.299048 -0.111070  0.078562 2 4724_11.81_9.991.y+210kpc
 0.375298 -0.134460  0.151702 2 4765_11.96_10.24.y+210kpc
 0.064337 -0.361673  0.243871 2 4849_11.89_10.40.y+210kpc
 0.060990 -0.419326  0.472604 2 4886_11.82_10.32.y+210kpc
 0.088173 -0.336114  0.397460 2 4895_12.09_10.51.y+210kpc
 0.175523 -0.315904  0.371456 2 4922_11.75_10.38.y+210kpc
 0.351281 -0.267711  0.371607 2 4947_11.85_10.21.y+210kpc
 0.397753 -0.212423  0.349801 2 4950_12.06_10.52.y+210kpc
 0.386954 -0.094969  0.482850 2 5132_12.14_10.46.y+210kpc
 0.399989 -0.085046  0.485481 2 5136_12.24_10.16.y+210kpc
 0.405451 -0.239468  0.357857 2 5176_12.07_10.58.y+210kpc
-0.049474 -0.289508 -0.376638 2 27_11.98_10.45.y+250kpc
-0.379502 -0.412387 -0.017719 2 265_12.07_10.59.y+250kpc
-0.152314 -0.295881 -0.262571 2 302_12.12_10.54.y+250kpc
-0.189995 -0.280323 -0.019468 2 354_12.06_10.39.y+250kpc
-0.269349 -0.313289  0.003541 2 377_11.89_10.26.y+250kpc
-0.313490 -0.294321  0.059515 2 395_11.83_10.21.y+250kpc
-0.104947 -0.296651 -0.267047 2 440_11.83_10.17.y+250kpc
-0.032335 -0.353107  0.031460 2 497_11.82_10.10.y+250kpc
-0.290802 -0.207300 -0.418708 2 521_11.81_10.19.y+250kpc
-0.052745 -0.242101 -0.325343 2 781_11.89_10.37.y+250kpc
-0.024916 -0.239307 -0.249572 2 856_12.03_10.10.y+250kpc
 0.033994 -0.269062 -0.247916 2 875_12.05_9.846.y+250kpc
-0.279037 -0.178912 -0.467967 2 909_11.77_9.868.y+250kpc
 0.014878  0.047571 -0.117903 2 1095_12.10_10.47.y+250kpc
 0.032756  0.024182 -0.113999 2 1111_11.88_10.29.y+250kpc
-0.465355  0.068732 -0.205231 2 1152_11.75_9.900.y+250kpc
-0.378712  0.385422 -0.090144 2 1211_11.98_10.55.y+250kpc
-0.343747  0.401224 -0.085014 2 1214_11.86_10.18.y+250kpc
-0.198236  0.473309 -0.260179 2 1292_12.10_10.69.y+250kpc
-0.133639  0.452569 -0.361093 2 1294_11.78_10.17.y+250kpc
-0.313536  0.469620 -0.248981 2 1381_11.91_10.25.y+250kpc
-0.485103  0.436683 -0.059384 2 1406_11.98_10.52.y+250kpc
-0.215944 -0.497708 -0.035894 2 1448_12.10_10.67.y+250kpc
-0.433915 -0.279466  0.148068 2 1471_11.78_10.23.y+250kpc
-0.344097 -0.286438  0.080469 2 1477_11.86_10.17.y+250kpc
-0.366922 -0.438180  0.313486 2 1497_12.00_10.45.y+250kpc
-0.160088 -0.384850  0.307564 2 1812_11.75_10.14.y+250kpc
-0.129150 -0.453029  0.301953 2 1843_11.96_10.42.y+250kpc
-0.182725 -0.206208  0.482710 2 1974_11.96_10.41.y+250kpc
-0.233267 -0.175836  0.457816 2 2000_11.97_10.28.y+250kpc
-0.193755 -0.183847  0.461466 2 2007_12.01_10.39.y+250kpc
-0.409826 -0.073266  0.363889 2 2062_11.84_9.923.y+250kpc
-0.391770  0.035883  0.367499 2 2094_11.84_10.00.y+250kpc
-0.341022 -0.163628  0.394229 2 2149_12.14_10.60.y+250kpc
-0.387066 -0.163761  0.425875 2 2150_11.75_10.06.y+250kpc
-0.160127  0.048612  0.325082 2 2273_12.20_10.50.y+250kpc
-0.269567 -0.152447  0.424932 2 2287_11.86_10.20.y+250kpc
-0.170890 -0.080356  0.408833 2 2329_11.89_10.02.y+250kpc
-0.020260  0.019362  0.431969 2 2405_12.10_10.49.y+250kpc
-0.305966  0.353984  0.485967 2 2654_12.03_10.33.y+250kpc
-0.008452  0.099930  0.096642 2 2725_11.97_10.32.y+250kpc
-0.024706  0.102704  0.139945 2 2737_11.83_10.22.y+250kpc
-0.180947  0.245314  0.333552 2 2772_12.18_10.66.y+250kpc
-0.244356  0.261287  0.373321 2 2786_11.76_9.805.y+250kpc
-0.208081  0.280576  0.336488 2 2912_12.01_10.48.y+250kpc
 0.352692 -0.376081 -0.395122 2 3061_12.18_10.62.y+250kpc
 0.344385 -0.451996 -0.263347 2 3094_12.13_10.40.y+250kpc
 0.407508 -0.356643 -0.279771 2 3175_11.96_10.36.y+250kpc
 0.073249 -0.265248 -0.232903 2 3219_11.87_10.22.y+250kpc
 0.139435 -0.039439 -0.324764 2 3255_12.02_10.46.y+250kpc
 0.378118 -0.306982 -0.393449 2 3343_11.81_9.884.y+250kpc
 0.156014  0.049641 -0.460846 2 3429_12.09_10.48.y+250kpc
 0.164708  0.302096 -0.231640 2 3599_12.22_10.40.y+250kpc
 0.174214  0.327051 -0.227900 2 3610_11.88_10.29.y+250kpc
 0.435087  0.359154 -0.361957 2 3804_12.21_10.67.y+250kpc
 0.383427  0.365073 -0.238374 2 3833_11.81_9.944.y+250kpc
 0.384160  0.385058 -0.318967 2 3860_11.95_10.18.y+250kpc
 0.222876  0.391115 -0.218955 2 3943_12.02_10.02.y+250kpc
 0.306611 -0.493659 -0.263501 2 4368_11.89_10.40.y+250kpc
 0.150966 -0.318044 -0.189042 2 4381_11.77_9.847.y+250kpc
 0.185001 -0.436842 -0.148301 2 4423_11.95_10.32.y+250kpc
 0.081141 -0.091162 -0.135597 2 4518_11.99_10.45.y+250kpc
 0.309867 -0.171136  0.099801 2 4658_11.75_10.26.y+250kpc
 0.311762 -0.085630  0.072371 2 4721_11.98_10.36.y+250kpc
 0.299048 -0.109470  0.078562 2 4724_11.81_9.991.y+250kpc
 0.375298 -0.132860  0.151702 2 4765_11.96_10.24.y+250kpc
 0.064337 -0.360073  0.243871 2 4849_11.89_10.40.y+250kpc
 0.060990 -0.417726  0.472604 2 4886_11.82_10.32.y+250kpc
 0.088173 -0.334514  0.397460 2 4895_12.09_10.51.y+250kpc
 0.175523 -0.314304  0.371456 2 4922_11.75_10.38.y+250kpc
 0.351281 -0.266111  0.371607 2 4947_11.85_10.21.y+250kpc
 0.397753 -0.210823  0.349801 2 4950_12.06_10.52.y+250kpc
 0.386954 -0.093369  0.482850 2 5132_12.14_10.46.y+250kpc
 0.399989 -0.083446  0.485481 2 5136_12.24_10.16.y+250kpc
 0.405451 -0.237868  0.357857 2 5176_12.07_10.58.y+250kpc
-0.049474 -0.287908 -0.376638 2 27_11.98_10.45.y+290kpc
-0.379502 -0.410787 -0.017719 2 265_12.07_10.59.y+290kpc
-0.152314 -0.294281 -0.262571 2 302_12.12_10.54.y+290kpc
-0.189995 -0.278723 -0.019468 2 354_12.06_10.39.y+290kpc
-0.269349 -0.311689  0.003541 2 377_11.89_10.26.y+290kpc
-0.313490 -0.292721  0.059515 2 395_11.83_10.21.y+290kpc
-0.104947 -0.295051 -0.267047 2 440_11.83_10.17.y+290kpc
-0.032335 -0.351507  0.031460 2 497_11.82_10.10.y+290kpc
-0.290802 -0.205700 -0.418708 2 521_11.81_10.19.y+290kpc
-0.052745 -0.240501 -0.325343 2 781_11.89_10.37.y+290kpc
-0.024916 -0.237707 -0.249572 2 856_12.03_10.10.y+290kpc
 0.033994 -0.267462 -0.247916 2 875_12.05_9.846.y+290kpc
-0.279037 -0.177312 -0.467967 2 909_11.77_9.868.y+290kpc
 0.014878  0.049171 -0.117903 2 1095_12.10_10.47.y+290kpc
 0.032756  0.025782 -0.113999 2 1111_11.88_10.29.y+290kpc
-0.465355  0.070332 -0.205231 2 1152_11.75_9.900.y+290kpc
-0.378712  0.387022 -0.090144 2 1211_11.98_10.55.y+290kpc
-0.343747  0.402824 -0.085014 2 1214_11.86_10.18.y+290kpc
-0.198236  0.474909 -0.260179 2 1292_12.10_10.69.y+290kpc
-0.133639  0.454169 -0.361093 2 1294_11.78_10.17.y+290kpc
-0.313536  0.471220 -0.248981 2 1381_11.91_10.25.y+290kpc
-0.485103  0.438283 -0.059384 2 1406_11.98_10.52.y+290kpc
-0.215944 -0.496108 -0.035894 2 1448_12.10_10.67.y+290kpc
-0.433915 -0.277866  0.148068 2 1471_11.78_10.23.y+290kpc
-0.344097 -0.284838  0.080469 2 1477_11.86_10.17.y+290kpc
-0.366922 -0.436580  0.313486 2 1497_12.00_10.45.y+290kpc
-0.160088 -0.383250  0.307564 2 1812_11.75_10.14.y+290kpc
-0.129150 -0.451429  0.301953 2 1843_11.96_10.42.y+290kpc
-0.182725 -0.204608  0.482710 2 1974_11.96_10.41.y+290kpc
-0.233267 -0.174236  0.457816 2 2000_11.97_10.28.y+290kpc
-0.193755 -0.182247  0.461466 2 2007_12.01_10.39.y+290kpc
-0.409826 -0.071666  0.363889 2 2062_11.84_9.923.y+290kpc
-0.391770  0.037483  0.367499 2 2094_11.84_10.00.y+290kpc
-0.341022 -0.162028  0.394229 2 2149_12.14_10.60.y+290kpc
-0.387066 -0.162161  0.425875 2 2150_11.75_10.06.y+290kpc
-0.160127  0.050212  0.325082 2 2273_12.20_10.50.y+290kpc
-0.269567 -0.150847  0.424932 2 2287_11.86_10.20.y+290kpc
-0.170890 -0.078756  0.408833 2 2329_11.89_10.02.y+290kpc
-0.020260  0.020962  0.431969 2 2405_12.10_10.49.y+290kpc
-0.305966  0.355584  0.485967 2 2654_12.03_10.33.y+290kpc
-0.008452  0.101530  0.096642 2 2725_11.97_10.32.y+290kpc
-0.024706  0.104304  0.139945 2 2737_11.83_10.22.y+290kpc
-0.180947  0.246914  0.333552 2 2772_12.18_10.66.y+290kpc
-0.244356  0.262887  0.373321 2 2786_11.76_9.805.y+290kpc
-0.208081  0.282176  0.336488 2 2912_12.01_10.48.y+290kpc
 0.352692 -0.374481 -0.395122 2 3061_12.18_10.62.y+290kpc
 0.344385 -0.450396 -0.263347 2 3094_12.13_10.40.y+290kpc
 0.407508 -0.355043 -0.279771 2 3175_11.96_10.36.y+290kpc
 0.073249 -0.263648 -0.232903 2 3219_11.87_10.22.y+290kpc
 0.139435 -0.037839 -0.324764 2 3255_12.02_10.46.y+290kpc
 0.378118 -0.305382 -0.393449 2 3343_11.81_9.884.y+290kpc
 0.156014  0.051241 -0.460846 2 3429_12.09_10.48.y+290kpc
 0.164708  0.303696 -0.231640 2 3599_12.22_10.40.y+290kpc
 0.174214  0.328651 -0.227900 2 3610_11.88_10.29.y+290kpc
 0.435087  0.360754 -0.361957 2 3804_12.21_10.67.y+290kpc
 0.383427  0.366673 -0.238374 2 3833_11.81_9.944.y+290kpc
 0.384160  0.386658 -0.318967 2 3860_11.95_10.18.y+290kpc
 0.222876  0.392715 -0.218955 2 3943_12.02_10.02.y+290kpc
 0.306611 -0.492059 -0.263501 2 4368_11.89_10.40.y+290kpc
 0.150966 -0.316444 -0.189042 2 4381_11.77_9.847.y+290kpc
 0.185001 -0.435242 -0.148301 2 4423_11.95_10.32.y+290kpc
 0.081141 -0.089562 -0.135597 2 4518_11.99_10.45.y+290kpc
 0.309867 -0.169536  0.099801 2 4658_11.75_10.26.y+290kpc
 0.311762 -0.084030  0.072371 2 4721_11.98_10.36.y+290kpc
 0.299048 -0.107870  0.078562 2 4724_11.81_9.991.y+290kpc
 0.375298 -0.131260  0.151702 2 4765_11.96_10.24.y+290kpc
 0.064337 -0.358473  0.243871 2 4849_11.89_10.40.y+290kpc
 0.060990 -0.416126  0.472604 2 4886_11.82_10.32.y+290kpc
 0.088173 -0.332914  0.397460 2 4895_12.09_10.51.y+290kpc
 0.175523 -0.312704  0.371456 2 4922_11.75_10.38.y+290kpc
 0.351281 -0.264511  0.371607 2 4947_11.85_10.21.y+290kpc
 0.397753 -0.209223  0.349801 2 4950_12.06_10.52.y+290kpc
 0.386954 -0.091769  0.482850 2 5132_12.14_10.46.y+290kpc
 0.399989 -0.081846  0.485481 2 5136_12.24_10.16.y+290kpc
 0.405451 -0.236268  0.357857 2 5176_12.07_10.58.y+290kpc
