-0.287859 -0.216278 -0.423786 2 20_11.83_10.27.x-10kpc
-0.097108 -0.304398 -0.267673 2 184_11.84_10.06.x-10kpc
-0.379483 -0.422022 -0.017665 2 226_12.05_10.60.x-10kpc
-0.368187 -0.445808  0.314506 2 255_11.98_10.39.x-10kpc
-0.438848 -0.286689  0.152272 2 278_11.75_10.00.x-10kpc
-0.314003 -0.306224  0.062420 2 285_11.81_10.06.x-10kpc
-0.345774 -0.300016  0.084953 2 288_11.83_10.00.x-10kpc
-0.188885 -0.289563 -0.018369 2 341_12.06_10.45.x-10kpc
-0.265840 -0.322526  0.004493 2 356_11.88_10.12.x-10kpc
-0.132138 -0.459078  0.302746 2 388_11.97_10.12.x-10kpc
-0.432056 -0.164700  0.363664 2 507_11.77_9.929.x-10kpc
-0.341345 -0.177095  0.394820 2 520_12.13_10.63.x-10kpc
-0.182664 -0.218733  0.484221 2 533_11.96_10.31.x-10kpc
-0.271699 -0.163725  0.425795 2 640_11.81_10.13.x-10kpc
-0.234551 -0.186559  0.457998 2 649_11.97_10.35.x-10kpc
-0.191717 -0.193309  0.465038 2 663_12.06_10.56.x-10kpc
-0.048048 -0.299737 -0.371937 2 704_11.96_10.46.x-10kpc
-0.053322 -0.256765 -0.319943 2 716_11.89_10.28.x-10kpc
 0.380139 -0.318019 -0.387551 2 944_11.77_9.950.x-10kpc
-0.027063 -0.253842 -0.253652 2 1072_12.06_10.26.x-10kpc
 0.028758 -0.283818 -0.254484 2 1092_12.04_9.881.x-10kpc
 0.069607 -0.276787 -0.232975 2 1103_11.89_10.18.x-10kpc
 0.147384 -0.327611 -0.193537 2 1133_11.79_9.868.x-10kpc
 0.340045 -0.464159 -0.264684 2 1162_12.18_10.33.x-10kpc
 0.400546 -0.365897 -0.281623 2 1174_11.96_10.06.x-10kpc
-0.033709 -0.360662  0.031995 2 1189_11.88_10.04.x-10kpc
 0.185279 -0.450246 -0.153096 2 1194_11.97_10.19.x-10kpc
 0.314909 -0.177565  0.101245 2 1269_11.75_10.13.x-10kpc
 0.371534 -0.144774  0.156481 2 1307_11.98_10.44.x-10kpc
 0.062440 -0.369532  0.244487 2 1315_11.87_10.00.x-10kpc
 0.058403 -0.425627  0.477778 2 1345_11.82_10.47.x-10kpc
 0.087061 -0.344375  0.399593 2 1353_12.12_10.54.x-10kpc
 0.173683 -0.320664  0.374663 2 1370_11.75_10.12.x-10kpc
 0.354401 -0.273106  0.372911 2 1372_11.90_10.09.x-10kpc
 0.400500 -0.220623  0.350777 2 1411_12.08_10.57.x-10kpc
 0.413586 -0.215878  0.344681 2 1416_11.78_10.03.x-10kpc
 0.407177 -0.245208  0.358568 2 1429_12.07_10.56.x-10kpc
 0.418521 -0.157841  0.203421 2 1438_12.00_10.49.x-10kpc
 0.083447 -0.102170 -0.138987 2 1534_12.02_10.34.x-10kpc
 0.090898  0.115190 -0.166883 2 1556_12.07_10.59.x-10kpc
-0.308932  0.465245 -0.251722 2 1588_11.95_10.13.x-10kpc
-0.197474  0.465661 -0.260649 2 1594_12.10_10.66.x-10kpc
-0.129406  0.449040 -0.360803 2 1610_11.78_10.30.x-10kpc
 0.137698 -0.050243 -0.323295 2 1648_12.02_10.33.x-10kpc
 0.155756  0.038552 -0.459636 2 1652_12.07_10.27.x-10kpc
 0.135933  0.146135 -0.152158 2 1678_11.87_10.15.x-10kpc
 0.164134  0.301825 -0.233512 2 1815_12.18_10.39.x-10kpc
 0.176074  0.318410 -0.225896 2 1828_11.87_10.10.x-10kpc
-0.394660  0.026226  0.366716 2 1940_11.84_9.865.x-10kpc
-0.380582  0.377934 -0.091062 2 2055_11.98_10.41.x-10kpc
-0.489122  0.429486 -0.058907 2 2056_11.99_10.57.x-10kpc
-0.345559  0.393997 -0.084897 2 2058_11.85_10.19.x-10kpc
-0.216180  0.495275 -0.037457 2 2066_12.06_10.49.x-10kpc
-0.308285  0.344921  0.484824 2 2159_11.99_10.07.x-10kpc
 0.036820  0.013811 -0.116810 2 2181_11.91_10.23.x-10kpc
-0.174340 -0.095149  0.410602 2 2272_11.88_9.987.x-10kpc
-0.023401  0.008139  0.432689 2 2299_12.08_10.40.x-10kpc
 0.182286  0.010874  0.499036 2 2319_12.03_10.24.x-10kpc
 0.019594  0.037020 -0.116386 2 2322_12.22_10.58.x-10kpc
-0.008198  0.089747  0.097117 2 2336_11.98_10.34.x-10kpc
-0.024391  0.091179  0.141734 2 2358_11.90_10.15.x-10kpc
-0.165585  0.039018  0.327504 2 2425_12.22_10.56.x-10kpc
-0.209375  0.268732  0.337660 2 2472_11.98_10.29.x-10kpc
 0.184567  0.247080  0.475419 2 2486_11.90_9.798.x-10kpc
 0.069554  0.269611  0.499216 2 2491_11.79_10.05.x-10kpc
 0.252723  0.337311 -0.244093 2 2548_11.83_9.843.x-10kpc
 0.311237  0.330368 -0.126102 2 2571_11.93_10.39.x-10kpc
 0.375456  0.379649 -0.318033 2 2585_11.93_10.18.x-10kpc
 0.336661  0.414631 -0.321049 2 2693_11.76_10.03.x-10kpc
 0.302847  0.495514 -0.264823 2 2715_11.85_10.21.x-10kpc
 0.271332  0.442157 -0.243216 2 2779_11.78_9.940.x-10kpc
 0.289210  0.422399 -0.199169 2 2785_12.24_10.70.x-10kpc
 0.311823 -0.096680  0.072886 2 2842_11.97_10.24.x-10kpc
 0.353036  0.042589  0.101483 2 2849_12.20_10.69.x-10kpc
 0.351432  0.100145  0.058938 2 2853_11.85_10.21.x-10kpc
-0.289459 -0.216278 -0.423786 2 20_11.83_10.27.x-50kpc
-0.098708 -0.304398 -0.267673 2 184_11.84_10.06.x-50kpc
-0.381083 -0.422022 -0.017665 2 226_12.05_10.60.x-50kpc
-0.369787 -0.445808  0.314506 2 255_11.98_10.39.x-50kpc
-0.440448 -0.286689  0.152272 2 278_11.75_10.00.x-50kpc
-0.315603 -0.306224  0.062420 2 285_11.81_10.06.x-50kpc
-0.347374 -0.300016  0.084953 2 288_11.83_10.00.x-50kpc
-0.190485 -0.289563 -0.018369 2 341_12.06_10.45.x-50kpc
-0.267440 -0.322526  0.004493 2 356_11.88_10.12.x-50kpc
-0.133738 -0.459078  0.302746 2 388_11.97_10.12.x-50kpc
-0.433656 -0.164700  0.363664 2 507_11.77_9.929.x-50kpc
-0.342945 -0.177095  0.394820 2 520_12.13_10.63.x-50kpc
-0.184264 -0.218733  0.484221 2 533_11.96_10.31.x-50kpc
-0.273299 -0.163725  0.425795 2 640_11.81_10.13.x-50kpc
-0.236151 -0.186559  0.457998 2 649_11.97_10.35.x-50kpc
-0.193317 -0.193309  0.465038 2 663_12.06_10.56.x-50kpc
-0.049648 -0.299737 -0.371937 2 704_11.96_10.46.x-50kpc
-0.054922 -0.256765 -0.319943 2 716_11.89_10.28.x-50kpc
 0.378539 -0.318019 -0.387551 2 944_11.77_9.950.x-50kpc
-0.028663 -0.253842 -0.253652 2 1072_12.06_10.26.x-50kpc
 0.027158 -0.283818 -0.254484 2 1092_12.04_9.881.x-50kpc
 0.068007 -0.276787 -0.232975 2 1103_11.89_10.18.x-50kpc
 0.145784 -0.327611 -0.193537 2 1133_11.79_9.868.x-50kpc
 0.338445 -0.464159 -0.264684 2 1162_12.18_10.33.x-50kpc
 0.398946 -0.365897 -0.281623 2 1174_11.96_10.06.x-50kpc
-0.035309 -0.360662  0.031995 2 1189_11.88_10.04.x-50kpc
 0.183679 -0.450246 -0.153096 2 1194_11.97_10.19.x-50kpc
 0.313309 -0.177565  0.101245 2 1269_11.75_10.13.x-50kpc
 0.369934 -0.144774  0.156481 2 1307_11.98_10.44.x-50kpc
 0.060840 -0.369532  0.244487 2 1315_11.87_10.00.x-50kpc
 0.056803 -0.425627  0.477778 2 1345_11.82_10.47.x-50kpc
 0.085461 -0.344375  0.399593 2 1353_12.12_10.54.x-50kpc
 0.172083 -0.320664  0.374663 2 1370_11.75_10.12.x-50kpc
 0.352801 -0.273106  0.372911 2 1372_11.90_10.09.x-50kpc
 0.398900 -0.220623  0.350777 2 1411_12.08_10.57.x-50kpc
 0.411986 -0.215878  0.344681 2 1416_11.78_10.03.x-50kpc
 0.405577 -0.245208  0.358568 2 1429_12.07_10.56.x-50kpc
 0.416921 -0.157841  0.203421 2 1438_12.00_10.49.x-50kpc
 0.081847 -0.102170 -0.138987 2 1534_12.02_10.34.x-50kpc
 0.089298  0.115190 -0.166883 2 1556_12.07_10.59.x-50kpc
-0.310532  0.465245 -0.251722 2 1588_11.95_10.13.x-50kpc
-0.199074  0.465661 -0.260649 2 1594_12.10_10.66.x-50kpc
-0.131006  0.449040 -0.360803 2 1610_11.78_10.30.x-50kpc
 0.136098 -0.050243 -0.323295 2 1648_12.02_10.33.x-50kpc
 0.154156  0.038552 -0.459636 2 1652_12.07_10.27.x-50kpc
 0.134333  0.146135 -0.152158 2 1678_11.87_10.15.x-50kpc
 0.162534  0.301825 -0.233512 2 1815_12.18_10.39.x-50kpc
 0.174474  0.318410 -0.225896 2 1828_11.87_10.10.x-50kpc
-0.396260  0.026226  0.366716 2 1940_11.84_9.865.x-50kpc
-0.382182  0.377934 -0.091062 2 2055_11.98_10.41.x-50kpc
-0.490722  0.429486 -0.058907 2 2056_11.99_10.57.x-50kpc
-0.347159  0.393997 -0.084897 2 2058_11.85_10.19.x-50kpc
-0.217780  0.495275 -0.037457 2 2066_12.06_10.49.x-50kpc
-0.309885  0.344921  0.484824 2 2159_11.99_10.07.x-50kpc
 0.035220  0.013811 -0.116810 2 2181_11.91_10.23.x-50kpc
-0.175940 -0.095149  0.410602 2 2272_11.88_9.987.x-50kpc
-0.025001  0.008139  0.432689 2 2299_12.08_10.40.x-50kpc
 0.180686  0.010874  0.499036 2 2319_12.03_10.24.x-50kpc
 0.017994  0.037020 -0.116386 2 2322_12.22_10.58.x-50kpc
-0.009798  0.089747  0.097117 2 2336_11.98_10.34.x-50kpc
-0.025991  0.091179  0.141734 2 2358_11.90_10.15.x-50kpc
-0.167185  0.039018  0.327504 2 2425_12.22_10.56.x-50kpc
-0.210975  0.268732  0.337660 2 2472_11.98_10.29.x-50kpc
 0.182967  0.247080  0.475419 2 2486_11.90_9.798.x-50kpc
 0.067954  0.269611  0.499216 2 2491_11.79_10.05.x-50kpc
 0.251123  0.337311 -0.244093 2 2548_11.83_9.843.x-50kpc
 0.309637  0.330368 -0.126102 2 2571_11.93_10.39.x-50kpc
 0.373856  0.379649 -0.318033 2 2585_11.93_10.18.x-50kpc
 0.335061  0.414631 -0.321049 2 2693_11.76_10.03.x-50kpc
 0.301247  0.495514 -0.264823 2 2715_11.85_10.21.x-50kpc
 0.269732  0.442157 -0.243216 2 2779_11.78_9.940.x-50kpc
 0.287610  0.422399 -0.199169 2 2785_12.24_10.70.x-50kpc
 0.310223 -0.096680  0.072886 2 2842_11.97_10.24.x-50kpc
 0.351436  0.042589  0.101483 2 2849_12.20_10.69.x-50kpc
 0.349832  0.100145  0.058938 2 2853_11.85_10.21.x-50kpc
-0.291059 -0.216278 -0.423786 2 20_11.83_10.27.x-90kpc
-0.100308 -0.304398 -0.267673 2 184_11.84_10.06.x-90kpc
-0.382683 -0.422022 -0.017665 2 226_12.05_10.60.x-90kpc
-0.371387 -0.445808  0.314506 2 255_11.98_10.39.x-90kpc
-0.442048 -0.286689  0.152272 2 278_11.75_10.00.x-90kpc
-0.317203 -0.306224  0.062420 2 285_11.81_10.06.x-90kpc
-0.348974 -0.300016  0.084953 2 288_11.83_10.00.x-90kpc
-0.192085 -0.289563 -0.018369 2 341_12.06_10.45.x-90kpc
-0.269040 -0.322526  0.004493 2 356_11.88_10.12.x-90kpc
-0.135338 -0.459078  0.302746 2 388_11.97_10.12.x-90kpc
-0.435256 -0.164700  0.363664 2 507_11.77_9.929.x-90kpc
-0.344545 -0.177095  0.394820 2 520_12.13_10.63.x-90kpc
-0.185864 -0.218733  0.484221 2 533_11.96_10.31.x-90kpc
-0.274899 -0.163725  0.425795 2 640_11.81_10.13.x-90kpc
-0.237751 -0.186559  0.457998 2 649_11.97_10.35.x-90kpc
-0.194917 -0.193309  0.465038 2 663_12.06_10.56.x-90kpc
-0.051248 -0.299737 -0.371937 2 704_11.96_10.46.x-90kpc
-0.056522 -0.256765 -0.319943 2 716_11.89_10.28.x-90kpc
 0.376939 -0.318019 -0.387551 2 944_11.77_9.950.x-90kpc
-0.030263 -0.253842 -0.253652 2 1072_12.06_10.26.x-90kpc
 0.025558 -0.283818 -0.254484 2 1092_12.04_9.881.x-90kpc
 0.066407 -0.276787 -0.232975 2 1103_11.89_10.18.x-90kpc
 0.144184 -0.327611 -0.193537 2 1133_11.79_9.868.x-90kpc
 0.336845 -0.464159 -0.264684 2 1162_12.18_10.33.x-90kpc
 0.397346 -0.365897 -0.281623 2 1174_11.96_10.06.x-90kpc
-0.036909 -0.360662  0.031995 2 1189_11.88_10.04.x-90kpc
 0.182079 -0.450246 -0.153096 2 1194_11.97_10.19.x-90kpc
 0.311709 -0.177565  0.101245 2 1269_11.75_10.13.x-90kpc
 0.368334 -0.144774  0.156481 2 1307_11.98_10.44.x-90kpc
 0.059240 -0.369532  0.244487 2 1315_11.87_10.00.x-90kpc
 0.055203 -0.425627  0.477778 2 1345_11.82_10.47.x-90kpc
 0.083861 -0.344375  0.399593 2 1353_12.12_10.54.x-90kpc
 0.170483 -0.320664  0.374663 2 1370_11.75_10.12.x-90kpc
 0.351201 -0.273106  0.372911 2 1372_11.90_10.09.x-90kpc
 0.397300 -0.220623  0.350777 2 1411_12.08_10.57.x-90kpc
 0.410386 -0.215878  0.344681 2 1416_11.78_10.03.x-90kpc
 0.403977 -0.245208  0.358568 2 1429_12.07_10.56.x-90kpc
 0.415321 -0.157841  0.203421 2 1438_12.00_10.49.x-90kpc
 0.080247 -0.102170 -0.138987 2 1534_12.02_10.34.x-90kpc
 0.087698  0.115190 -0.166883 2 1556_12.07_10.59.x-90kpc
-0.312132  0.465245 -0.251722 2 1588_11.95_10.13.x-90kpc
-0.200674  0.465661 -0.260649 2 1594_12.10_10.66.x-90kpc
-0.132606  0.449040 -0.360803 2 1610_11.78_10.30.x-90kpc
 0.134498 -0.050243 -0.323295 2 1648_12.02_10.33.x-90kpc
 0.152556  0.038552 -0.459636 2 1652_12.07_10.27.x-90kpc
 0.132733  0.146135 -0.152158 2 1678_11.87_10.15.x-90kpc
 0.160934  0.301825 -0.233512 2 1815_12.18_10.39.x-90kpc
 0.172874  0.318410 -0.225896 2 1828_11.87_10.10.x-90kpc
-0.397860  0.026226  0.366716 2 1940_11.84_9.865.x-90kpc
-0.383782  0.377934 -0.091062 2 2055_11.98_10.41.x-90kpc
-0.492322  0.429486 -0.058907 2 2056_11.99_10.57.x-90kpc
-0.348759  0.393997 -0.084897 2 2058_11.85_10.19.x-90kpc
-0.219380  0.495275 -0.037457 2 2066_12.06_10.49.x-90kpc
-0.311485  0.344921  0.484824 2 2159_11.99_10.07.x-90kpc
 0.033620  0.013811 -0.116810 2 2181_11.91_10.23.x-90kpc
-0.177540 -0.095149  0.410602 2 2272_11.88_9.987.x-90kpc
-0.026601  0.008139  0.432689 2 2299_12.08_10.40.x-90kpc
 0.179086  0.010874  0.499036 2 2319_12.03_10.24.x-90kpc
 0.016394  0.037020 -0.116386 2 2322_12.22_10.58.x-90kpc
-0.011398  0.089747  0.097117 2 2336_11.98_10.34.x-90kpc
-0.027591  0.091179  0.141734 2 2358_11.90_10.15.x-90kpc
-0.168785  0.039018  0.327504 2 2425_12.22_10.56.x-90kpc
-0.212575  0.268732  0.337660 2 2472_11.98_10.29.x-90kpc
 0.181367  0.247080  0.475419 2 2486_11.90_9.798.x-90kpc
 0.066354  0.269611  0.499216 2 2491_11.79_10.05.x-90kpc
 0.249523  0.337311 -0.244093 2 2548_11.83_9.843.x-90kpc
 0.308037  0.330368 -0.126102 2 2571_11.93_10.39.x-90kpc
 0.372256  0.379649 -0.318033 2 2585_11.93_10.18.x-90kpc
 0.333461  0.414631 -0.321049 2 2693_11.76_10.03.x-90kpc
 0.299647  0.495514 -0.264823 2 2715_11.85_10.21.x-90kpc
 0.268132  0.442157 -0.243216 2 2779_11.78_9.940.x-90kpc
 0.286010  0.422399 -0.199169 2 2785_12.24_10.70.x-90kpc
 0.308623 -0.096680  0.072886 2 2842_11.97_10.24.x-90kpc
 0.349836  0.042589  0.101483 2 2849_12.20_10.69.x-90kpc
 0.348232  0.100145  0.058938 2 2853_11.85_10.21.x-90kpc
-0.292659 -0.216278 -0.423786 2 20_11.83_10.27.x-130kpc
-0.101908 -0.304398 -0.267673 2 184_11.84_10.06.x-130kpc
-0.384283 -0.422022 -0.017665 2 226_12.05_10.60.x-130kpc
-0.372987 -0.445808  0.314506 2 255_11.98_10.39.x-130kpc
-0.443648 -0.286689  0.152272 2 278_11.75_10.00.x-130kpc
-0.318803 -0.306224  0.062420 2 285_11.81_10.06.x-130kpc
-0.350574 -0.300016  0.084953 2 288_11.83_10.00.x-130kpc
-0.193685 -0.289563 -0.018369 2 341_12.06_10.45.x-130kpc
-0.270640 -0.322526  0.004493 2 356_11.88_10.12.x-130kpc
-0.136938 -0.459078  0.302746 2 388_11.97_10.12.x-130kpc
-0.436856 -0.164700  0.363664 2 507_11.77_9.929.x-130kpc
-0.346145 -0.177095  0.394820 2 520_12.13_10.63.x-130kpc
-0.187464 -0.218733  0.484221 2 533_11.96_10.31.x-130kpc
-0.276499 -0.163725  0.425795 2 640_11.81_10.13.x-130kpc
-0.239351 -0.186559  0.457998 2 649_11.97_10.35.x-130kpc
-0.196517 -0.193309  0.465038 2 663_12.06_10.56.x-130kpc
-0.052848 -0.299737 -0.371937 2 704_11.96_10.46.x-130kpc
-0.058122 -0.256765 -0.319943 2 716_11.89_10.28.x-130kpc
 0.375339 -0.318019 -0.387551 2 944_11.77_9.950.x-130kpc
-0.031863 -0.253842 -0.253652 2 1072_12.06_10.26.x-130kpc
 0.023958 -0.283818 -0.254484 2 1092_12.04_9.881.x-130kpc
 0.064807 -0.276787 -0.232975 2 1103_11.89_10.18.x-130kpc
 0.142584 -0.327611 -0.193537 2 1133_11.79_9.868.x-130kpc
 0.335245 -0.464159 -0.264684 2 1162_12.18_10.33.x-130kpc
 0.395746 -0.365897 -0.281623 2 1174_11.96_10.06.x-130kpc
-0.038509 -0.360662  0.031995 2 1189_11.88_10.04.x-130kpc
 0.180479 -0.450246 -0.153096 2 1194_11.97_10.19.x-130kpc
 0.310109 -0.177565  0.101245 2 1269_11.75_10.13.x-130kpc
 0.366734 -0.144774  0.156481 2 1307_11.98_10.44.x-130kpc
 0.057640 -0.369532  0.244487 2 1315_11.87_10.00.x-130kpc
 0.053603 -0.425627  0.477778 2 1345_11.82_10.47.x-130kpc
 0.082261 -0.344375  0.399593 2 1353_12.12_10.54.x-130kpc
 0.168883 -0.320664  0.374663 2 1370_11.75_10.12.x-130kpc
 0.349601 -0.273106  0.372911 2 1372_11.90_10.09.x-130kpc
 0.395700 -0.220623  0.350777 2 1411_12.08_10.57.x-130kpc
 0.408786 -0.215878  0.344681 2 1416_11.78_10.03.x-130kpc
 0.402377 -0.245208  0.358568 2 1429_12.07_10.56.x-130kpc
 0.413721 -0.157841  0.203421 2 1438_12.00_10.49.x-130kpc
 0.078647 -0.102170 -0.138987 2 1534_12.02_10.34.x-130kpc
 0.086098  0.115190 -0.166883 2 1556_12.07_10.59.x-130kpc
-0.313732  0.465245 -0.251722 2 1588_11.95_10.13.x-130kpc
-0.202274  0.465661 -0.260649 2 1594_12.10_10.66.x-130kpc
-0.134206  0.449040 -0.360803 2 1610_11.78_10.30.x-130kpc
 0.132898 -0.050243 -0.323295 2 1648_12.02_10.33.x-130kpc
 0.150956  0.038552 -0.459636 2 1652_12.07_10.27.x-130kpc
 0.131133  0.146135 -0.152158 2 1678_11.87_10.15.x-130kpc
 0.159334  0.301825 -0.233512 2 1815_12.18_10.39.x-130kpc
 0.171274  0.318410 -0.225896 2 1828_11.87_10.10.x-130kpc
-0.399460  0.026226  0.366716 2 1940_11.84_9.865.x-130kpc
-0.385382  0.377934 -0.091062 2 2055_11.98_10.41.x-130kpc
-0.493922  0.429486 -0.058907 2 2056_11.99_10.57.x-130kpc
-0.350359  0.393997 -0.084897 2 2058_11.85_10.19.x-130kpc
-0.220980  0.495275 -0.037457 2 2066_12.06_10.49.x-130kpc
-0.313085  0.344921  0.484824 2 2159_11.99_10.07.x-130kpc
 0.032020  0.013811 -0.116810 2 2181_11.91_10.23.x-130kpc
-0.179140 -0.095149  0.410602 2 2272_11.88_9.987.x-130kpc
-0.028201  0.008139  0.432689 2 2299_12.08_10.40.x-130kpc
 0.177486  0.010874  0.499036 2 2319_12.03_10.24.x-130kpc
 0.014794  0.037020 -0.116386 2 2322_12.22_10.58.x-130kpc
-0.012998  0.089747  0.097117 2 2336_11.98_10.34.x-130kpc
-0.029191  0.091179  0.141734 2 2358_11.90_10.15.x-130kpc
-0.170385  0.039018  0.327504 2 2425_12.22_10.56.x-130kpc
-0.214175  0.268732  0.337660 2 2472_11.98_10.29.x-130kpc
 0.179767  0.247080  0.475419 2 2486_11.90_9.798.x-130kpc
 0.064754  0.269611  0.499216 2 2491_11.79_10.05.x-130kpc
 0.247923  0.337311 -0.244093 2 2548_11.83_9.843.x-130kpc
 0.306437  0.330368 -0.126102 2 2571_11.93_10.39.x-130kpc
 0.370656  0.379649 -0.318033 2 2585_11.93_10.18.x-130kpc
 0.331861  0.414631 -0.321049 2 2693_11.76_10.03.x-130kpc
 0.298047  0.495514 -0.264823 2 2715_11.85_10.21.x-130kpc
 0.266532  0.442157 -0.243216 2 2779_11.78_9.940.x-130kpc
 0.284410  0.422399 -0.199169 2 2785_12.24_10.70.x-130kpc
 0.307023 -0.096680  0.072886 2 2842_11.97_10.24.x-130kpc
 0.348236  0.042589  0.101483 2 2849_12.20_10.69.x-130kpc
 0.346632  0.100145  0.058938 2 2853_11.85_10.21.x-130kpc
-0.294259 -0.216278 -0.423786 2 20_11.83_10.27.x-170kpc
-0.103508 -0.304398 -0.267673 2 184_11.84_10.06.x-170kpc
-0.385883 -0.422022 -0.017665 2 226_12.05_10.60.x-170kpc
-0.374587 -0.445808  0.314506 2 255_11.98_10.39.x-170kpc
-0.445248 -0.286689  0.152272 2 278_11.75_10.00.x-170kpc
-0.320403 -0.306224  0.062420 2 285_11.81_10.06.x-170kpc
-0.352174 -0.300016  0.084953 2 288_11.83_10.00.x-170kpc
-0.195285 -0.289563 -0.018369 2 341_12.06_10.45.x-170kpc
-0.272240 -0.322526  0.004493 2 356_11.88_10.12.x-170kpc
-0.138538 -0.459078  0.302746 2 388_11.97_10.12.x-170kpc
-0.438456 -0.164700  0.363664 2 507_11.77_9.929.x-170kpc
-0.347745 -0.177095  0.394820 2 520_12.13_10.63.x-170kpc
-0.189064 -0.218733  0.484221 2 533_11.96_10.31.x-170kpc
-0.278099 -0.163725  0.425795 2 640_11.81_10.13.x-170kpc
-0.240951 -0.186559  0.457998 2 649_11.97_10.35.x-170kpc
-0.198117 -0.193309  0.465038 2 663_12.06_10.56.x-170kpc
-0.054448 -0.299737 -0.371937 2 704_11.96_10.46.x-170kpc
-0.059722 -0.256765 -0.319943 2 716_11.89_10.28.x-170kpc
 0.373739 -0.318019 -0.387551 2 944_11.77_9.950.x-170kpc
-0.033463 -0.253842 -0.253652 2 1072_12.06_10.26.x-170kpc
 0.022358 -0.283818 -0.254484 2 1092_12.04_9.881.x-170kpc
 0.063207 -0.276787 -0.232975 2 1103_11.89_10.18.x-170kpc
 0.140984 -0.327611 -0.193537 2 1133_11.79_9.868.x-170kpc
 0.333645 -0.464159 -0.264684 2 1162_12.18_10.33.x-170kpc
 0.394146 -0.365897 -0.281623 2 1174_11.96_10.06.x-170kpc
-0.040109 -0.360662  0.031995 2 1189_11.88_10.04.x-170kpc
 0.178879 -0.450246 -0.153096 2 1194_11.97_10.19.x-170kpc
 0.308509 -0.177565  0.101245 2 1269_11.75_10.13.x-170kpc
 0.365134 -0.144774  0.156481 2 1307_11.98_10.44.x-170kpc
 0.056040 -0.369532  0.244487 2 1315_11.87_10.00.x-170kpc
 0.052003 -0.425627  0.477778 2 1345_11.82_10.47.x-170kpc
 0.080661 -0.344375  0.399593 2 1353_12.12_10.54.x-170kpc
 0.167283 -0.320664  0.374663 2 1370_11.75_10.12.x-170kpc
 0.348001 -0.273106  0.372911 2 1372_11.90_10.09.x-170kpc
 0.394100 -0.220623  0.350777 2 1411_12.08_10.57.x-170kpc
 0.407186 -0.215878  0.344681 2 1416_11.78_10.03.x-170kpc
 0.400777 -0.245208  0.358568 2 1429_12.07_10.56.x-170kpc
 0.412121 -0.157841  0.203421 2 1438_12.00_10.49.x-170kpc
 0.077047 -0.102170 -0.138987 2 1534_12.02_10.34.x-170kpc
 0.084498  0.115190 -0.166883 2 1556_12.07_10.59.x-170kpc
-0.315332  0.465245 -0.251722 2 1588_11.95_10.13.x-170kpc
-0.203874  0.465661 -0.260649 2 1594_12.10_10.66.x-170kpc
-0.135806  0.449040 -0.360803 2 1610_11.78_10.30.x-170kpc
 0.131298 -0.050243 -0.323295 2 1648_12.02_10.33.x-170kpc
 0.149356  0.038552 -0.459636 2 1652_12.07_10.27.x-170kpc
 0.129533  0.146135 -0.152158 2 1678_11.87_10.15.x-170kpc
 0.157734  0.301825 -0.233512 2 1815_12.18_10.39.x-170kpc
 0.169674  0.318410 -0.225896 2 1828_11.87_10.10.x-170kpc
-0.401060  0.026226  0.366716 2 1940_11.84_9.865.x-170kpc
-0.386982  0.377934 -0.091062 2 2055_11.98_10.41.x-170kpc
-0.495522  0.429486 -0.058907 2 2056_11.99_10.57.x-170kpc
-0.351959  0.393997 -0.084897 2 2058_11.85_10.19.x-170kpc
-0.222580  0.495275 -0.037457 2 2066_12.06_10.49.x-170kpc
-0.314685  0.344921  0.484824 2 2159_11.99_10.07.x-170kpc
 0.030420  0.013811 -0.116810 2 2181_11.91_10.23.x-170kpc
-0.180740 -0.095149  0.410602 2 2272_11.88_9.987.x-170kpc
-0.029801  0.008139  0.432689 2 2299_12.08_10.40.x-170kpc
 0.175886  0.010874  0.499036 2 2319_12.03_10.24.x-170kpc
 0.013194  0.037020 -0.116386 2 2322_12.22_10.58.x-170kpc
-0.014598  0.089747  0.097117 2 2336_11.98_10.34.x-170kpc
-0.030791  0.091179  0.141734 2 2358_11.90_10.15.x-170kpc
-0.171985  0.039018  0.327504 2 2425_12.22_10.56.x-170kpc
-0.215775  0.268732  0.337660 2 2472_11.98_10.29.x-170kpc
 0.178167  0.247080  0.475419 2 2486_11.90_9.798.x-170kpc
 0.063154  0.269611  0.499216 2 2491_11.79_10.05.x-170kpc
 0.246323  0.337311 -0.244093 2 2548_11.83_9.843.x-170kpc
 0.304837  0.330368 -0.126102 2 2571_11.93_10.39.x-170kpc
 0.369056  0.379649 -0.318033 2 2585_11.93_10.18.x-170kpc
 0.330261  0.414631 -0.321049 2 2693_11.76_10.03.x-170kpc
 0.296447  0.495514 -0.264823 2 2715_11.85_10.21.x-170kpc
 0.264932  0.442157 -0.243216 2 2779_11.78_9.940.x-170kpc
 0.282810  0.422399 -0.199169 2 2785_12.24_10.70.x-170kpc
 0.305423 -0.096680  0.072886 2 2842_11.97_10.24.x-170kpc
 0.346636  0.042589  0.101483 2 2849_12.20_10.69.x-170kpc
 0.345032  0.100145  0.058938 2 2853_11.85_10.21.x-170kpc
-0.295859 -0.216278 -0.423786 2 20_11.83_10.27.x-210kpc
-0.105108 -0.304398 -0.267673 2 184_11.84_10.06.x-210kpc
-0.387483 -0.422022 -0.017665 2 226_12.05_10.60.x-210kpc
-0.376187 -0.445808  0.314506 2 255_11.98_10.39.x-210kpc
-0.446848 -0.286689  0.152272 2 278_11.75_10.00.x-210kpc
-0.322003 -0.306224  0.062420 2 285_11.81_10.06.x-210kpc
-0.353774 -0.300016  0.084953 2 288_11.83_10.00.x-210kpc
-0.196885 -0.289563 -0.018369 2 341_12.06_10.45.x-210kpc
-0.273840 -0.322526  0.004493 2 356_11.88_10.12.x-210kpc
-0.140138 -0.459078  0.302746 2 388_11.97_10.12.x-210kpc
-0.440056 -0.164700  0.363664 2 507_11.77_9.929.x-210kpc
-0.349345 -0.177095  0.394820 2 520_12.13_10.63.x-210kpc
-0.190664 -0.218733  0.484221 2 533_11.96_10.31.x-210kpc
-0.279699 -0.163725  0.425795 2 640_11.81_10.13.x-210kpc
-0.242551 -0.186559  0.457998 2 649_11.97_10.35.x-210kpc
-0.199717 -0.193309  0.465038 2 663_12.06_10.56.x-210kpc
-0.056048 -0.299737 -0.371937 2 704_11.96_10.46.x-210kpc
-0.061322 -0.256765 -0.319943 2 716_11.89_10.28.x-210kpc
 0.372139 -0.318019 -0.387551 2 944_11.77_9.950.x-210kpc
-0.035063 -0.253842 -0.253652 2 1072_12.06_10.26.x-210kpc
 0.020758 -0.283818 -0.254484 2 1092_12.04_9.881.x-210kpc
 0.061607 -0.276787 -0.232975 2 1103_11.89_10.18.x-210kpc
 0.139384 -0.327611 -0.193537 2 1133_11.79_9.868.x-210kpc
 0.332045 -0.464159 -0.264684 2 1162_12.18_10.33.x-210kpc
 0.392546 -0.365897 -0.281623 2 1174_11.96_10.06.x-210kpc
-0.041709 -0.360662  0.031995 2 1189_11.88_10.04.x-210kpc
 0.177279 -0.450246 -0.153096 2 1194_11.97_10.19.x-210kpc
 0.306909 -0.177565  0.101245 2 1269_11.75_10.13.x-210kpc
 0.363534 -0.144774  0.156481 2 1307_11.98_10.44.x-210kpc
 0.054440 -0.369532  0.244487 2 1315_11.87_10.00.x-210kpc
 0.050403 -0.425627  0.477778 2 1345_11.82_10.47.x-210kpc
 0.079061 -0.344375  0.399593 2 1353_12.12_10.54.x-210kpc
 0.165683 -0.320664  0.374663 2 1370_11.75_10.12.x-210kpc
 0.346401 -0.273106  0.372911 2 1372_11.90_10.09.x-210kpc
 0.392500 -0.220623  0.350777 2 1411_12.08_10.57.x-210kpc
 0.405586 -0.215878  0.344681 2 1416_11.78_10.03.x-210kpc
 0.399177 -0.245208  0.358568 2 1429_12.07_10.56.x-210kpc
 0.410521 -0.157841  0.203421 2 1438_12.00_10.49.x-210kpc
 0.075447 -0.102170 -0.138987 2 1534_12.02_10.34.x-210kpc
 0.082898  0.115190 -0.166883 2 1556_12.07_10.59.x-210kpc
-0.316932  0.465245 -0.251722 2 1588_11.95_10.13.x-210kpc
-0.205474  0.465661 -0.260649 2 1594_12.10_10.66.x-210kpc
-0.137406  0.449040 -0.360803 2 1610_11.78_10.30.x-210kpc
 0.129698 -0.050243 -0.323295 2 1648_12.02_10.33.x-210kpc
 0.147756  0.038552 -0.459636 2 1652_12.07_10.27.x-210kpc
 0.127933  0.146135 -0.152158 2 1678_11.87_10.15.x-210kpc
 0.156134  0.301825 -0.233512 2 1815_12.18_10.39.x-210kpc
 0.168074  0.318410 -0.225896 2 1828_11.87_10.10.x-210kpc
-0.402660  0.026226  0.366716 2 1940_11.84_9.865.x-210kpc
-0.388582  0.377934 -0.091062 2 2055_11.98_10.41.x-210kpc
-0.497122  0.429486 -0.058907 2 2056_11.99_10.57.x-210kpc
-0.353559  0.393997 -0.084897 2 2058_11.85_10.19.x-210kpc
-0.224180  0.495275 -0.037457 2 2066_12.06_10.49.x-210kpc
-0.316285  0.344921  0.484824 2 2159_11.99_10.07.x-210kpc
 0.028820  0.013811 -0.116810 2 2181_11.91_10.23.x-210kpc
-0.182340 -0.095149  0.410602 2 2272_11.88_9.987.x-210kpc
-0.031401  0.008139  0.432689 2 2299_12.08_10.40.x-210kpc
 0.174286  0.010874  0.499036 2 2319_12.03_10.24.x-210kpc
 0.011594  0.037020 -0.116386 2 2322_12.22_10.58.x-210kpc
-0.016198  0.089747  0.097117 2 2336_11.98_10.34.x-210kpc
-0.032391  0.091179  0.141734 2 2358_11.90_10.15.x-210kpc
-0.173585  0.039018  0.327504 2 2425_12.22_10.56.x-210kpc
-0.217375  0.268732  0.337660 2 2472_11.98_10.29.x-210kpc
 0.176567  0.247080  0.475419 2 2486_11.90_9.798.x-210kpc
 0.061554  0.269611  0.499216 2 2491_11.79_10.05.x-210kpc
 0.244723  0.337311 -0.244093 2 2548_11.83_9.843.x-210kpc
 0.303237  0.330368 -0.126102 2 2571_11.93_10.39.x-210kpc
 0.367456  0.379649 -0.318033 2 2585_11.93_10.18.x-210kpc
 0.328661  0.414631 -0.321049 2 2693_11.76_10.03.x-210kpc
 0.294847  0.495514 -0.264823 2 2715_11.85_10.21.x-210kpc
 0.263332  0.442157 -0.243216 2 2779_11.78_9.940.x-210kpc
 0.281210  0.422399 -0.199169 2 2785_12.24_10.70.x-210kpc
 0.303823 -0.096680  0.072886 2 2842_11.97_10.24.x-210kpc
 0.345036  0.042589  0.101483 2 2849_12.20_10.69.x-210kpc
 0.343432  0.100145  0.058938 2 2853_11.85_10.21.x-210kpc
-0.297459 -0.216278 -0.423786 2 20_11.83_10.27.x-250kpc
-0.106708 -0.304398 -0.267673 2 184_11.84_10.06.x-250kpc
-0.389083 -0.422022 -0.017665 2 226_12.05_10.60.x-250kpc
-0.377787 -0.445808  0.314506 2 255_11.98_10.39.x-250kpc
-0.448448 -0.286689  0.152272 2 278_11.75_10.00.x-250kpc
-0.323603 -0.306224  0.062420 2 285_11.81_10.06.x-250kpc
-0.355374 -0.300016  0.084953 2 288_11.83_10.00.x-250kpc
-0.198485 -0.289563 -0.018369 2 341_12.06_10.45.x-250kpc
-0.275440 -0.322526  0.004493 2 356_11.88_10.12.x-250kpc
-0.141738 -0.459078  0.302746 2 388_11.97_10.12.x-250kpc
-0.441656 -0.164700  0.363664 2 507_11.77_9.929.x-250kpc
-0.350945 -0.177095  0.394820 2 520_12.13_10.63.x-250kpc
-0.192264 -0.218733  0.484221 2 533_11.96_10.31.x-250kpc
-0.281299 -0.163725  0.425795 2 640_11.81_10.13.x-250kpc
-0.244151 -0.186559  0.457998 2 649_11.97_10.35.x-250kpc
-0.201317 -0.193309  0.465038 2 663_12.06_10.56.x-250kpc
-0.057648 -0.299737 -0.371937 2 704_11.96_10.46.x-250kpc
-0.062922 -0.256765 -0.319943 2 716_11.89_10.28.x-250kpc
 0.370539 -0.318019 -0.387551 2 944_11.77_9.950.x-250kpc
-0.036663 -0.253842 -0.253652 2 1072_12.06_10.26.x-250kpc
 0.019158 -0.283818 -0.254484 2 1092_12.04_9.881.x-250kpc
 0.060007 -0.276787 -0.232975 2 1103_11.89_10.18.x-250kpc
 0.137784 -0.327611 -0.193537 2 1133_11.79_9.868.x-250kpc
 0.330445 -0.464159 -0.264684 2 1162_12.18_10.33.x-250kpc
 0.390946 -0.365897 -0.281623 2 1174_11.96_10.06.x-250kpc
-0.043309 -0.360662  0.031995 2 1189_11.88_10.04.x-250kpc
 0.175679 -0.450246 -0.153096 2 1194_11.97_10.19.x-250kpc
 0.305309 -0.177565  0.101245 2 1269_11.75_10.13.x-250kpc
 0.361934 -0.144774  0.156481 2 1307_11.98_10.44.x-250kpc
 0.052840 -0.369532  0.244487 2 1315_11.87_10.00.x-250kpc
 0.048803 -0.425627  0.477778 2 1345_11.82_10.47.x-250kpc
 0.077461 -0.344375  0.399593 2 1353_12.12_10.54.x-250kpc
 0.164083 -0.320664  0.374663 2 1370_11.75_10.12.x-250kpc
 0.344801 -0.273106  0.372911 2 1372_11.90_10.09.x-250kpc
 0.390900 -0.220623  0.350777 2 1411_12.08_10.57.x-250kpc
 0.403986 -0.215878  0.344681 2 1416_11.78_10.03.x-250kpc
 0.397577 -0.245208  0.358568 2 1429_12.07_10.56.x-250kpc
 0.408921 -0.157841  0.203421 2 1438_12.00_10.49.x-250kpc
 0.073847 -0.102170 -0.138987 2 1534_12.02_10.34.x-250kpc
 0.081298  0.115190 -0.166883 2 1556_12.07_10.59.x-250kpc
-0.318532  0.465245 -0.251722 2 1588_11.95_10.13.x-250kpc
-0.207074  0.465661 -0.260649 2 1594_12.10_10.66.x-250kpc
-0.139006  0.449040 -0.360803 2 1610_11.78_10.30.x-250kpc
 0.128098 -0.050243 -0.323295 2 1648_12.02_10.33.x-250kpc
 0.146156  0.038552 -0.459636 2 1652_12.07_10.27.x-250kpc
 0.126333  0.146135 -0.152158 2 1678_11.87_10.15.x-250kpc
 0.154534  0.301825 -0.233512 2 1815_12.18_10.39.x-250kpc
 0.166474  0.318410 -0.225896 2 1828_11.87_10.10.x-250kpc
-0.404260  0.026226  0.366716 2 1940_11.84_9.865.x-250kpc
-0.390182  0.377934 -0.091062 2 2055_11.98_10.41.x-250kpc
-0.498722  0.429486 -0.058907 2 2056_11.99_10.57.x-250kpc
-0.355159  0.393997 -0.084897 2 2058_11.85_10.19.x-250kpc
-0.225780  0.495275 -0.037457 2 2066_12.06_10.49.x-250kpc
-0.317885  0.344921  0.484824 2 2159_11.99_10.07.x-250kpc
 0.027220  0.013811 -0.116810 2 2181_11.91_10.23.x-250kpc
-0.183940 -0.095149  0.410602 2 2272_11.88_9.987.x-250kpc
-0.033001  0.008139  0.432689 2 2299_12.08_10.40.x-250kpc
 0.172686  0.010874  0.499036 2 2319_12.03_10.24.x-250kpc
 0.009994  0.037020 -0.116386 2 2322_12.22_10.58.x-250kpc
-0.017798  0.089747  0.097117 2 2336_11.98_10.34.x-250kpc
-0.033991  0.091179  0.141734 2 2358_11.90_10.15.x-250kpc
-0.175185  0.039018  0.327504 2 2425_12.22_10.56.x-250kpc
-0.218975  0.268732  0.337660 2 2472_11.98_10.29.x-250kpc
 0.174967  0.247080  0.475419 2 2486_11.90_9.798.x-250kpc
 0.059954  0.269611  0.499216 2 2491_11.79_10.05.x-250kpc
 0.243123  0.337311 -0.244093 2 2548_11.83_9.843.x-250kpc
 0.301637  0.330368 -0.126102 2 2571_11.93_10.39.x-250kpc
 0.365856  0.379649 -0.318033 2 2585_11.93_10.18.x-250kpc
 0.327061  0.414631 -0.321049 2 2693_11.76_10.03.x-250kpc
 0.293247  0.495514 -0.264823 2 2715_11.85_10.21.x-250kpc
 0.261732  0.442157 -0.243216 2 2779_11.78_9.940.x-250kpc
 0.279610  0.422399 -0.199169 2 2785_12.24_10.70.x-250kpc
 0.302223 -0.096680  0.072886 2 2842_11.97_10.24.x-250kpc
 0.343436  0.042589  0.101483 2 2849_12.20_10.69.x-250kpc
 0.341832  0.100145  0.058938 2 2853_11.85_10.21.x-250kpc
-0.299059 -0.216278 -0.423786 2 20_11.83_10.27.x-290kpc
-0.108308 -0.304398 -0.267673 2 184_11.84_10.06.x-290kpc
-0.390683 -0.422022 -0.017665 2 226_12.05_10.60.x-290kpc
-0.379387 -0.445808  0.314506 2 255_11.98_10.39.x-290kpc
-0.450048 -0.286689  0.152272 2 278_11.75_10.00.x-290kpc
-0.325203 -0.306224  0.062420 2 285_11.81_10.06.x-290kpc
-0.356974 -0.300016  0.084953 2 288_11.83_10.00.x-290kpc
-0.200085 -0.289563 -0.018369 2 341_12.06_10.45.x-290kpc
-0.277040 -0.322526  0.004493 2 356_11.88_10.12.x-290kpc
-0.143338 -0.459078  0.302746 2 388_11.97_10.12.x-290kpc
-0.443256 -0.164700  0.363664 2 507_11.77_9.929.x-290kpc
-0.352545 -0.177095  0.394820 2 520_12.13_10.63.x-290kpc
-0.193864 -0.218733  0.484221 2 533_11.96_10.31.x-290kpc
-0.282899 -0.163725  0.425795 2 640_11.81_10.13.x-290kpc
-0.245751 -0.186559  0.457998 2 649_11.97_10.35.x-290kpc
-0.202917 -0.193309  0.465038 2 663_12.06_10.56.x-290kpc
-0.059248 -0.299737 -0.371937 2 704_11.96_10.46.x-290kpc
-0.064522 -0.256765 -0.319943 2 716_11.89_10.28.x-290kpc
 0.368939 -0.318019 -0.387551 2 944_11.77_9.950.x-290kpc
-0.038263 -0.253842 -0.253652 2 1072_12.06_10.26.x-290kpc
 0.017558 -0.283818 -0.254484 2 1092_12.04_9.881.x-290kpc
 0.058407 -0.276787 -0.232975 2 1103_11.89_10.18.x-290kpc
 0.136184 -0.327611 -0.193537 2 1133_11.79_9.868.x-290kpc
 0.328845 -0.464159 -0.264684 2 1162_12.18_10.33.x-290kpc
 0.389346 -0.365897 -0.281623 2 1174_11.96_10.06.x-290kpc
-0.044909 -0.360662  0.031995 2 1189_11.88_10.04.x-290kpc
 0.174079 -0.450246 -0.153096 2 1194_11.97_10.19.x-290kpc
 0.303709 -0.177565  0.101245 2 1269_11.75_10.13.x-290kpc
 0.360334 -0.144774  0.156481 2 1307_11.98_10.44.x-290kpc
 0.051240 -0.369532  0.244487 2 1315_11.87_10.00.x-290kpc
 0.047203 -0.425627  0.477778 2 1345_11.82_10.47.x-290kpc
 0.075861 -0.344375  0.399593 2 1353_12.12_10.54.x-290kpc
 0.162483 -0.320664  0.374663 2 1370_11.75_10.12.x-290kpc
 0.343201 -0.273106  0.372911 2 1372_11.90_10.09.x-290kpc
 0.389300 -0.220623  0.350777 2 1411_12.08_10.57.x-290kpc
 0.402386 -0.215878  0.344681 2 1416_11.78_10.03.x-290kpc
 0.395977 -0.245208  0.358568 2 1429_12.07_10.56.x-290kpc
 0.407321 -0.157841  0.203421 2 1438_12.00_10.49.x-290kpc
 0.072247 -0.102170 -0.138987 2 1534_12.02_10.34.x-290kpc
 0.079698  0.115190 -0.166883 2 1556_12.07_10.59.x-290kpc
-0.320132  0.465245 -0.251722 2 1588_11.95_10.13.x-290kpc
-0.208674  0.465661 -0.260649 2 1594_12.10_10.66.x-290kpc
-0.140606  0.449040 -0.360803 2 1610_11.78_10.30.x-290kpc
 0.126498 -0.050243 -0.323295 2 1648_12.02_10.33.x-290kpc
 0.144556  0.038552 -0.459636 2 1652_12.07_10.27.x-290kpc
 0.124733  0.146135 -0.152158 2 1678_11.87_10.15.x-290kpc
 0.152934  0.301825 -0.233512 2 1815_12.18_10.39.x-290kpc
 0.164874  0.318410 -0.225896 2 1828_11.87_10.10.x-290kpc
-0.405860  0.026226  0.366716 2 1940_11.84_9.865.x-290kpc
-0.391782  0.377934 -0.091062 2 2055_11.98_10.41.x-290kpc
 0.499678  0.429486 -0.058907 2 2056_11.99_10.57.x-290kpc
-0.356759  0.393997 -0.084897 2 2058_11.85_10.19.x-290kpc
-0.227380  0.495275 -0.037457 2 2066_12.06_10.49.x-290kpc
-0.319485  0.344921  0.484824 2 2159_11.99_10.07.x-290kpc
 0.025620  0.013811 -0.116810 2 2181_11.91_10.23.x-290kpc
-0.185540 -0.095149  0.410602 2 2272_11.88_9.987.x-290kpc
-0.034601  0.008139  0.432689 2 2299_12.08_10.40.x-290kpc
 0.171086  0.010874  0.499036 2 2319_12.03_10.24.x-290kpc
 0.008394  0.037020 -0.116386 2 2322_12.22_10.58.x-290kpc
-0.019398  0.089747  0.097117 2 2336_11.98_10.34.x-290kpc
-0.035591  0.091179  0.141734 2 2358_11.90_10.15.x-290kpc
-0.176785  0.039018  0.327504 2 2425_12.22_10.56.x-290kpc
-0.220575  0.268732  0.337660 2 2472_11.98_10.29.x-290kpc
 0.173367  0.247080  0.475419 2 2486_11.90_9.798.x-290kpc
 0.058354  0.269611  0.499216 2 2491_11.79_10.05.x-290kpc
 0.241523  0.337311 -0.244093 2 2548_11.83_9.843.x-290kpc
 0.300037  0.330368 -0.126102 2 2571_11.93_10.39.x-290kpc
 0.364256  0.379649 -0.318033 2 2585_11.93_10.18.x-290kpc
 0.325461  0.414631 -0.321049 2 2693_11.76_10.03.x-290kpc
 0.291647  0.495514 -0.264823 2 2715_11.85_10.21.x-290kpc
 0.260132  0.442157 -0.243216 2 2779_11.78_9.940.x-290kpc
 0.278010  0.422399 -0.199169 2 2785_12.24_10.70.x-290kpc
 0.300623 -0.096680  0.072886 2 2842_11.97_10.24.x-290kpc
 0.341836  0.042589  0.101483 2 2849_12.20_10.69.x-290kpc
 0.340232  0.100145  0.058938 2 2853_11.85_10.21.x-290kpc
