-0.151654 -0.306009 -0.262602 2 37_12.12_10.62.x+10kpc
-0.290290 -0.217447 -0.419567 2 52_11.84_10.24.x+10kpc
-0.278538 -0.188879 -0.468488 2 68_11.77_9.789.x+10kpc
-0.048530 -0.299901 -0.376143 2 119_11.97_10.44.x+10kpc
-0.052342 -0.252486 -0.325352 2 152_11.89_10.30.x+10kpc
-0.103128 -0.306142 -0.266861 2 157_11.80_10.14.x+10kpc
-0.087713 -0.201186 -0.479334 2 186_11.89_9.962.x+10kpc
-0.024524 -0.250376 -0.250173 2 262_12.02_10.19.x+10kpc
 0.033915 -0.281933 -0.250395 2 338_12.04_10.00.x+10kpc
 0.073528 -0.275215 -0.232946 2 341_11.87_10.21.x+10kpc
 0.081463 -0.101504 -0.136480 2 363_12.00_10.39.x+10kpc
 0.307632 -0.499916 -0.263210 2 390_11.82_10.39.x+10kpc
 0.344528 -0.461847 -0.263509 2 395_12.17_10.41.x+10kpc
 0.185600 -0.447513 -0.148565 2 396_11.96_10.38.x+10kpc
 0.150937 -0.328009 -0.189137 2 400_11.78_9.918.x+10kpc
 0.353012 -0.386054 -0.394811 2 419_12.19_10.64.x+10kpc
 0.407161 -0.366809 -0.280262 2 462_11.96_10.37.x+10kpc
 0.378882 -0.317406 -0.392929 2 494_11.81_9.902.x+10kpc
 0.181083 -0.231135 -0.213594 2 527_11.82_9.752.x+10kpc
-0.312269  0.460038 -0.249371 2 606_11.93_10.28.x+10kpc
-0.132697  0.443165 -0.360604 2 612_11.78_10.23.x+10kpc
-0.197541  0.463499 -0.260425 2 631_12.10_10.63.x+10kpc
 0.088421  0.113381 -0.167049 2 649_12.06_10.58.x+10kpc
 0.139617 -0.049785 -0.324231 2 683_12.01_10.46.x+10kpc
 0.155975  0.038306 -0.460547 2 691_12.09_10.41.x+10kpc
 0.137726  0.141746 -0.151245 2 720_11.87_10.31.x+10kpc
 0.165002  0.293783 -0.232057 2 777_12.24_10.42.x+10kpc
 0.174510  0.316537 -0.227994 2 778_11.88_10.35.x+10kpc
 0.434908  0.349432 -0.361693 2 934_12.21_10.65.x+10kpc
 0.257245  0.331934 -0.245744 2 948_11.80_10.11.x+10kpc
 0.383535  0.355699 -0.238712 2 959_11.82_10.14.x+10kpc
 0.383517  0.375206 -0.318609 2 983_11.97_10.25.x+10kpc
 0.293768  0.421768 -0.198570 2 1114_12.21_10.61.x+10kpc
-0.379040 -0.423358 -0.018097 2 1156_12.06_10.55.x+10kpc
-0.269033 -0.323162  0.003851 2 1168_11.89_10.31.x+10kpc
-0.313332 -0.304112  0.059647 2 1196_11.85_10.24.x+10kpc
-0.344373 -0.296537  0.081123 2 1197_11.85_10.23.x+10kpc
-0.433199 -0.289467  0.148337 2 1201_11.78_10.15.x+10kpc
-0.365874 -0.447619  0.313363 2 1220_12.00_10.47.x+10kpc
-0.429237 -0.161205  0.361929 2 1327_11.75_9.848.x+10kpc
-0.340452 -0.173919  0.394139 2 1340_12.14_10.61.x+10kpc
-0.386692 -0.174035  0.425212 2 1342_11.75_9.936.x+10kpc
-0.189524 -0.290155 -0.019308 2 1372_12.06_10.42.x+10kpc
-0.129427 -0.462663  0.302416 2 1427_11.95_10.36.x+10kpc
-0.159795 -0.394617  0.307479 2 1435_11.76_10.09.x+10kpc
-0.182755 -0.216118  0.482233 2 1457_11.93_10.30.x+10kpc
-0.268661 -0.162023  0.424771 2 1481_11.86_10.23.x+10kpc
-0.232570 -0.186181  0.457684 2 1500_11.97_10.35.x+10kpc
-0.192845 -0.193772  0.462026 2 1505_12.00_10.43.x+10kpc
-0.032088 -0.362930  0.032114 2 1513_11.83_10.10.x+10kpc
 0.311838 -0.180016  0.100382 2 1549_11.76_10.35.x+10kpc
 0.362809 -0.160814  0.147743 2 1565_12.21_10.73.x+10kpc
 0.064813 -0.370493  0.243760 2 1566_11.88_10.41.x+10kpc
 0.375441 -0.143110  0.152016 2 1589_11.97_10.26.x+10kpc
 0.416505 -0.158942  0.201883 2 1623_12.02_10.44.x+10kpc
 0.088899 -0.344854  0.397494 2 1654_12.09_10.49.x+10kpc
 0.061297 -0.427454  0.472752 2 1656_11.82_10.37.x+10kpc
 0.352660 -0.275448  0.371650 2 1694_11.87_10.26.x+10kpc
 0.405580 -0.247882  0.357976 2 1698_12.08_10.59.x+10kpc
 0.398235 -0.220827  0.350373 2 1708_12.07_10.57.x+10kpc
 0.407109 -0.384013  0.499697 2 1719_11.91_10.37.x+10kpc
 0.410133 -0.217416  0.344985 2 1738_11.77_10.16.x+10kpc
 0.015682  0.037336 -0.118023 2 1777_12.08_10.41.x+10kpc
 0.033349  0.014249 -0.114180 2 1778_11.90_10.22.x+10kpc
-0.160157  0.038886  0.325243 2 1816_12.18_10.55.x+10kpc
-0.378915  0.375802 -0.089671 2 1823_11.98_10.57.x+10kpc
-0.343335  0.391405 -0.085076 2 1829_11.86_10.17.x+10kpc
-0.484610  0.427170 -0.059106 2 1839_11.98_10.54.x+10kpc
-0.008469  0.090330  0.096956 2 1868_11.97_10.28.x+10kpc
-0.023667  0.093437  0.139860 2 1879_11.84_10.41.x+10kpc
-0.215555  0.492844 -0.035733 2 1907_12.09_10.61.x+10kpc
-0.409637 -0.084558  0.364346 2 1959_11.83_10.09.x+10kpc
-0.391240  0.025814  0.367433 2 1967_11.87_10.11.x+10kpc
-0.170749 -0.090918  0.409237 2 2015_11.88_10.09.x+10kpc
-0.019870  0.009330  0.431897 2 2033_12.10_10.45.x+10kpc
-0.150054 -0.306009 -0.262602 2 37_12.12_10.62.x+50kpc
-0.288690 -0.217447 -0.419567 2 52_11.84_10.24.x+50kpc
-0.276938 -0.188879 -0.468488 2 68_11.77_9.789.x+50kpc
-0.046930 -0.299901 -0.376143 2 119_11.97_10.44.x+50kpc
-0.050742 -0.252486 -0.325352 2 152_11.89_10.30.x+50kpc
-0.101528 -0.306142 -0.266861 2 157_11.80_10.14.x+50kpc
-0.086113 -0.201186 -0.479334 2 186_11.89_9.962.x+50kpc
-0.022923 -0.250376 -0.250173 2 262_12.02_10.19.x+50kpc
 0.035515 -0.281933 -0.250395 2 338_12.04_10.00.x+50kpc
 0.075128 -0.275215 -0.232946 2 341_11.87_10.21.x+50kpc
 0.083063 -0.101504 -0.136480 2 363_12.00_10.39.x+50kpc
 0.309232 -0.499916 -0.263210 2 390_11.82_10.39.x+50kpc
 0.346128 -0.461847 -0.263509 2 395_12.17_10.41.x+50kpc
 0.187200 -0.447513 -0.148565 2 396_11.96_10.38.x+50kpc
 0.152537 -0.328009 -0.189137 2 400_11.78_9.918.x+50kpc
 0.354612 -0.386054 -0.394811 2 419_12.19_10.64.x+50kpc
 0.408761 -0.366809 -0.280262 2 462_11.96_10.37.x+50kpc
 0.380482 -0.317406 -0.392929 2 494_11.81_9.902.x+50kpc
 0.182683 -0.231135 -0.213594 2 527_11.82_9.752.x+50kpc
-0.310669  0.460038 -0.249371 2 606_11.93_10.28.x+50kpc
-0.131097  0.443165 -0.360604 2 612_11.78_10.23.x+50kpc
-0.195941  0.463499 -0.260425 2 631_12.10_10.63.x+50kpc
 0.090021  0.113381 -0.167049 2 649_12.06_10.58.x+50kpc
 0.141217 -0.049785 -0.324231 2 683_12.01_10.46.x+50kpc
 0.157575  0.038306 -0.460547 2 691_12.09_10.41.x+50kpc
 0.139326  0.141746 -0.151245 2 720_11.87_10.31.x+50kpc
 0.166602  0.293783 -0.232057 2 777_12.24_10.42.x+50kpc
 0.176110  0.316537 -0.227994 2 778_11.88_10.35.x+50kpc
 0.436508  0.349432 -0.361693 2 934_12.21_10.65.x+50kpc
 0.258845  0.331934 -0.245744 2 948_11.80_10.11.x+50kpc
 0.385135  0.355699 -0.238712 2 959_11.82_10.14.x+50kpc
 0.385117  0.375206 -0.318609 2 983_11.97_10.25.x+50kpc
 0.295368  0.421768 -0.198570 2 1114_12.21_10.61.x+50kpc
-0.377440 -0.423358 -0.018097 2 1156_12.06_10.55.x+50kpc
-0.267433 -0.323162  0.003851 2 1168_11.89_10.31.x+50kpc
-0.311732 -0.304112  0.059647 2 1196_11.85_10.24.x+50kpc
-0.342773 -0.296537  0.081123 2 1197_11.85_10.23.x+50kpc
-0.431599 -0.289467  0.148337 2 1201_11.78_10.15.x+50kpc
-0.364274 -0.447619  0.313363 2 1220_12.00_10.47.x+50kpc
-0.427637 -0.161205  0.361929 2 1327_11.75_9.848.x+50kpc
-0.338852 -0.173919  0.394139 2 1340_12.14_10.61.x+50kpc
-0.385092 -0.174035  0.425212 2 1342_11.75_9.936.x+50kpc
-0.187924 -0.290155 -0.019308 2 1372_12.06_10.42.x+50kpc
-0.127827 -0.462663  0.302416 2 1427_11.95_10.36.x+50kpc
-0.158195 -0.394617  0.307479 2 1435_11.76_10.09.x+50kpc
-0.181155 -0.216118  0.482233 2 1457_11.93_10.30.x+50kpc
-0.267061 -0.162023  0.424771 2 1481_11.86_10.23.x+50kpc
-0.230970 -0.186181  0.457684 2 1500_11.97_10.35.x+50kpc
-0.191245 -0.193772  0.462026 2 1505_12.00_10.43.x+50kpc
-0.030488 -0.362930  0.032114 2 1513_11.83_10.10.x+50kpc
 0.313438 -0.180016  0.100382 2 1549_11.76_10.35.x+50kpc
 0.364409 -0.160814  0.147743 2 1565_12.21_10.73.x+50kpc
 0.066413 -0.370493  0.243760 2 1566_11.88_10.41.x+50kpc
 0.377041 -0.143110  0.152016 2 1589_11.97_10.26.x+50kpc
 0.418105 -0.158942  0.201883 2 1623_12.02_10.44.x+50kpc
 0.090499 -0.344854  0.397494 2 1654_12.09_10.49.x+50kpc
 0.062897 -0.427454  0.472752 2 1656_11.82_10.37.x+50kpc
 0.354260 -0.275448  0.371650 2 1694_11.87_10.26.x+50kpc
 0.407180 -0.247882  0.357976 2 1698_12.08_10.59.x+50kpc
 0.399835 -0.220827  0.350373 2 1708_12.07_10.57.x+50kpc
 0.408709 -0.384013  0.499697 2 1719_11.91_10.37.x+50kpc
 0.411733 -0.217416  0.344985 2 1738_11.77_10.16.x+50kpc
 0.017281  0.037336 -0.118023 2 1777_12.08_10.41.x+50kpc
 0.034949  0.014249 -0.114180 2 1778_11.90_10.22.x+50kpc
-0.158557  0.038886  0.325243 2 1816_12.18_10.55.x+50kpc
-0.377315  0.375802 -0.089671 2 1823_11.98_10.57.x+50kpc
-0.341735  0.391405 -0.085076 2 1829_11.86_10.17.x+50kpc
-0.483010  0.427170 -0.059106 2 1839_11.98_10.54.x+50kpc
-0.006869  0.090330  0.096956 2 1868_11.97_10.28.x+50kpc
-0.022067  0.093437  0.139860 2 1879_11.84_10.41.x+50kpc
-0.213955  0.492844 -0.035733 2 1907_12.09_10.61.x+50kpc
-0.408037 -0.084558  0.364346 2 1959_11.83_10.09.x+50kpc
-0.389640  0.025814  0.367433 2 1967_11.87_10.11.x+50kpc
-0.169149 -0.090918  0.409237 2 2015_11.88_10.09.x+50kpc
-0.018270  0.009330  0.431897 2 2033_12.10_10.45.x+50kpc
-0.148454 -0.306009 -0.262602 2 37_12.12_10.62.x+90kpc
-0.287090 -0.217447 -0.419567 2 52_11.84_10.24.x+90kpc
-0.275338 -0.188879 -0.468488 2 68_11.77_9.789.x+90kpc
-0.045330 -0.299901 -0.376143 2 119_11.97_10.44.x+90kpc
-0.049142 -0.252486 -0.325352 2 152_11.89_10.30.x+90kpc
-0.099928 -0.306142 -0.266861 2 157_11.80_10.14.x+90kpc
-0.084513 -0.201186 -0.479334 2 186_11.89_9.962.x+90kpc
-0.021324 -0.250376 -0.250173 2 262_12.02_10.19.x+90kpc
 0.037115 -0.281933 -0.250395 2 338_12.04_10.00.x+90kpc
 0.076728 -0.275215 -0.232946 2 341_11.87_10.21.x+90kpc
 0.084663 -0.101504 -0.136480 2 363_12.00_10.39.x+90kpc
 0.310832 -0.499916 -0.263210 2 390_11.82_10.39.x+90kpc
 0.347728 -0.461847 -0.263509 2 395_12.17_10.41.x+90kpc
 0.188800 -0.447513 -0.148565 2 396_11.96_10.38.x+90kpc
 0.154137 -0.328009 -0.189137 2 400_11.78_9.918.x+90kpc
 0.356212 -0.386054 -0.394811 2 419_12.19_10.64.x+90kpc
 0.410361 -0.366809 -0.280262 2 462_11.96_10.37.x+90kpc
 0.382082 -0.317406 -0.392929 2 494_11.81_9.902.x+90kpc
 0.184283 -0.231135 -0.213594 2 527_11.82_9.752.x+90kpc
-0.309069  0.460038 -0.249371 2 606_11.93_10.28.x+90kpc
-0.129497  0.443165 -0.360604 2 612_11.78_10.23.x+90kpc
-0.194341  0.463499 -0.260425 2 631_12.10_10.63.x+90kpc
 0.091621  0.113381 -0.167049 2 649_12.06_10.58.x+90kpc
 0.142817 -0.049785 -0.324231 2 683_12.01_10.46.x+90kpc
 0.159175  0.038306 -0.460547 2 691_12.09_10.41.x+90kpc
 0.140926  0.141746 -0.151245 2 720_11.87_10.31.x+90kpc
 0.168202  0.293783 -0.232057 2 777_12.24_10.42.x+90kpc
 0.177710  0.316537 -0.227994 2 778_11.88_10.35.x+90kpc
 0.438108  0.349432 -0.361693 2 934_12.21_10.65.x+90kpc
 0.260445  0.331934 -0.245744 2 948_11.80_10.11.x+90kpc
 0.386735  0.355699 -0.238712 2 959_11.82_10.14.x+90kpc
 0.386717  0.375206 -0.318609 2 983_11.97_10.25.x+90kpc
 0.296968  0.421768 -0.198570 2 1114_12.21_10.61.x+90kpc
-0.375840 -0.423358 -0.018097 2 1156_12.06_10.55.x+90kpc
-0.265833 -0.323162  0.003851 2 1168_11.89_10.31.x+90kpc
-0.310132 -0.304112  0.059647 2 1196_11.85_10.24.x+90kpc
-0.341173 -0.296537  0.081123 2 1197_11.85_10.23.x+90kpc
-0.429999 -0.289467  0.148337 2 1201_11.78_10.15.x+90kpc
-0.362674 -0.447619  0.313363 2 1220_12.00_10.47.x+90kpc
-0.426037 -0.161205  0.361929 2 1327_11.75_9.848.x+90kpc
-0.337252 -0.173919  0.394139 2 1340_12.14_10.61.x+90kpc
-0.383492 -0.174035  0.425212 2 1342_11.75_9.936.x+90kpc
-0.186324 -0.290155 -0.019308 2 1372_12.06_10.42.x+90kpc
-0.126227 -0.462663  0.302416 2 1427_11.95_10.36.x+90kpc
-0.156595 -0.394617  0.307479 2 1435_11.76_10.09.x+90kpc
-0.179555 -0.216118  0.482233 2 1457_11.93_10.30.x+90kpc
-0.265461 -0.162023  0.424771 2 1481_11.86_10.23.x+90kpc
-0.229370 -0.186181  0.457684 2 1500_11.97_10.35.x+90kpc
-0.189645 -0.193772  0.462026 2 1505_12.00_10.43.x+90kpc
-0.028888 -0.362930  0.032114 2 1513_11.83_10.10.x+90kpc
 0.315038 -0.180016  0.100382 2 1549_11.76_10.35.x+90kpc
 0.366009 -0.160814  0.147743 2 1565_12.21_10.73.x+90kpc
 0.068013 -0.370493  0.243760 2 1566_11.88_10.41.x+90kpc
 0.378641 -0.143110  0.152016 2 1589_11.97_10.26.x+90kpc
 0.419705 -0.158942  0.201883 2 1623_12.02_10.44.x+90kpc
 0.092099 -0.344854  0.397494 2 1654_12.09_10.49.x+90kpc
 0.064497 -0.427454  0.472752 2 1656_11.82_10.37.x+90kpc
 0.355860 -0.275448  0.371650 2 1694_11.87_10.26.x+90kpc
 0.408780 -0.247882  0.357976 2 1698_12.08_10.59.x+90kpc
 0.401435 -0.220827  0.350373 2 1708_12.07_10.57.x+90kpc
 0.410309 -0.384013  0.499697 2 1719_11.91_10.37.x+90kpc
 0.413333 -0.217416  0.344985 2 1738_11.77_10.16.x+90kpc
 0.018881  0.037336 -0.118023 2 1777_12.08_10.41.x+90kpc
 0.036549  0.014249 -0.114180 2 1778_11.90_10.22.x+90kpc
-0.156957  0.038886  0.325243 2 1816_12.18_10.55.x+90kpc
-0.375715  0.375802 -0.089671 2 1823_11.98_10.57.x+90kpc
-0.340135  0.391405 -0.085076 2 1829_11.86_10.17.x+90kpc
-0.481410  0.427170 -0.059106 2 1839_11.98_10.54.x+90kpc
-0.005269  0.090330  0.096956 2 1868_11.97_10.28.x+90kpc
-0.020467  0.093437  0.139860 2 1879_11.84_10.41.x+90kpc
-0.212355  0.492844 -0.035733 2 1907_12.09_10.61.x+90kpc
-0.406437 -0.084558  0.364346 2 1959_11.83_10.09.x+90kpc
-0.388040  0.025814  0.367433 2 1967_11.87_10.11.x+90kpc
-0.167549 -0.090918  0.409237 2 2015_11.88_10.09.x+90kpc
-0.016670  0.009330  0.431897 2 2033_12.10_10.45.x+90kpc
-0.146854 -0.306009 -0.262602 2 37_12.12_10.62.x+130kpc
-0.285490 -0.217447 -0.419567 2 52_11.84_10.24.x+130kpc
-0.273738 -0.188879 -0.468488 2 68_11.77_9.789.x+130kpc
-0.043730 -0.299901 -0.376143 2 119_11.97_10.44.x+130kpc
-0.047542 -0.252486 -0.325352 2 152_11.89_10.30.x+130kpc
-0.098328 -0.306142 -0.266861 2 157_11.80_10.14.x+130kpc
-0.082913 -0.201186 -0.479334 2 186_11.89_9.962.x+130kpc
-0.019724 -0.250376 -0.250173 2 262_12.02_10.19.x+130kpc
 0.038715 -0.281933 -0.250395 2 338_12.04_10.00.x+130kpc
 0.078328 -0.275215 -0.232946 2 341_11.87_10.21.x+130kpc
 0.086263 -0.101504 -0.136480 2 363_12.00_10.39.x+130kpc
 0.312432 -0.499916 -0.263210 2 390_11.82_10.39.x+130kpc
 0.349328 -0.461847 -0.263509 2 395_12.17_10.41.x+130kpc
 0.190400 -0.447513 -0.148565 2 396_11.96_10.38.x+130kpc
 0.155737 -0.328009 -0.189137 2 400_11.78_9.918.x+130kpc
 0.357812 -0.386054 -0.394811 2 419_12.19_10.64.x+130kpc
 0.411961 -0.366809 -0.280262 2 462_11.96_10.37.x+130kpc
 0.383682 -0.317406 -0.392929 2 494_11.81_9.902.x+130kpc
 0.185883 -0.231135 -0.213594 2 527_11.82_9.752.x+130kpc
-0.307469  0.460038 -0.249371 2 606_11.93_10.28.x+130kpc
-0.127897  0.443165 -0.360604 2 612_11.78_10.23.x+130kpc
-0.192741  0.463499 -0.260425 2 631_12.10_10.63.x+130kpc
 0.093221  0.113381 -0.167049 2 649_12.06_10.58.x+130kpc
 0.144417 -0.049785 -0.324231 2 683_12.01_10.46.x+130kpc
 0.160775  0.038306 -0.460547 2 691_12.09_10.41.x+130kpc
 0.142526  0.141746 -0.151245 2 720_11.87_10.31.x+130kpc
 0.169802  0.293783 -0.232057 2 777_12.24_10.42.x+130kpc
 0.179310  0.316537 -0.227994 2 778_11.88_10.35.x+130kpc
 0.439708  0.349432 -0.361693 2 934_12.21_10.65.x+130kpc
 0.262045  0.331934 -0.245744 2 948_11.80_10.11.x+130kpc
 0.388335  0.355699 -0.238712 2 959_11.82_10.14.x+130kpc
 0.388317  0.375206 -0.318609 2 983_11.97_10.25.x+130kpc
 0.298568  0.421768 -0.198570 2 1114_12.21_10.61.x+130kpc
-0.374240 -0.423358 -0.018097 2 1156_12.06_10.55.x+130kpc
-0.264233 -0.323162  0.003851 2 1168_11.89_10.31.x+130kpc
-0.308532 -0.304112  0.059647 2 1196_11.85_10.24.x+130kpc
-0.339573 -0.296537  0.081123 2 1197_11.85_10.23.x+130kpc
-0.428399 -0.289467  0.148337 2 1201_11.78_10.15.x+130kpc
-0.361074 -0.447619  0.313363 2 1220_12.00_10.47.x+130kpc
-0.424437 -0.161205  0.361929 2 1327_11.75_9.848.x+130kpc
-0.335652 -0.173919  0.394139 2 1340_12.14_10.61.x+130kpc
-0.381892 -0.174035  0.425212 2 1342_11.75_9.936.x+130kpc
-0.184724 -0.290155 -0.019308 2 1372_12.06_10.42.x+130kpc
-0.124627 -0.462663  0.302416 2 1427_11.95_10.36.x+130kpc
-0.154995 -0.394617  0.307479 2 1435_11.76_10.09.x+130kpc
-0.177955 -0.216118  0.482233 2 1457_11.93_10.30.x+130kpc
-0.263861 -0.162023  0.424771 2 1481_11.86_10.23.x+130kpc
-0.227770 -0.186181  0.457684 2 1500_11.97_10.35.x+130kpc
-0.188045 -0.193772  0.462026 2 1505_12.00_10.43.x+130kpc
-0.027288 -0.362930  0.032114 2 1513_11.83_10.10.x+130kpc
 0.316638 -0.180016  0.100382 2 1549_11.76_10.35.x+130kpc
 0.367609 -0.160814  0.147743 2 1565_12.21_10.73.x+130kpc
 0.069613 -0.370493  0.243760 2 1566_11.88_10.41.x+130kpc
 0.380241 -0.143110  0.152016 2 1589_11.97_10.26.x+130kpc
 0.421305 -0.158942  0.201883 2 1623_12.02_10.44.x+130kpc
 0.093699 -0.344854  0.397494 2 1654_12.09_10.49.x+130kpc
 0.066097 -0.427454  0.472752 2 1656_11.82_10.37.x+130kpc
 0.357460 -0.275448  0.371650 2 1694_11.87_10.26.x+130kpc
 0.410380 -0.247882  0.357976 2 1698_12.08_10.59.x+130kpc
 0.403035 -0.220827  0.350373 2 1708_12.07_10.57.x+130kpc
 0.411909 -0.384013  0.499697 2 1719_11.91_10.37.x+130kpc
 0.414933 -0.217416  0.344985 2 1738_11.77_10.16.x+130kpc
 0.020481  0.037336 -0.118023 2 1777_12.08_10.41.x+130kpc
 0.038149  0.014249 -0.114180 2 1778_11.90_10.22.x+130kpc
-0.155357  0.038886  0.325243 2 1816_12.18_10.55.x+130kpc
-0.374115  0.375802 -0.089671 2 1823_11.98_10.57.x+130kpc
-0.338535  0.391405 -0.085076 2 1829_11.86_10.17.x+130kpc
-0.479810  0.427170 -0.059106 2 1839_11.98_10.54.x+130kpc
-0.003669  0.090330  0.096956 2 1868_11.97_10.28.x+130kpc
-0.018867  0.093437  0.139860 2 1879_11.84_10.41.x+130kpc
-0.210755  0.492844 -0.035733 2 1907_12.09_10.61.x+130kpc
-0.404837 -0.084558  0.364346 2 1959_11.83_10.09.x+130kpc
-0.386440  0.025814  0.367433 2 1967_11.87_10.11.x+130kpc
-0.165949 -0.090918  0.409237 2 2015_11.88_10.09.x+130kpc
-0.015070  0.009330  0.431897 2 2033_12.10_10.45.x+130kpc
-0.145254 -0.306009 -0.262602 2 37_12.12_10.62.x+170kpc
-0.283890 -0.217447 -0.419567 2 52_11.84_10.24.x+170kpc
-0.272138 -0.188879 -0.468488 2 68_11.77_9.789.x+170kpc
-0.042130 -0.299901 -0.376143 2 119_11.97_10.44.x+170kpc
-0.045942 -0.252486 -0.325352 2 152_11.89_10.30.x+170kpc
-0.096728 -0.306142 -0.266861 2 157_11.80_10.14.x+170kpc
-0.081313 -0.201186 -0.479334 2 186_11.89_9.962.x+170kpc
-0.018124 -0.250376 -0.250173 2 262_12.02_10.19.x+170kpc
 0.040315 -0.281933 -0.250395 2 338_12.04_10.00.x+170kpc
 0.079928 -0.275215 -0.232946 2 341_11.87_10.21.x+170kpc
 0.087863 -0.101504 -0.136480 2 363_12.00_10.39.x+170kpc
 0.314032 -0.499916 -0.263210 2 390_11.82_10.39.x+170kpc
 0.350928 -0.461847 -0.263509 2 395_12.17_10.41.x+170kpc
 0.192000 -0.447513 -0.148565 2 396_11.96_10.38.x+170kpc
 0.157337 -0.328009 -0.189137 2 400_11.78_9.918.x+170kpc
 0.359412 -0.386054 -0.394811 2 419_12.19_10.64.x+170kpc
 0.413561 -0.366809 -0.280262 2 462_11.96_10.37.x+170kpc
 0.385282 -0.317406 -0.392929 2 494_11.81_9.902.x+170kpc
 0.187483 -0.231135 -0.213594 2 527_11.82_9.752.x+170kpc
-0.305869  0.460038 -0.249371 2 606_11.93_10.28.x+170kpc
-0.126297  0.443165 -0.360604 2 612_11.78_10.23.x+170kpc
-0.191141  0.463499 -0.260425 2 631_12.10_10.63.x+170kpc
 0.094821  0.113381 -0.167049 2 649_12.06_10.58.x+170kpc
 0.146017 -0.049785 -0.324231 2 683_12.01_10.46.x+170kpc
 0.162375  0.038306 -0.460547 2 691_12.09_10.41.x+170kpc
 0.144126  0.141746 -0.151245 2 720_11.87_10.31.x+170kpc
 0.171402  0.293783 -0.232057 2 777_12.24_10.42.x+170kpc
 0.180910  0.316537 -0.227994 2 778_11.88_10.35.x+170kpc
 0.441308  0.349432 -0.361693 2 934_12.21_10.65.x+170kpc
 0.263645  0.331934 -0.245744 2 948_11.80_10.11.x+170kpc
 0.389935  0.355699 -0.238712 2 959_11.82_10.14.x+170kpc
 0.389917  0.375206 -0.318609 2 983_11.97_10.25.x+170kpc
 0.300168  0.421768 -0.198570 2 1114_12.21_10.61.x+170kpc
-0.372640 -0.423358 -0.018097 2 1156_12.06_10.55.x+170kpc
-0.262633 -0.323162  0.003851 2 1168_11.89_10.31.x+170kpc
-0.306932 -0.304112  0.059647 2 1196_11.85_10.24.x+170kpc
-0.337973 -0.296537  0.081123 2 1197_11.85_10.23.x+170kpc
-0.426799 -0.289467  0.148337 2 1201_11.78_10.15.x+170kpc
-0.359474 -0.447619  0.313363 2 1220_12.00_10.47.x+170kpc
-0.422837 -0.161205  0.361929 2 1327_11.75_9.848.x+170kpc
-0.334052 -0.173919  0.394139 2 1340_12.14_10.61.x+170kpc
-0.380292 -0.174035  0.425212 2 1342_11.75_9.936.x+170kpc
-0.183124 -0.290155 -0.019308 2 1372_12.06_10.42.x+170kpc
-0.123027 -0.462663  0.302416 2 1427_11.95_10.36.x+170kpc
-0.153395 -0.394617  0.307479 2 1435_11.76_10.09.x+170kpc
-0.176355 -0.216118  0.482233 2 1457_11.93_10.30.x+170kpc
-0.262261 -0.162023  0.424771 2 1481_11.86_10.23.x+170kpc
-0.226170 -0.186181  0.457684 2 1500_11.97_10.35.x+170kpc
-0.186445 -0.193772  0.462026 2 1505_12.00_10.43.x+170kpc
-0.025688 -0.362930  0.032114 2 1513_11.83_10.10.x+170kpc
 0.318238 -0.180016  0.100382 2 1549_11.76_10.35.x+170kpc
 0.369209 -0.160814  0.147743 2 1565_12.21_10.73.x+170kpc
 0.071213 -0.370493  0.243760 2 1566_11.88_10.41.x+170kpc
 0.381841 -0.143110  0.152016 2 1589_11.97_10.26.x+170kpc
 0.422905 -0.158942  0.201883 2 1623_12.02_10.44.x+170kpc
 0.095299 -0.344854  0.397494 2 1654_12.09_10.49.x+170kpc
 0.067697 -0.427454  0.472752 2 1656_11.82_10.37.x+170kpc
 0.359060 -0.275448  0.371650 2 1694_11.87_10.26.x+170kpc
 0.411980 -0.247882  0.357976 2 1698_12.08_10.59.x+170kpc
 0.404635 -0.220827  0.350373 2 1708_12.07_10.57.x+170kpc
 0.413509 -0.384013  0.499697 2 1719_11.91_10.37.x+170kpc
 0.416533 -0.217416  0.344985 2 1738_11.77_10.16.x+170kpc
 0.022082  0.037336 -0.118023 2 1777_12.08_10.41.x+170kpc
 0.039749  0.014249 -0.114180 2 1778_11.90_10.22.x+170kpc
-0.153757  0.038886  0.325243 2 1816_12.18_10.55.x+170kpc
-0.372515  0.375802 -0.089671 2 1823_11.98_10.57.x+170kpc
-0.336935  0.391405 -0.085076 2 1829_11.86_10.17.x+170kpc
-0.478210  0.427170 -0.059106 2 1839_11.98_10.54.x+170kpc
-0.002069  0.090330  0.096956 2 1868_11.97_10.28.x+170kpc
-0.017267  0.093437  0.139860 2 1879_11.84_10.41.x+170kpc
-0.209155  0.492844 -0.035733 2 1907_12.09_10.61.x+170kpc
-0.403237 -0.084558  0.364346 2 1959_11.83_10.09.x+170kpc
-0.384840  0.025814  0.367433 2 1967_11.87_10.11.x+170kpc
-0.164349 -0.090918  0.409237 2 2015_11.88_10.09.x+170kpc
-0.013470  0.009330  0.431897 2 2033_12.10_10.45.x+170kpc
-0.143654 -0.306009 -0.262602 2 37_12.12_10.62.x+210kpc
-0.282290 -0.217447 -0.419567 2 52_11.84_10.24.x+210kpc
-0.270538 -0.188879 -0.468488 2 68_11.77_9.789.x+210kpc
-0.040530 -0.299901 -0.376143 2 119_11.97_10.44.x+210kpc
-0.044342 -0.252486 -0.325352 2 152_11.89_10.30.x+210kpc
-0.095128 -0.306142 -0.266861 2 157_11.80_10.14.x+210kpc
-0.079713 -0.201186 -0.479334 2 186_11.89_9.962.x+210kpc
-0.016524 -0.250376 -0.250173 2 262_12.02_10.19.x+210kpc
 0.041915 -0.281933 -0.250395 2 338_12.04_10.00.x+210kpc
 0.081528 -0.275215 -0.232946 2 341_11.87_10.21.x+210kpc
 0.089463 -0.101504 -0.136480 2 363_12.00_10.39.x+210kpc
 0.315632 -0.499916 -0.263210 2 390_11.82_10.39.x+210kpc
 0.352528 -0.461847 -0.263509 2 395_12.17_10.41.x+210kpc
 0.193600 -0.447513 -0.148565 2 396_11.96_10.38.x+210kpc
 0.158937 -0.328009 -0.189137 2 400_11.78_9.918.x+210kpc
 0.361012 -0.386054 -0.394811 2 419_12.19_10.64.x+210kpc
 0.415161 -0.366809 -0.280262 2 462_11.96_10.37.x+210kpc
 0.386882 -0.317406 -0.392929 2 494_11.81_9.902.x+210kpc
 0.189083 -0.231135 -0.213594 2 527_11.82_9.752.x+210kpc
-0.304269  0.460038 -0.249371 2 606_11.93_10.28.x+210kpc
-0.124697  0.443165 -0.360604 2 612_11.78_10.23.x+210kpc
-0.189541  0.463499 -0.260425 2 631_12.10_10.63.x+210kpc
 0.096421  0.113381 -0.167049 2 649_12.06_10.58.x+210kpc
 0.147617 -0.049785 -0.324231 2 683_12.01_10.46.x+210kpc
 0.163975  0.038306 -0.460547 2 691_12.09_10.41.x+210kpc
 0.145726  0.141746 -0.151245 2 720_11.87_10.31.x+210kpc
 0.173002  0.293783 -0.232057 2 777_12.24_10.42.x+210kpc
 0.182510  0.316537 -0.227994 2 778_11.88_10.35.x+210kpc
 0.442908  0.349432 -0.361693 2 934_12.21_10.65.x+210kpc
 0.265245  0.331934 -0.245744 2 948_11.80_10.11.x+210kpc
 0.391535  0.355699 -0.238712 2 959_11.82_10.14.x+210kpc
 0.391517  0.375206 -0.318609 2 983_11.97_10.25.x+210kpc
 0.301768  0.421768 -0.198570 2 1114_12.21_10.61.x+210kpc
-0.371040 -0.423358 -0.018097 2 1156_12.06_10.55.x+210kpc
-0.261033 -0.323162  0.003851 2 1168_11.89_10.31.x+210kpc
-0.305332 -0.304112  0.059647 2 1196_11.85_10.24.x+210kpc
-0.336373 -0.296537  0.081123 2 1197_11.85_10.23.x+210kpc
-0.425199 -0.289467  0.148337 2 1201_11.78_10.15.x+210kpc
-0.357874 -0.447619  0.313363 2 1220_12.00_10.47.x+210kpc
-0.421237 -0.161205  0.361929 2 1327_11.75_9.848.x+210kpc
-0.332452 -0.173919  0.394139 2 1340_12.14_10.61.x+210kpc
-0.378692 -0.174035  0.425212 2 1342_11.75_9.936.x+210kpc
-0.181524 -0.290155 -0.019308 2 1372_12.06_10.42.x+210kpc
-0.121427 -0.462663  0.302416 2 1427_11.95_10.36.x+210kpc
-0.151795 -0.394617  0.307479 2 1435_11.76_10.09.x+210kpc
-0.174755 -0.216118  0.482233 2 1457_11.93_10.30.x+210kpc
-0.260661 -0.162023  0.424771 2 1481_11.86_10.23.x+210kpc
-0.224570 -0.186181  0.457684 2 1500_11.97_10.35.x+210kpc
-0.184845 -0.193772  0.462026 2 1505_12.00_10.43.x+210kpc
-0.024088 -0.362930  0.032114 2 1513_11.83_10.10.x+210kpc
 0.319838 -0.180016  0.100382 2 1549_11.76_10.35.x+210kpc
 0.370809 -0.160814  0.147743 2 1565_12.21_10.73.x+210kpc
 0.072813 -0.370493  0.243760 2 1566_11.88_10.41.x+210kpc
 0.383441 -0.143110  0.152016 2 1589_11.97_10.26.x+210kpc
 0.424505 -0.158942  0.201883 2 1623_12.02_10.44.x+210kpc
 0.096899 -0.344854  0.397494 2 1654_12.09_10.49.x+210kpc
 0.069297 -0.427454  0.472752 2 1656_11.82_10.37.x+210kpc
 0.360660 -0.275448  0.371650 2 1694_11.87_10.26.x+210kpc
 0.413580 -0.247882  0.357976 2 1698_12.08_10.59.x+210kpc
 0.406235 -0.220827  0.350373 2 1708_12.07_10.57.x+210kpc
 0.415109 -0.384013  0.499697 2 1719_11.91_10.37.x+210kpc
 0.418133 -0.217416  0.344985 2 1738_11.77_10.16.x+210kpc
 0.023682  0.037336 -0.118023 2 1777_12.08_10.41.x+210kpc
 0.041349  0.014249 -0.114180 2 1778_11.90_10.22.x+210kpc
-0.152157  0.038886  0.325243 2 1816_12.18_10.55.x+210kpc
-0.370915  0.375802 -0.089671 2 1823_11.98_10.57.x+210kpc
-0.335335  0.391405 -0.085076 2 1829_11.86_10.17.x+210kpc
-0.476610  0.427170 -0.059106 2 1839_11.98_10.54.x+210kpc
-0.000469  0.090330  0.096956 2 1868_11.97_10.28.x+210kpc
-0.015667  0.093437  0.139860 2 1879_11.84_10.41.x+210kpc
-0.207555  0.492844 -0.035733 2 1907_12.09_10.61.x+210kpc
-0.401637 -0.084558  0.364346 2 1959_11.83_10.09.x+210kpc
-0.383240  0.025814  0.367433 2 1967_11.87_10.11.x+210kpc
-0.162749 -0.090918  0.409237 2 2015_11.88_10.09.x+210kpc
-0.011870  0.009330  0.431897 2 2033_12.10_10.45.x+210kpc
-0.142054 -0.306009 -0.262602 2 37_12.12_10.62.x+250kpc
-0.280690 -0.217447 -0.419567 2 52_11.84_10.24.x+250kpc
-0.268938 -0.188879 -0.468488 2 68_11.77_9.789.x+250kpc
-0.038930 -0.299901 -0.376143 2 119_11.97_10.44.x+250kpc
-0.042742 -0.252486 -0.325352 2 152_11.89_10.30.x+250kpc
-0.093528 -0.306142 -0.266861 2 157_11.80_10.14.x+250kpc
-0.078113 -0.201186 -0.479334 2 186_11.89_9.962.x+250kpc
-0.014924 -0.250376 -0.250173 2 262_12.02_10.19.x+250kpc
 0.043515 -0.281933 -0.250395 2 338_12.04_10.00.x+250kpc
 0.083128 -0.275215 -0.232946 2 341_11.87_10.21.x+250kpc
 0.091063 -0.101504 -0.136480 2 363_12.00_10.39.x+250kpc
 0.317232 -0.499916 -0.263210 2 390_11.82_10.39.x+250kpc
 0.354128 -0.461847 -0.263509 2 395_12.17_10.41.x+250kpc
 0.195200 -0.447513 -0.148565 2 396_11.96_10.38.x+250kpc
 0.160537 -0.328009 -0.189137 2 400_11.78_9.918.x+250kpc
 0.362612 -0.386054 -0.394811 2 419_12.19_10.64.x+250kpc
 0.416761 -0.366809 -0.280262 2 462_11.96_10.37.x+250kpc
 0.388482 -0.317406 -0.392929 2 494_11.81_9.902.x+250kpc
 0.190683 -0.231135 -0.213594 2 527_11.82_9.752.x+250kpc
-0.302669  0.460038 -0.249371 2 606_11.93_10.28.x+250kpc
-0.123097  0.443165 -0.360604 2 612_11.78_10.23.x+250kpc
-0.187941  0.463499 -0.260425 2 631_12.10_10.63.x+250kpc
 0.098021  0.113381 -0.167049 2 649_12.06_10.58.x+250kpc
 0.149217 -0.049785 -0.324231 2 683_12.01_10.46.x+250kpc
 0.165575  0.038306 -0.460547 2 691_12.09_10.41.x+250kpc
 0.147326  0.141746 -0.151245 2 720_11.87_10.31.x+250kpc
 0.174602  0.293783 -0.232057 2 777_12.24_10.42.x+250kpc
 0.184110  0.316537 -0.227994 2 778_11.88_10.35.x+250kpc
 0.444508  0.349432 -0.361693 2 934_12.21_10.65.x+250kpc
 0.266845  0.331934 -0.245744 2 948_11.80_10.11.x+250kpc
 0.393135  0.355699 -0.238712 2 959_11.82_10.14.x+250kpc
 0.393117  0.375206 -0.318609 2 983_11.97_10.25.x+250kpc
 0.303368  0.421768 -0.198570 2 1114_12.21_10.61.x+250kpc
-0.369440 -0.423358 -0.018097 2 1156_12.06_10.55.x+250kpc
-0.259433 -0.323162  0.003851 2 1168_11.89_10.31.x+250kpc
-0.303732 -0.304112  0.059647 2 1196_11.85_10.24.x+250kpc
-0.334773 -0.296537  0.081123 2 1197_11.85_10.23.x+250kpc
-0.423599 -0.289467  0.148337 2 1201_11.78_10.15.x+250kpc
-0.356274 -0.447619  0.313363 2 1220_12.00_10.47.x+250kpc
-0.419637 -0.161205  0.361929 2 1327_11.75_9.848.x+250kpc
-0.330852 -0.173919  0.394139 2 1340_12.14_10.61.x+250kpc
-0.377092 -0.174035  0.425212 2 1342_11.75_9.936.x+250kpc
-0.179924 -0.290155 -0.019308 2 1372_12.06_10.42.x+250kpc
-0.119827 -0.462663  0.302416 2 1427_11.95_10.36.x+250kpc
-0.150195 -0.394617  0.307479 2 1435_11.76_10.09.x+250kpc
-0.173155 -0.216118  0.482233 2 1457_11.93_10.30.x+250kpc
-0.259061 -0.162023  0.424771 2 1481_11.86_10.23.x+250kpc
-0.222970 -0.186181  0.457684 2 1500_11.97_10.35.x+250kpc
-0.183245 -0.193772  0.462026 2 1505_12.00_10.43.x+250kpc
-0.022488 -0.362930  0.032114 2 1513_11.83_10.10.x+250kpc
 0.321438 -0.180016  0.100382 2 1549_11.76_10.35.x+250kpc
 0.372409 -0.160814  0.147743 2 1565_12.21_10.73.x+250kpc
 0.074413 -0.370493  0.243760 2 1566_11.88_10.41.x+250kpc
 0.385041 -0.143110  0.152016 2 1589_11.97_10.26.x+250kpc
 0.426105 -0.158942  0.201883 2 1623_12.02_10.44.x+250kpc
 0.098499 -0.344854  0.397494 2 1654_12.09_10.49.x+250kpc
 0.070897 -0.427454  0.472752 2 1656_11.82_10.37.x+250kpc
 0.362260 -0.275448  0.371650 2 1694_11.87_10.26.x+250kpc
 0.415180 -0.247882  0.357976 2 1698_12.08_10.59.x+250kpc
 0.407835 -0.220827  0.350373 2 1708_12.07_10.57.x+250kpc
 0.416709 -0.384013  0.499697 2 1719_11.91_10.37.x+250kpc
 0.419733 -0.217416  0.344985 2 1738_11.77_10.16.x+250kpc
 0.025281  0.037336 -0.118023 2 1777_12.08_10.41.x+250kpc
 0.042949  0.014249 -0.114180 2 1778_11.90_10.22.x+250kpc
-0.150557  0.038886  0.325243 2 1816_12.18_10.55.x+250kpc
-0.369315  0.375802 -0.089671 2 1823_11.98_10.57.x+250kpc
-0.333735  0.391405 -0.085076 2 1829_11.86_10.17.x+250kpc
-0.475010  0.427170 -0.059106 2 1839_11.98_10.54.x+250kpc
 0.001131  0.090330  0.096956 2 1868_11.97_10.28.x+250kpc
-0.014067  0.093437  0.139860 2 1879_11.84_10.41.x+250kpc
-0.205955  0.492844 -0.035733 2 1907_12.09_10.61.x+250kpc
-0.400037 -0.084558  0.364346 2 1959_11.83_10.09.x+250kpc
-0.381640  0.025814  0.367433 2 1967_11.87_10.11.x+250kpc
-0.161149 -0.090918  0.409237 2 2015_11.88_10.09.x+250kpc
-0.010270  0.009330  0.431897 2 2033_12.10_10.45.x+250kpc
-0.140454 -0.306009 -0.262602 2 37_12.12_10.62.x+290kpc
-0.279090 -0.217447 -0.419567 2 52_11.84_10.24.x+290kpc
-0.267338 -0.188879 -0.468488 2 68_11.77_9.789.x+290kpc
-0.037330 -0.299901 -0.376143 2 119_11.97_10.44.x+290kpc
-0.041142 -0.252486 -0.325352 2 152_11.89_10.30.x+290kpc
-0.091928 -0.306142 -0.266861 2 157_11.80_10.14.x+290kpc
-0.076513 -0.201186 -0.479334 2 186_11.89_9.962.x+290kpc
-0.013324 -0.250376 -0.250173 2 262_12.02_10.19.x+290kpc
 0.045115 -0.281933 -0.250395 2 338_12.04_10.00.x+290kpc
 0.084728 -0.275215 -0.232946 2 341_11.87_10.21.x+290kpc
 0.092663 -0.101504 -0.136480 2 363_12.00_10.39.x+290kpc
 0.318832 -0.499916 -0.263210 2 390_11.82_10.39.x+290kpc
 0.355728 -0.461847 -0.263509 2 395_12.17_10.41.x+290kpc
 0.196800 -0.447513 -0.148565 2 396_11.96_10.38.x+290kpc
 0.162137 -0.328009 -0.189137 2 400_11.78_9.918.x+290kpc
 0.364212 -0.386054 -0.394811 2 419_12.19_10.64.x+290kpc
 0.418361 -0.366809 -0.280262 2 462_11.96_10.37.x+290kpc
 0.390082 -0.317406 -0.392929 2 494_11.81_9.902.x+290kpc
 0.192283 -0.231135 -0.213594 2 527_11.82_9.752.x+290kpc
-0.301069  0.460038 -0.249371 2 606_11.93_10.28.x+290kpc
-0.121497  0.443165 -0.360604 2 612_11.78_10.23.x+290kpc
-0.186341  0.463499 -0.260425 2 631_12.10_10.63.x+290kpc
 0.099621  0.113381 -0.167049 2 649_12.06_10.58.x+290kpc
 0.150817 -0.049785 -0.324231 2 683_12.01_10.46.x+290kpc
 0.167175  0.038306 -0.460547 2 691_12.09_10.41.x+290kpc
 0.148926  0.141746 -0.151245 2 720_11.87_10.31.x+290kpc
 0.176202  0.293783 -0.232057 2 777_12.24_10.42.x+290kpc
 0.185710  0.316537 -0.227994 2 778_11.88_10.35.x+290kpc
 0.446108  0.349432 -0.361693 2 934_12.21_10.65.x+290kpc
 0.268445  0.331934 -0.245744 2 948_11.80_10.11.x+290kpc
 0.394735  0.355699 -0.238712 2 959_11.82_10.14.x+290kpc
 0.394717  0.375206 -0.318609 2 983_11.97_10.25.x+290kpc
 0.304968  0.421768 -0.198570 2 1114_12.21_10.61.x+290kpc
-0.367840 -0.423358 -0.018097 2 1156_12.06_10.55.x+290kpc
-0.257833 -0.323162  0.003851 2 1168_11.89_10.31.x+290kpc
-0.302132 -0.304112  0.059647 2 1196_11.85_10.24.x+290kpc
-0.333173 -0.296537  0.081123 2 1197_11.85_10.23.x+290kpc
-0.421999 -0.289467  0.148337 2 1201_11.78_10.15.x+290kpc
-0.354674 -0.447619  0.313363 2 1220_12.00_10.47.x+290kpc
-0.418037 -0.161205  0.361929 2 1327_11.75_9.848.x+290kpc
-0.329252 -0.173919  0.394139 2 1340_12.14_10.61.x+290kpc
-0.375492 -0.174035  0.425212 2 1342_11.75_9.936.x+290kpc
-0.178324 -0.290155 -0.019308 2 1372_12.06_10.42.x+290kpc
-0.118227 -0.462663  0.302416 2 1427_11.95_10.36.x+290kpc
-0.148595 -0.394617  0.307479 2 1435_11.76_10.09.x+290kpc
-0.171555 -0.216118  0.482233 2 1457_11.93_10.30.x+290kpc
-0.257461 -0.162023  0.424771 2 1481_11.86_10.23.x+290kpc
-0.221370 -0.186181  0.457684 2 1500_11.97_10.35.x+290kpc
-0.181645 -0.193772  0.462026 2 1505_12.00_10.43.x+290kpc
-0.020888 -0.362930  0.032114 2 1513_11.83_10.10.x+290kpc
 0.323038 -0.180016  0.100382 2 1549_11.76_10.35.x+290kpc
 0.374009 -0.160814  0.147743 2 1565_12.21_10.73.x+290kpc
 0.076013 -0.370493  0.243760 2 1566_11.88_10.41.x+290kpc
 0.386641 -0.143110  0.152016 2 1589_11.97_10.26.x+290kpc
 0.427705 -0.158942  0.201883 2 1623_12.02_10.44.x+290kpc
 0.100099 -0.344854  0.397494 2 1654_12.09_10.49.x+290kpc
 0.072497 -0.427454  0.472752 2 1656_11.82_10.37.x+290kpc
 0.363860 -0.275448  0.371650 2 1694_11.87_10.26.x+290kpc
 0.416780 -0.247882  0.357976 2 1698_12.08_10.59.x+290kpc
 0.409435 -0.220827  0.350373 2 1708_12.07_10.57.x+290kpc
 0.418309 -0.384013  0.499697 2 1719_11.91_10.37.x+290kpc
 0.421333 -0.217416  0.344985 2 1738_11.77_10.16.x+290kpc
 0.026881  0.037336 -0.118023 2 1777_12.08_10.41.x+290kpc
 0.044549  0.014249 -0.114180 2 1778_11.90_10.22.x+290kpc
-0.148957  0.038886  0.325243 2 1816_12.18_10.55.x+290kpc
-0.367715  0.375802 -0.089671 2 1823_11.98_10.57.x+290kpc
-0.332135  0.391405 -0.085076 2 1829_11.86_10.17.x+290kpc
-0.473410  0.427170 -0.059106 2 1839_11.98_10.54.x+290kpc
 0.002731  0.090330  0.096956 2 1868_11.97_10.28.x+290kpc
-0.012467  0.093437  0.139860 2 1879_11.84_10.41.x+290kpc
-0.204355  0.492844 -0.035733 2 1907_12.09_10.61.x+290kpc
-0.398437 -0.084558  0.364346 2 1959_11.83_10.09.x+290kpc
-0.380040  0.025814  0.367433 2 1967_11.87_10.11.x+290kpc
-0.159549 -0.090918  0.409237 2 2015_11.88_10.09.x+290kpc
-0.008670  0.009330  0.431897 2 2033_12.10_10.45.x+290kpc
