-0.152054 -0.306409 -0.262602 2 37_12.12_10.62.y-10kpc
-0.290690 -0.217847 -0.419567 2 52_11.84_10.24.y-10kpc
-0.278938 -0.189279 -0.468488 2 68_11.77_9.789.y-10kpc
-0.048930 -0.300301 -0.376143 2 119_11.97_10.44.y-10kpc
-0.052742 -0.252886 -0.325352 2 152_11.89_10.30.y-10kpc
-0.103528 -0.306542 -0.266861 2 157_11.80_10.14.y-10kpc
-0.088113 -0.201586 -0.479334 2 186_11.89_9.962.y-10kpc
-0.024924 -0.250776 -0.250173 2 262_12.02_10.19.y-10kpc
 0.033515 -0.282333 -0.250395 2 338_12.04_10.00.y-10kpc
 0.073128 -0.275615 -0.232946 2 341_11.87_10.21.y-10kpc
 0.081063 -0.101904 -0.136480 2 363_12.00_10.39.y-10kpc
 0.307232  0.499684 -0.263210 2 390_11.82_10.39.y-10kpc
 0.344128 -0.462247 -0.263509 2 395_12.17_10.41.y-10kpc
 0.185200 -0.447913 -0.148565 2 396_11.96_10.38.y-10kpc
 0.150537 -0.328409 -0.189137 2 400_11.78_9.918.y-10kpc
 0.352612 -0.386454 -0.394811 2 419_12.19_10.64.y-10kpc
 0.406761 -0.367209 -0.280262 2 462_11.96_10.37.y-10kpc
 0.378482 -0.317806 -0.392929 2 494_11.81_9.902.y-10kpc
 0.180683 -0.231535 -0.213594 2 527_11.82_9.752.y-10kpc
-0.312669  0.459638 -0.249371 2 606_11.93_10.28.y-10kpc
-0.133097  0.442765 -0.360604 2 612_11.78_10.23.y-10kpc
-0.197941  0.463099 -0.260425 2 631_12.10_10.63.y-10kpc
 0.088021  0.112981 -0.167049 2 649_12.06_10.58.y-10kpc
 0.139217 -0.050185 -0.324231 2 683_12.01_10.46.y-10kpc
 0.155575  0.037906 -0.460547 2 691_12.09_10.41.y-10kpc
 0.137326  0.141346 -0.151245 2 720_11.87_10.31.y-10kpc
 0.164602  0.293383 -0.232057 2 777_12.24_10.42.y-10kpc
 0.174110  0.316137 -0.227994 2 778_11.88_10.35.y-10kpc
 0.434508  0.349032 -0.361693 2 934_12.21_10.65.y-10kpc
 0.256845  0.331534 -0.245744 2 948_11.80_10.11.y-10kpc
 0.383135  0.355299 -0.238712 2 959_11.82_10.14.y-10kpc
 0.383117  0.374806 -0.318609 2 983_11.97_10.25.y-10kpc
 0.293368  0.421368 -0.198570 2 1114_12.21_10.61.y-10kpc
-0.379440 -0.423758 -0.018097 2 1156_12.06_10.55.y-10kpc
-0.269433 -0.323562  0.003851 2 1168_11.89_10.31.y-10kpc
-0.313732 -0.304512  0.059647 2 1196_11.85_10.24.y-10kpc
-0.344773 -0.296937  0.081123 2 1197_11.85_10.23.y-10kpc
-0.433599 -0.289867  0.148337 2 1201_11.78_10.15.y-10kpc
-0.366274 -0.448019  0.313363 2 1220_12.00_10.47.y-10kpc
-0.429637 -0.161605  0.361929 2 1327_11.75_9.848.y-10kpc
-0.340852 -0.174319  0.394139 2 1340_12.14_10.61.y-10kpc
-0.387092 -0.174435  0.425212 2 1342_11.75_9.936.y-10kpc
-0.189924 -0.290555 -0.019308 2 1372_12.06_10.42.y-10kpc
-0.129827 -0.463063  0.302416 2 1427_11.95_10.36.y-10kpc
-0.160195 -0.395017  0.307479 2 1435_11.76_10.09.y-10kpc
-0.183155 -0.216518  0.482233 2 1457_11.93_10.30.y-10kpc
-0.269061 -0.162423  0.424771 2 1481_11.86_10.23.y-10kpc
-0.232970 -0.186581  0.457684 2 1500_11.97_10.35.y-10kpc
-0.193245 -0.194172  0.462026 2 1505_12.00_10.43.y-10kpc
-0.032488 -0.363330  0.032114 2 1513_11.83_10.10.y-10kpc
 0.311438 -0.180416  0.100382 2 1549_11.76_10.35.y-10kpc
 0.362409 -0.161214  0.147743 2 1565_12.21_10.73.y-10kpc
 0.064413 -0.370893  0.243760 2 1566_11.88_10.41.y-10kpc
 0.375041 -0.143510  0.152016 2 1589_11.97_10.26.y-10kpc
 0.416105 -0.159342  0.201883 2 1623_12.02_10.44.y-10kpc
 0.088499 -0.345254  0.397494 2 1654_12.09_10.49.y-10kpc
 0.060897 -0.427854  0.472752 2 1656_11.82_10.37.y-10kpc
 0.352260 -0.275848  0.371650 2 1694_11.87_10.26.y-10kpc
 0.405180 -0.248282  0.357976 2 1698_12.08_10.59.y-10kpc
 0.397835 -0.221227  0.350373 2 1708_12.07_10.57.y-10kpc
 0.406709 -0.384413  0.499697 2 1719_11.91_10.37.y-10kpc
 0.409733 -0.217816  0.344985 2 1738_11.77_10.16.y-10kpc
 0.015281  0.036936 -0.118023 2 1777_12.08_10.41.y-10kpc
 0.032949  0.013849 -0.114180 2 1778_11.90_10.22.y-10kpc
-0.160557  0.038486  0.325243 2 1816_12.18_10.55.y-10kpc
-0.379315  0.375402 -0.089671 2 1823_11.98_10.57.y-10kpc
-0.343735  0.391005 -0.085076 2 1829_11.86_10.17.y-10kpc
-0.485010  0.426770 -0.059106 2 1839_11.98_10.54.y-10kpc
-0.008869  0.089930  0.096956 2 1868_11.97_10.28.y-10kpc
-0.024067  0.093037  0.139860 2 1879_11.84_10.41.y-10kpc
-0.215955  0.492444 -0.035733 2 1907_12.09_10.61.y-10kpc
-0.410037 -0.084958  0.364346 2 1959_11.83_10.09.y-10kpc
-0.391640  0.025414  0.367433 2 1967_11.87_10.11.y-10kpc
-0.171149 -0.091318  0.409237 2 2015_11.88_10.09.y-10kpc
-0.020270  0.008930  0.431897 2 2033_12.10_10.45.y-10kpc
-0.152054 -0.308009 -0.262602 2 37_12.12_10.62.y-50kpc
-0.290690 -0.219447 -0.419567 2 52_11.84_10.24.y-50kpc
-0.278938 -0.190879 -0.468488 2 68_11.77_9.789.y-50kpc
-0.048930 -0.301901 -0.376143 2 119_11.97_10.44.y-50kpc
-0.052742 -0.254486 -0.325352 2 152_11.89_10.30.y-50kpc
-0.103528 -0.308142 -0.266861 2 157_11.80_10.14.y-50kpc
-0.088113 -0.203186 -0.479334 2 186_11.89_9.962.y-50kpc
-0.024924 -0.252376 -0.250173 2 262_12.02_10.19.y-50kpc
 0.033515 -0.283933 -0.250395 2 338_12.04_10.00.y-50kpc
 0.073128 -0.277215 -0.232946 2 341_11.87_10.21.y-50kpc
 0.081063 -0.103504 -0.136480 2 363_12.00_10.39.y-50kpc
 0.307232  0.498084 -0.263210 2 390_11.82_10.39.y-50kpc
 0.344128 -0.463847 -0.263509 2 395_12.17_10.41.y-50kpc
 0.185200 -0.449513 -0.148565 2 396_11.96_10.38.y-50kpc
 0.150537 -0.330009 -0.189137 2 400_11.78_9.918.y-50kpc
 0.352612 -0.388054 -0.394811 2 419_12.19_10.64.y-50kpc
 0.406761 -0.368809 -0.280262 2 462_11.96_10.37.y-50kpc
 0.378482 -0.319406 -0.392929 2 494_11.81_9.902.y-50kpc
 0.180683 -0.233135 -0.213594 2 527_11.82_9.752.y-50kpc
-0.312669  0.458038 -0.249371 2 606_11.93_10.28.y-50kpc
-0.133097  0.441165 -0.360604 2 612_11.78_10.23.y-50kpc
-0.197941  0.461499 -0.260425 2 631_12.10_10.63.y-50kpc
 0.088021  0.111381 -0.167049 2 649_12.06_10.58.y-50kpc
 0.139217 -0.051785 -0.324231 2 683_12.01_10.46.y-50kpc
 0.155575  0.036306 -0.460547 2 691_12.09_10.41.y-50kpc
 0.137326  0.139746 -0.151245 2 720_11.87_10.31.y-50kpc
 0.164602  0.291783 -0.232057 2 777_12.24_10.42.y-50kpc
 0.174110  0.314537 -0.227994 2 778_11.88_10.35.y-50kpc
 0.434508  0.347432 -0.361693 2 934_12.21_10.65.y-50kpc
 0.256845  0.329934 -0.245744 2 948_11.80_10.11.y-50kpc
 0.383135  0.353699 -0.238712 2 959_11.82_10.14.y-50kpc
 0.383117  0.373206 -0.318609 2 983_11.97_10.25.y-50kpc
 0.293368  0.419768 -0.198570 2 1114_12.21_10.61.y-50kpc
-0.379440 -0.425358 -0.018097 2 1156_12.06_10.55.y-50kpc
-0.269433 -0.325162  0.003851 2 1168_11.89_10.31.y-50kpc
-0.313732 -0.306112  0.059647 2 1196_11.85_10.24.y-50kpc
-0.344773 -0.298537  0.081123 2 1197_11.85_10.23.y-50kpc
-0.433599 -0.291467  0.148337 2 1201_11.78_10.15.y-50kpc
-0.366274 -0.449619  0.313363 2 1220_12.00_10.47.y-50kpc
-0.429637 -0.163205  0.361929 2 1327_11.75_9.848.y-50kpc
-0.340852 -0.175919  0.394139 2 1340_12.14_10.61.y-50kpc
-0.387092 -0.176035  0.425212 2 1342_11.75_9.936.y-50kpc
-0.189924 -0.292155 -0.019308 2 1372_12.06_10.42.y-50kpc
-0.129827 -0.464663  0.302416 2 1427_11.95_10.36.y-50kpc
-0.160195 -0.396617  0.307479 2 1435_11.76_10.09.y-50kpc
-0.183155 -0.218118  0.482233 2 1457_11.93_10.30.y-50kpc
-0.269061 -0.164023  0.424771 2 1481_11.86_10.23.y-50kpc
-0.232970 -0.188181  0.457684 2 1500_11.97_10.35.y-50kpc
-0.193245 -0.195772  0.462026 2 1505_12.00_10.43.y-50kpc
-0.032488 -0.364930  0.032114 2 1513_11.83_10.10.y-50kpc
 0.311438 -0.182016  0.100382 2 1549_11.76_10.35.y-50kpc
 0.362409 -0.162814  0.147743 2 1565_12.21_10.73.y-50kpc
 0.064413 -0.372493  0.243760 2 1566_11.88_10.41.y-50kpc
 0.375041 -0.145110  0.152016 2 1589_11.97_10.26.y-50kpc
 0.416105 -0.160942  0.201883 2 1623_12.02_10.44.y-50kpc
 0.088499 -0.346854  0.397494 2 1654_12.09_10.49.y-50kpc
 0.060897 -0.429454  0.472752 2 1656_11.82_10.37.y-50kpc
 0.352260 -0.277448  0.371650 2 1694_11.87_10.26.y-50kpc
 0.405180 -0.249882  0.357976 2 1698_12.08_10.59.y-50kpc
 0.397835 -0.222827  0.350373 2 1708_12.07_10.57.y-50kpc
 0.406709 -0.386013  0.499697 2 1719_11.91_10.37.y-50kpc
 0.409733 -0.219416  0.344985 2 1738_11.77_10.16.y-50kpc
 0.015281  0.035336 -0.118023 2 1777_12.08_10.41.y-50kpc
 0.032949  0.012249 -0.114180 2 1778_11.90_10.22.y-50kpc
-0.160557  0.036886  0.325243 2 1816_12.18_10.55.y-50kpc
-0.379315  0.373802 -0.089671 2 1823_11.98_10.57.y-50kpc
-0.343735  0.389405 -0.085076 2 1829_11.86_10.17.y-50kpc
-0.485010  0.425170 -0.059106 2 1839_11.98_10.54.y-50kpc
-0.008869  0.088330  0.096956 2 1868_11.97_10.28.y-50kpc
-0.024067  0.091437  0.139860 2 1879_11.84_10.41.y-50kpc
-0.215955  0.490844 -0.035733 2 1907_12.09_10.61.y-50kpc
-0.410037 -0.086558  0.364346 2 1959_11.83_10.09.y-50kpc
-0.391640  0.023814  0.367433 2 1967_11.87_10.11.y-50kpc
-0.171149 -0.092918  0.409237 2 2015_11.88_10.09.y-50kpc
-0.020270  0.007330  0.431897 2 2033_12.10_10.45.y-50kpc
-0.152054 -0.309609 -0.262602 2 37_12.12_10.62.y-90kpc
-0.290690 -0.221047 -0.419567 2 52_11.84_10.24.y-90kpc
-0.278938 -0.192479 -0.468488 2 68_11.77_9.789.y-90kpc
-0.048930 -0.303501 -0.376143 2 119_11.97_10.44.y-90kpc
-0.052742 -0.256086 -0.325352 2 152_11.89_10.30.y-90kpc
-0.103528 -0.309742 -0.266861 2 157_11.80_10.14.y-90kpc
-0.088113 -0.204786 -0.479334 2 186_11.89_9.962.y-90kpc
-0.024924 -0.253976 -0.250173 2 262_12.02_10.19.y-90kpc
 0.033515 -0.285533 -0.250395 2 338_12.04_10.00.y-90kpc
 0.073128 -0.278815 -0.232946 2 341_11.87_10.21.y-90kpc
 0.081063 -0.105104 -0.136480 2 363_12.00_10.39.y-90kpc
 0.307232  0.496484 -0.263210 2 390_11.82_10.39.y-90kpc
 0.344128 -0.465447 -0.263509 2 395_12.17_10.41.y-90kpc
 0.185200 -0.451113 -0.148565 2 396_11.96_10.38.y-90kpc
 0.150537 -0.331609 -0.189137 2 400_11.78_9.918.y-90kpc
 0.352612 -0.389654 -0.394811 2 419_12.19_10.64.y-90kpc
 0.406761 -0.370409 -0.280262 2 462_11.96_10.37.y-90kpc
 0.378482 -0.321006 -0.392929 2 494_11.81_9.902.y-90kpc
 0.180683 -0.234735 -0.213594 2 527_11.82_9.752.y-90kpc
-0.312669  0.456438 -0.249371 2 606_11.93_10.28.y-90kpc
-0.133097  0.439565 -0.360604 2 612_11.78_10.23.y-90kpc
-0.197941  0.459899 -0.260425 2 631_12.10_10.63.y-90kpc
 0.088021  0.109781 -0.167049 2 649_12.06_10.58.y-90kpc
 0.139217 -0.053385 -0.324231 2 683_12.01_10.46.y-90kpc
 0.155575  0.034706 -0.460547 2 691_12.09_10.41.y-90kpc
 0.137326  0.138146 -0.151245 2 720_11.87_10.31.y-90kpc
 0.164602  0.290183 -0.232057 2 777_12.24_10.42.y-90kpc
 0.174110  0.312937 -0.227994 2 778_11.88_10.35.y-90kpc
 0.434508  0.345832 -0.361693 2 934_12.21_10.65.y-90kpc
 0.256845  0.328334 -0.245744 2 948_11.80_10.11.y-90kpc
 0.383135  0.352099 -0.238712 2 959_11.82_10.14.y-90kpc
 0.383117  0.371606 -0.318609 2 983_11.97_10.25.y-90kpc
 0.293368  0.418168 -0.198570 2 1114_12.21_10.61.y-90kpc
-0.379440 -0.426958 -0.018097 2 1156_12.06_10.55.y-90kpc
-0.269433 -0.326762  0.003851 2 1168_11.89_10.31.y-90kpc
-0.313732 -0.307712  0.059647 2 1196_11.85_10.24.y-90kpc
-0.344773 -0.300137  0.081123 2 1197_11.85_10.23.y-90kpc
-0.433599 -0.293067  0.148337 2 1201_11.78_10.15.y-90kpc
-0.366274 -0.451219  0.313363 2 1220_12.00_10.47.y-90kpc
-0.429637 -0.164805  0.361929 2 1327_11.75_9.848.y-90kpc
-0.340852 -0.177519  0.394139 2 1340_12.14_10.61.y-90kpc
-0.387092 -0.177635  0.425212 2 1342_11.75_9.936.y-90kpc
-0.189924 -0.293755 -0.019308 2 1372_12.06_10.42.y-90kpc
-0.129827 -0.466263  0.302416 2 1427_11.95_10.36.y-90kpc
-0.160195 -0.398217  0.307479 2 1435_11.76_10.09.y-90kpc
-0.183155 -0.219718  0.482233 2 1457_11.93_10.30.y-90kpc
-0.269061 -0.165623  0.424771 2 1481_11.86_10.23.y-90kpc
-0.232970 -0.189781  0.457684 2 1500_11.97_10.35.y-90kpc
-0.193245 -0.197372  0.462026 2 1505_12.00_10.43.y-90kpc
-0.032488 -0.366530  0.032114 2 1513_11.83_10.10.y-90kpc
 0.311438 -0.183616  0.100382 2 1549_11.76_10.35.y-90kpc
 0.362409 -0.164414  0.147743 2 1565_12.21_10.73.y-90kpc
 0.064413 -0.374093  0.243760 2 1566_11.88_10.41.y-90kpc
 0.375041 -0.146710  0.152016 2 1589_11.97_10.26.y-90kpc
 0.416105 -0.162542  0.201883 2 1623_12.02_10.44.y-90kpc
 0.088499 -0.348454  0.397494 2 1654_12.09_10.49.y-90kpc
 0.060897 -0.431054  0.472752 2 1656_11.82_10.37.y-90kpc
 0.352260 -0.279048  0.371650 2 1694_11.87_10.26.y-90kpc
 0.405180 -0.251482  0.357976 2 1698_12.08_10.59.y-90kpc
 0.397835 -0.224427  0.350373 2 1708_12.07_10.57.y-90kpc
 0.406709 -0.387613  0.499697 2 1719_11.91_10.37.y-90kpc
 0.409733 -0.221016  0.344985 2 1738_11.77_10.16.y-90kpc
 0.015281  0.033736 -0.118023 2 1777_12.08_10.41.y-90kpc
 0.032949  0.010649 -0.114180 2 1778_11.90_10.22.y-90kpc
-0.160557  0.035286  0.325243 2 1816_12.18_10.55.y-90kpc
-0.379315  0.372202 -0.089671 2 1823_11.98_10.57.y-90kpc
-0.343735  0.387805 -0.085076 2 1829_11.86_10.17.y-90kpc
-0.485010  0.423570 -0.059106 2 1839_11.98_10.54.y-90kpc
-0.008869  0.086730  0.096956 2 1868_11.97_10.28.y-90kpc
-0.024067  0.089837  0.139860 2 1879_11.84_10.41.y-90kpc
-0.215955  0.489244 -0.035733 2 1907_12.09_10.61.y-90kpc
-0.410037 -0.088158  0.364346 2 1959_11.83_10.09.y-90kpc
-0.391640  0.022214  0.367433 2 1967_11.87_10.11.y-90kpc
-0.171149 -0.094518  0.409237 2 2015_11.88_10.09.y-90kpc
-0.020270  0.005730  0.431897 2 2033_12.10_10.45.y-90kpc
-0.152054 -0.311209 -0.262602 2 37_12.12_10.62.y-130kpc
-0.290690 -0.222647 -0.419567 2 52_11.84_10.24.y-130kpc
-0.278938 -0.194079 -0.468488 2 68_11.77_9.789.y-130kpc
-0.048930 -0.305101 -0.376143 2 119_11.97_10.44.y-130kpc
-0.052742 -0.257686 -0.325352 2 152_11.89_10.30.y-130kpc
-0.103528 -0.311342 -0.266861 2 157_11.80_10.14.y-130kpc
-0.088113 -0.206386 -0.479334 2 186_11.89_9.962.y-130kpc
-0.024924 -0.255576 -0.250173 2 262_12.02_10.19.y-130kpc
 0.033515 -0.287133 -0.250395 2 338_12.04_10.00.y-130kpc
 0.073128 -0.280415 -0.232946 2 341_11.87_10.21.y-130kpc
 0.081063 -0.106704 -0.136480 2 363_12.00_10.39.y-130kpc
 0.307232  0.494884 -0.263210 2 390_11.82_10.39.y-130kpc
 0.344128 -0.467047 -0.263509 2 395_12.17_10.41.y-130kpc
 0.185200 -0.452713 -0.148565 2 396_11.96_10.38.y-130kpc
 0.150537 -0.333209 -0.189137 2 400_11.78_9.918.y-130kpc
 0.352612 -0.391254 -0.394811 2 419_12.19_10.64.y-130kpc
 0.406761 -0.372009 -0.280262 2 462_11.96_10.37.y-130kpc
 0.378482 -0.322606 -0.392929 2 494_11.81_9.902.y-130kpc
 0.180683 -0.236335 -0.213594 2 527_11.82_9.752.y-130kpc
-0.312669  0.454838 -0.249371 2 606_11.93_10.28.y-130kpc
-0.133097  0.437965 -0.360604 2 612_11.78_10.23.y-130kpc
-0.197941  0.458299 -0.260425 2 631_12.10_10.63.y-130kpc
 0.088021  0.108181 -0.167049 2 649_12.06_10.58.y-130kpc
 0.139217 -0.054985 -0.324231 2 683_12.01_10.46.y-130kpc
 0.155575  0.033106 -0.460547 2 691_12.09_10.41.y-130kpc
 0.137326  0.136546 -0.151245 2 720_11.87_10.31.y-130kpc
 0.164602  0.288583 -0.232057 2 777_12.24_10.42.y-130kpc
 0.174110  0.311337 -0.227994 2 778_11.88_10.35.y-130kpc
 0.434508  0.344232 -0.361693 2 934_12.21_10.65.y-130kpc
 0.256845  0.326734 -0.245744 2 948_11.80_10.11.y-130kpc
 0.383135  0.350499 -0.238712 2 959_11.82_10.14.y-130kpc
 0.383117  0.370006 -0.318609 2 983_11.97_10.25.y-130kpc
 0.293368  0.416568 -0.198570 2 1114_12.21_10.61.y-130kpc
-0.379440 -0.428558 -0.018097 2 1156_12.06_10.55.y-130kpc
-0.269433 -0.328362  0.003851 2 1168_11.89_10.31.y-130kpc
-0.313732 -0.309312  0.059647 2 1196_11.85_10.24.y-130kpc
-0.344773 -0.301737  0.081123 2 1197_11.85_10.23.y-130kpc
-0.433599 -0.294667  0.148337 2 1201_11.78_10.15.y-130kpc
-0.366274 -0.452819  0.313363 2 1220_12.00_10.47.y-130kpc
-0.429637 -0.166405  0.361929 2 1327_11.75_9.848.y-130kpc
-0.340852 -0.179119  0.394139 2 1340_12.14_10.61.y-130kpc
-0.387092 -0.179235  0.425212 2 1342_11.75_9.936.y-130kpc
-0.189924 -0.295355 -0.019308 2 1372_12.06_10.42.y-130kpc
-0.129827 -0.467863  0.302416 2 1427_11.95_10.36.y-130kpc
-0.160195 -0.399817  0.307479 2 1435_11.76_10.09.y-130kpc
-0.183155 -0.221318  0.482233 2 1457_11.93_10.30.y-130kpc
-0.269061 -0.167223  0.424771 2 1481_11.86_10.23.y-130kpc
-0.232970 -0.191381  0.457684 2 1500_11.97_10.35.y-130kpc
-0.193245 -0.198972  0.462026 2 1505_12.00_10.43.y-130kpc
-0.032488 -0.368130  0.032114 2 1513_11.83_10.10.y-130kpc
 0.311438 -0.185216  0.100382 2 1549_11.76_10.35.y-130kpc
 0.362409 -0.166014  0.147743 2 1565_12.21_10.73.y-130kpc
 0.064413 -0.375693  0.243760 2 1566_11.88_10.41.y-130kpc
 0.375041 -0.148310  0.152016 2 1589_11.97_10.26.y-130kpc
 0.416105 -0.164142  0.201883 2 1623_12.02_10.44.y-130kpc
 0.088499 -0.350054  0.397494 2 1654_12.09_10.49.y-130kpc
 0.060897 -0.432654  0.472752 2 1656_11.82_10.37.y-130kpc
 0.352260 -0.280648  0.371650 2 1694_11.87_10.26.y-130kpc
 0.405180 -0.253082  0.357976 2 1698_12.08_10.59.y-130kpc
 0.397835 -0.226027  0.350373 2 1708_12.07_10.57.y-130kpc
 0.406709 -0.389213  0.499697 2 1719_11.91_10.37.y-130kpc
 0.409733 -0.222616  0.344985 2 1738_11.77_10.16.y-130kpc
 0.015281  0.032136 -0.118023 2 1777_12.08_10.41.y-130kpc
 0.032949  0.009049 -0.114180 2 1778_11.90_10.22.y-130kpc
-0.160557  0.033686  0.325243 2 1816_12.18_10.55.y-130kpc
-0.379315  0.370602 -0.089671 2 1823_11.98_10.57.y-130kpc
-0.343735  0.386205 -0.085076 2 1829_11.86_10.17.y-130kpc
-0.485010  0.421970 -0.059106 2 1839_11.98_10.54.y-130kpc
-0.008869  0.085130  0.096956 2 1868_11.97_10.28.y-130kpc
-0.024067  0.088237  0.139860 2 1879_11.84_10.41.y-130kpc
-0.215955  0.487644 -0.035733 2 1907_12.09_10.61.y-130kpc
-0.410037 -0.089758  0.364346 2 1959_11.83_10.09.y-130kpc
-0.391640  0.020614  0.367433 2 1967_11.87_10.11.y-130kpc
-0.171149 -0.096118  0.409237 2 2015_11.88_10.09.y-130kpc
-0.020270  0.004130  0.431897 2 2033_12.10_10.45.y-130kpc
-0.152054 -0.312809 -0.262602 2 37_12.12_10.62.y-170kpc
-0.290690 -0.224247 -0.419567 2 52_11.84_10.24.y-170kpc
-0.278938 -0.195679 -0.468488 2 68_11.77_9.789.y-170kpc
-0.048930 -0.306701 -0.376143 2 119_11.97_10.44.y-170kpc
-0.052742 -0.259286 -0.325352 2 152_11.89_10.30.y-170kpc
-0.103528 -0.312942 -0.266861 2 157_11.80_10.14.y-170kpc
-0.088113 -0.207986 -0.479334 2 186_11.89_9.962.y-170kpc
-0.024924 -0.257176 -0.250173 2 262_12.02_10.19.y-170kpc
 0.033515 -0.288733 -0.250395 2 338_12.04_10.00.y-170kpc
 0.073128 -0.282015 -0.232946 2 341_11.87_10.21.y-170kpc
 0.081063 -0.108304 -0.136480 2 363_12.00_10.39.y-170kpc
 0.307232  0.493284 -0.263210 2 390_11.82_10.39.y-170kpc
 0.344128 -0.468647 -0.263509 2 395_12.17_10.41.y-170kpc
 0.185200 -0.454313 -0.148565 2 396_11.96_10.38.y-170kpc
 0.150537 -0.334809 -0.189137 2 400_11.78_9.918.y-170kpc
 0.352612 -0.392854 -0.394811 2 419_12.19_10.64.y-170kpc
 0.406761 -0.373609 -0.280262 2 462_11.96_10.37.y-170kpc
 0.378482 -0.324206 -0.392929 2 494_11.81_9.902.y-170kpc
 0.180683 -0.237935 -0.213594 2 527_11.82_9.752.y-170kpc
-0.312669  0.453238 -0.249371 2 606_11.93_10.28.y-170kpc
-0.133097  0.436365 -0.360604 2 612_11.78_10.23.y-170kpc
-0.197941  0.456699 -0.260425 2 631_12.10_10.63.y-170kpc
 0.088021  0.106581 -0.167049 2 649_12.06_10.58.y-170kpc
 0.139217 -0.056585 -0.324231 2 683_12.01_10.46.y-170kpc
 0.155575  0.031506 -0.460547 2 691_12.09_10.41.y-170kpc
 0.137326  0.134946 -0.151245 2 720_11.87_10.31.y-170kpc
 0.164602  0.286983 -0.232057 2 777_12.24_10.42.y-170kpc
 0.174110  0.309737 -0.227994 2 778_11.88_10.35.y-170kpc
 0.434508  0.342632 -0.361693 2 934_12.21_10.65.y-170kpc
 0.256845  0.325134 -0.245744 2 948_11.80_10.11.y-170kpc
 0.383135  0.348899 -0.238712 2 959_11.82_10.14.y-170kpc
 0.383117  0.368406 -0.318609 2 983_11.97_10.25.y-170kpc
 0.293368  0.414968 -0.198570 2 1114_12.21_10.61.y-170kpc
-0.379440 -0.430158 -0.018097 2 1156_12.06_10.55.y-170kpc
-0.269433 -0.329962  0.003851 2 1168_11.89_10.31.y-170kpc
-0.313732 -0.310912  0.059647 2 1196_11.85_10.24.y-170kpc
-0.344773 -0.303337  0.081123 2 1197_11.85_10.23.y-170kpc
-0.433599 -0.296267  0.148337 2 1201_11.78_10.15.y-170kpc
-0.366274 -0.454419  0.313363 2 1220_12.00_10.47.y-170kpc
-0.429637 -0.168005  0.361929 2 1327_11.75_9.848.y-170kpc
-0.340852 -0.180719  0.394139 2 1340_12.14_10.61.y-170kpc
-0.387092 -0.180835  0.425212 2 1342_11.75_9.936.y-170kpc
-0.189924 -0.296955 -0.019308 2 1372_12.06_10.42.y-170kpc
-0.129827 -0.469463  0.302416 2 1427_11.95_10.36.y-170kpc
-0.160195 -0.401417  0.307479 2 1435_11.76_10.09.y-170kpc
-0.183155 -0.222918  0.482233 2 1457_11.93_10.30.y-170kpc
-0.269061 -0.168823  0.424771 2 1481_11.86_10.23.y-170kpc
-0.232970 -0.192981  0.457684 2 1500_11.97_10.35.y-170kpc
-0.193245 -0.200572  0.462026 2 1505_12.00_10.43.y-170kpc
-0.032488 -0.369730  0.032114 2 1513_11.83_10.10.y-170kpc
 0.311438 -0.186816  0.100382 2 1549_11.76_10.35.y-170kpc
 0.362409 -0.167614  0.147743 2 1565_12.21_10.73.y-170kpc
 0.064413 -0.377293  0.243760 2 1566_11.88_10.41.y-170kpc
 0.375041 -0.149910  0.152016 2 1589_11.97_10.26.y-170kpc
 0.416105 -0.165742  0.201883 2 1623_12.02_10.44.y-170kpc
 0.088499 -0.351654  0.397494 2 1654_12.09_10.49.y-170kpc
 0.060897 -0.434254  0.472752 2 1656_11.82_10.37.y-170kpc
 0.352260 -0.282248  0.371650 2 1694_11.87_10.26.y-170kpc
 0.405180 -0.254682  0.357976 2 1698_12.08_10.59.y-170kpc
 0.397835 -0.227627  0.350373 2 1708_12.07_10.57.y-170kpc
 0.406709 -0.390813  0.499697 2 1719_11.91_10.37.y-170kpc
 0.409733 -0.224216  0.344985 2 1738_11.77_10.16.y-170kpc
 0.015281  0.030536 -0.118023 2 1777_12.08_10.41.y-170kpc
 0.032949  0.007449 -0.114180 2 1778_11.90_10.22.y-170kpc
-0.160557  0.032086  0.325243 2 1816_12.18_10.55.y-170kpc
-0.379315  0.369002 -0.089671 2 1823_11.98_10.57.y-170kpc
-0.343735  0.384605 -0.085076 2 1829_11.86_10.17.y-170kpc
-0.485010  0.420370 -0.059106 2 1839_11.98_10.54.y-170kpc
-0.008869  0.083530  0.096956 2 1868_11.97_10.28.y-170kpc
-0.024067  0.086637  0.139860 2 1879_11.84_10.41.y-170kpc
-0.215955  0.486044 -0.035733 2 1907_12.09_10.61.y-170kpc
-0.410037 -0.091358  0.364346 2 1959_11.83_10.09.y-170kpc
-0.391640  0.019014  0.367433 2 1967_11.87_10.11.y-170kpc
-0.171149 -0.097718  0.409237 2 2015_11.88_10.09.y-170kpc
-0.020270  0.002530  0.431897 2 2033_12.10_10.45.y-170kpc
-0.152054 -0.314409 -0.262602 2 37_12.12_10.62.y-210kpc
-0.290690 -0.225847 -0.419567 2 52_11.84_10.24.y-210kpc
-0.278938 -0.197279 -0.468488 2 68_11.77_9.789.y-210kpc
-0.048930 -0.308301 -0.376143 2 119_11.97_10.44.y-210kpc
-0.052742 -0.260886 -0.325352 2 152_11.89_10.30.y-210kpc
-0.103528 -0.314542 -0.266861 2 157_11.80_10.14.y-210kpc
-0.088113 -0.209586 -0.479334 2 186_11.89_9.962.y-210kpc
-0.024924 -0.258776 -0.250173 2 262_12.02_10.19.y-210kpc
 0.033515 -0.290333 -0.250395 2 338_12.04_10.00.y-210kpc
 0.073128 -0.283615 -0.232946 2 341_11.87_10.21.y-210kpc
 0.081063 -0.109904 -0.136480 2 363_12.00_10.39.y-210kpc
 0.307232  0.491684 -0.263210 2 390_11.82_10.39.y-210kpc
 0.344128 -0.470247 -0.263509 2 395_12.17_10.41.y-210kpc
 0.185200 -0.455913 -0.148565 2 396_11.96_10.38.y-210kpc
 0.150537 -0.336409 -0.189137 2 400_11.78_9.918.y-210kpc
 0.352612 -0.394454 -0.394811 2 419_12.19_10.64.y-210kpc
 0.406761 -0.375209 -0.280262 2 462_11.96_10.37.y-210kpc
 0.378482 -0.325806 -0.392929 2 494_11.81_9.902.y-210kpc
 0.180683 -0.239535 -0.213594 2 527_11.82_9.752.y-210kpc
-0.312669  0.451638 -0.249371 2 606_11.93_10.28.y-210kpc
-0.133097  0.434765 -0.360604 2 612_11.78_10.23.y-210kpc
-0.197941  0.455099 -0.260425 2 631_12.10_10.63.y-210kpc
 0.088021  0.104981 -0.167049 2 649_12.06_10.58.y-210kpc
 0.139217 -0.058185 -0.324231 2 683_12.01_10.46.y-210kpc
 0.155575  0.029906 -0.460547 2 691_12.09_10.41.y-210kpc
 0.137326  0.133346 -0.151245 2 720_11.87_10.31.y-210kpc
 0.164602  0.285383 -0.232057 2 777_12.24_10.42.y-210kpc
 0.174110  0.308137 -0.227994 2 778_11.88_10.35.y-210kpc
 0.434508  0.341032 -0.361693 2 934_12.21_10.65.y-210kpc
 0.256845  0.323534 -0.245744 2 948_11.80_10.11.y-210kpc
 0.383135  0.347299 -0.238712 2 959_11.82_10.14.y-210kpc
 0.383117  0.366806 -0.318609 2 983_11.97_10.25.y-210kpc
 0.293368  0.413368 -0.198570 2 1114_12.21_10.61.y-210kpc
-0.379440 -0.431758 -0.018097 2 1156_12.06_10.55.y-210kpc
-0.269433 -0.331562  0.003851 2 1168_11.89_10.31.y-210kpc
-0.313732 -0.312512  0.059647 2 1196_11.85_10.24.y-210kpc
-0.344773 -0.304937  0.081123 2 1197_11.85_10.23.y-210kpc
-0.433599 -0.297867  0.148337 2 1201_11.78_10.15.y-210kpc
-0.366274 -0.456019  0.313363 2 1220_12.00_10.47.y-210kpc
-0.429637 -0.169605  0.361929 2 1327_11.75_9.848.y-210kpc
-0.340852 -0.182319  0.394139 2 1340_12.14_10.61.y-210kpc
-0.387092 -0.182435  0.425212 2 1342_11.75_9.936.y-210kpc
-0.189924 -0.298555 -0.019308 2 1372_12.06_10.42.y-210kpc
-0.129827 -0.471063  0.302416 2 1427_11.95_10.36.y-210kpc
-0.160195 -0.403017  0.307479 2 1435_11.76_10.09.y-210kpc
-0.183155 -0.224518  0.482233 2 1457_11.93_10.30.y-210kpc
-0.269061 -0.170423  0.424771 2 1481_11.86_10.23.y-210kpc
-0.232970 -0.194581  0.457684 2 1500_11.97_10.35.y-210kpc
-0.193245 -0.202172  0.462026 2 1505_12.00_10.43.y-210kpc
-0.032488 -0.371330  0.032114 2 1513_11.83_10.10.y-210kpc
 0.311438 -0.188416  0.100382 2 1549_11.76_10.35.y-210kpc
 0.362409 -0.169214  0.147743 2 1565_12.21_10.73.y-210kpc
 0.064413 -0.378893  0.243760 2 1566_11.88_10.41.y-210kpc
 0.375041 -0.151510  0.152016 2 1589_11.97_10.26.y-210kpc
 0.416105 -0.167342  0.201883 2 1623_12.02_10.44.y-210kpc
 0.088499 -0.353254  0.397494 2 1654_12.09_10.49.y-210kpc
 0.060897 -0.435854  0.472752 2 1656_11.82_10.37.y-210kpc
 0.352260 -0.283848  0.371650 2 1694_11.87_10.26.y-210kpc
 0.405180 -0.256282  0.357976 2 1698_12.08_10.59.y-210kpc
 0.397835 -0.229227  0.350373 2 1708_12.07_10.57.y-210kpc
 0.406709 -0.392413  0.499697 2 1719_11.91_10.37.y-210kpc
 0.409733 -0.225816  0.344985 2 1738_11.77_10.16.y-210kpc
 0.015281  0.028936 -0.118023 2 1777_12.08_10.41.y-210kpc
 0.032949  0.005849 -0.114180 2 1778_11.90_10.22.y-210kpc
-0.160557  0.030486  0.325243 2 1816_12.18_10.55.y-210kpc
-0.379315  0.367402 -0.089671 2 1823_11.98_10.57.y-210kpc
-0.343735  0.383005 -0.085076 2 1829_11.86_10.17.y-210kpc
-0.485010  0.418770 -0.059106 2 1839_11.98_10.54.y-210kpc
-0.008869  0.081930  0.096956 2 1868_11.97_10.28.y-210kpc
-0.024067  0.085037  0.139860 2 1879_11.84_10.41.y-210kpc
-0.215955  0.484444 -0.035733 2 1907_12.09_10.61.y-210kpc
-0.410037 -0.092958  0.364346 2 1959_11.83_10.09.y-210kpc
-0.391640  0.017414  0.367433 2 1967_11.87_10.11.y-210kpc
-0.171149 -0.099318  0.409237 2 2015_11.88_10.09.y-210kpc
-0.020270  0.000930  0.431897 2 2033_12.10_10.45.y-210kpc
-0.152054 -0.316009 -0.262602 2 37_12.12_10.62.y-250kpc
-0.290690 -0.227447 -0.419567 2 52_11.84_10.24.y-250kpc
-0.278938 -0.198879 -0.468488 2 68_11.77_9.789.y-250kpc
-0.048930 -0.309901 -0.376143 2 119_11.97_10.44.y-250kpc
-0.052742 -0.262486 -0.325352 2 152_11.89_10.30.y-250kpc
-0.103528 -0.316142 -0.266861 2 157_11.80_10.14.y-250kpc
-0.088113 -0.211186 -0.479334 2 186_11.89_9.962.y-250kpc
-0.024924 -0.260376 -0.250173 2 262_12.02_10.19.y-250kpc
 0.033515 -0.291933 -0.250395 2 338_12.04_10.00.y-250kpc
 0.073128 -0.285215 -0.232946 2 341_11.87_10.21.y-250kpc
 0.081063 -0.111504 -0.136480 2 363_12.00_10.39.y-250kpc
 0.307232  0.490084 -0.263210 2 390_11.82_10.39.y-250kpc
 0.344128 -0.471847 -0.263509 2 395_12.17_10.41.y-250kpc
 0.185200 -0.457513 -0.148565 2 396_11.96_10.38.y-250kpc
 0.150537 -0.338009 -0.189137 2 400_11.78_9.918.y-250kpc
 0.352612 -0.396054 -0.394811 2 419_12.19_10.64.y-250kpc
 0.406761 -0.376809 -0.280262 2 462_11.96_10.37.y-250kpc
 0.378482 -0.327406 -0.392929 2 494_11.81_9.902.y-250kpc
 0.180683 -0.241135 -0.213594 2 527_11.82_9.752.y-250kpc
-0.312669  0.450038 -0.249371 2 606_11.93_10.28.y-250kpc
-0.133097  0.433165 -0.360604 2 612_11.78_10.23.y-250kpc
-0.197941  0.453499 -0.260425 2 631_12.10_10.63.y-250kpc
 0.088021  0.103381 -0.167049 2 649_12.06_10.58.y-250kpc
 0.139217 -0.059785 -0.324231 2 683_12.01_10.46.y-250kpc
 0.155575  0.028306 -0.460547 2 691_12.09_10.41.y-250kpc
 0.137326  0.131746 -0.151245 2 720_11.87_10.31.y-250kpc
 0.164602  0.283783 -0.232057 2 777_12.24_10.42.y-250kpc
 0.174110  0.306537 -0.227994 2 778_11.88_10.35.y-250kpc
 0.434508  0.339432 -0.361693 2 934_12.21_10.65.y-250kpc
 0.256845  0.321934 -0.245744 2 948_11.80_10.11.y-250kpc
 0.383135  0.345699 -0.238712 2 959_11.82_10.14.y-250kpc
 0.383117  0.365206 -0.318609 2 983_11.97_10.25.y-250kpc
 0.293368  0.411768 -0.198570 2 1114_12.21_10.61.y-250kpc
-0.379440 -0.433358 -0.018097 2 1156_12.06_10.55.y-250kpc
-0.269433 -0.333162  0.003851 2 1168_11.89_10.31.y-250kpc
-0.313732 -0.314112  0.059647 2 1196_11.85_10.24.y-250kpc
-0.344773 -0.306537  0.081123 2 1197_11.85_10.23.y-250kpc
-0.433599 -0.299467  0.148337 2 1201_11.78_10.15.y-250kpc
-0.366274 -0.457619  0.313363 2 1220_12.00_10.47.y-250kpc
-0.429637 -0.171205  0.361929 2 1327_11.75_9.848.y-250kpc
-0.340852 -0.183919  0.394139 2 1340_12.14_10.61.y-250kpc
-0.387092 -0.184035  0.425212 2 1342_11.75_9.936.y-250kpc
-0.189924 -0.300155 -0.019308 2 1372_12.06_10.42.y-250kpc
-0.129827 -0.472663  0.302416 2 1427_11.95_10.36.y-250kpc
-0.160195 -0.404617  0.307479 2 1435_11.76_10.09.y-250kpc
-0.183155 -0.226118  0.482233 2 1457_11.93_10.30.y-250kpc
-0.269061 -0.172023  0.424771 2 1481_11.86_10.23.y-250kpc
-0.232970 -0.196181  0.457684 2 1500_11.97_10.35.y-250kpc
-0.193245 -0.203772  0.462026 2 1505_12.00_10.43.y-250kpc
-0.032488 -0.372930  0.032114 2 1513_11.83_10.10.y-250kpc
 0.311438 -0.190016  0.100382 2 1549_11.76_10.35.y-250kpc
 0.362409 -0.170814  0.147743 2 1565_12.21_10.73.y-250kpc
 0.064413 -0.380493  0.243760 2 1566_11.88_10.41.y-250kpc
 0.375041 -0.153110  0.152016 2 1589_11.97_10.26.y-250kpc
 0.416105 -0.168942  0.201883 2 1623_12.02_10.44.y-250kpc
 0.088499 -0.354854  0.397494 2 1654_12.09_10.49.y-250kpc
 0.060897 -0.437454  0.472752 2 1656_11.82_10.37.y-250kpc
 0.352260 -0.285448  0.371650 2 1694_11.87_10.26.y-250kpc
 0.405180 -0.257882  0.357976 2 1698_12.08_10.59.y-250kpc
 0.397835 -0.230827  0.350373 2 1708_12.07_10.57.y-250kpc
 0.406709 -0.394013  0.499697 2 1719_11.91_10.37.y-250kpc
 0.409733 -0.227416  0.344985 2 1738_11.77_10.16.y-250kpc
 0.015281  0.027336 -0.118023 2 1777_12.08_10.41.y-250kpc
 0.032949  0.004249 -0.114180 2 1778_11.90_10.22.y-250kpc
-0.160557  0.028886  0.325243 2 1816_12.18_10.55.y-250kpc
-0.379315  0.365802 -0.089671 2 1823_11.98_10.57.y-250kpc
-0.343735  0.381405 -0.085076 2 1829_11.86_10.17.y-250kpc
-0.485010  0.417170 -0.059106 2 1839_11.98_10.54.y-250kpc
-0.008869  0.080330  0.096956 2 1868_11.97_10.28.y-250kpc
-0.024067  0.083437  0.139860 2 1879_11.84_10.41.y-250kpc
-0.215955  0.482844 -0.035733 2 1907_12.09_10.61.y-250kpc
-0.410037 -0.094558  0.364346 2 1959_11.83_10.09.y-250kpc
-0.391640  0.015814  0.367433 2 1967_11.87_10.11.y-250kpc
-0.171149 -0.100918  0.409237 2 2015_11.88_10.09.y-250kpc
-0.020270 -0.000670  0.431897 2 2033_12.10_10.45.y-250kpc
-0.152054 -0.317609 -0.262602 2 37_12.12_10.62.y-290kpc
-0.290690 -0.229047 -0.419567 2 52_11.84_10.24.y-290kpc
-0.278938 -0.200479 -0.468488 2 68_11.77_9.789.y-290kpc
-0.048930 -0.311501 -0.376143 2 119_11.97_10.44.y-290kpc
-0.052742 -0.264086 -0.325352 2 152_11.89_10.30.y-290kpc
-0.103528 -0.317742 -0.266861 2 157_11.80_10.14.y-290kpc
-0.088113 -0.212786 -0.479334 2 186_11.89_9.962.y-290kpc
-0.024924 -0.261976 -0.250173 2 262_12.02_10.19.y-290kpc
 0.033515 -0.293533 -0.250395 2 338_12.04_10.00.y-290kpc
 0.073128 -0.286815 -0.232946 2 341_11.87_10.21.y-290kpc
 0.081063 -0.113104 -0.136480 2 363_12.00_10.39.y-290kpc
 0.307232  0.488484 -0.263210 2 390_11.82_10.39.y-290kpc
 0.344128 -0.473447 -0.263509 2 395_12.17_10.41.y-290kpc
 0.185200 -0.459113 -0.148565 2 396_11.96_10.38.y-290kpc
 0.150537 -0.339609 -0.189137 2 400_11.78_9.918.y-290kpc
 0.352612 -0.397654 -0.394811 2 419_12.19_10.64.y-290kpc
 0.406761 -0.378409 -0.280262 2 462_11.96_10.37.y-290kpc
 0.378482 -0.329006 -0.392929 2 494_11.81_9.902.y-290kpc
 0.180683 -0.242735 -0.213594 2 527_11.82_9.752.y-290kpc
-0.312669  0.448438 -0.249371 2 606_11.93_10.28.y-290kpc
-0.133097  0.431565 -0.360604 2 612_11.78_10.23.y-290kpc
-0.197941  0.451899 -0.260425 2 631_12.10_10.63.y-290kpc
 0.088021  0.101781 -0.167049 2 649_12.06_10.58.y-290kpc
 0.139217 -0.061385 -0.324231 2 683_12.01_10.46.y-290kpc
 0.155575  0.026706 -0.460547 2 691_12.09_10.41.y-290kpc
 0.137326  0.130146 -0.151245 2 720_11.87_10.31.y-290kpc
 0.164602  0.282183 -0.232057 2 777_12.24_10.42.y-290kpc
 0.174110  0.304937 -0.227994 2 778_11.88_10.35.y-290kpc
 0.434508  0.337832 -0.361693 2 934_12.21_10.65.y-290kpc
 0.256845  0.320334 -0.245744 2 948_11.80_10.11.y-290kpc
 0.383135  0.344099 -0.238712 2 959_11.82_10.14.y-290kpc
 0.383117  0.363606 -0.318609 2 983_11.97_10.25.y-290kpc
 0.293368  0.410168 -0.198570 2 1114_12.21_10.61.y-290kpc
-0.379440 -0.434958 -0.018097 2 1156_12.06_10.55.y-290kpc
-0.269433 -0.334762  0.003851 2 1168_11.89_10.31.y-290kpc
-0.313732 -0.315712  0.059647 2 1196_11.85_10.24.y-290kpc
-0.344773 -0.308137  0.081123 2 1197_11.85_10.23.y-290kpc
-0.433599 -0.301067  0.148337 2 1201_11.78_10.15.y-290kpc
-0.366274 -0.459219  0.313363 2 1220_12.00_10.47.y-290kpc
-0.429637 -0.172805  0.361929 2 1327_11.75_9.848.y-290kpc
-0.340852 -0.185519  0.394139 2 1340_12.14_10.61.y-290kpc
-0.387092 -0.185635  0.425212 2 1342_11.75_9.936.y-290kpc
-0.189924 -0.301755 -0.019308 2 1372_12.06_10.42.y-290kpc
-0.129827 -0.474263  0.302416 2 1427_11.95_10.36.y-290kpc
-0.160195 -0.406217  0.307479 2 1435_11.76_10.09.y-290kpc
-0.183155 -0.227718  0.482233 2 1457_11.93_10.30.y-290kpc
-0.269061 -0.173623  0.424771 2 1481_11.86_10.23.y-290kpc
-0.232970 -0.197781  0.457684 2 1500_11.97_10.35.y-290kpc
-0.193245 -0.205372  0.462026 2 1505_12.00_10.43.y-290kpc
-0.032488 -0.374530  0.032114 2 1513_11.83_10.10.y-290kpc
 0.311438 -0.191616  0.100382 2 1549_11.76_10.35.y-290kpc
 0.362409 -0.172414  0.147743 2 1565_12.21_10.73.y-290kpc
 0.064413 -0.382093  0.243760 2 1566_11.88_10.41.y-290kpc
 0.375041 -0.154710  0.152016 2 1589_11.97_10.26.y-290kpc
 0.416105 -0.170542  0.201883 2 1623_12.02_10.44.y-290kpc
 0.088499 -0.356454  0.397494 2 1654_12.09_10.49.y-290kpc
 0.060897 -0.439054  0.472752 2 1656_11.82_10.37.y-290kpc
 0.352260 -0.287048  0.371650 2 1694_11.87_10.26.y-290kpc
 0.405180 -0.259482  0.357976 2 1698_12.08_10.59.y-290kpc
 0.397835 -0.232427  0.350373 2 1708_12.07_10.57.y-290kpc
 0.406709 -0.395613  0.499697 2 1719_11.91_10.37.y-290kpc
 0.409733 -0.229016  0.344985 2 1738_11.77_10.16.y-290kpc
 0.015281  0.025736 -0.118023 2 1777_12.08_10.41.y-290kpc
 0.032949  0.002649 -0.114180 2 1778_11.90_10.22.y-290kpc
-0.160557  0.027286  0.325243 2 1816_12.18_10.55.y-290kpc
-0.379315  0.364202 -0.089671 2 1823_11.98_10.57.y-290kpc
-0.343735  0.379805 -0.085076 2 1829_11.86_10.17.y-290kpc
-0.485010  0.415570 -0.059106 2 1839_11.98_10.54.y-290kpc
-0.008869  0.078730  0.096956 2 1868_11.97_10.28.y-290kpc
-0.024067  0.081837  0.139860 2 1879_11.84_10.41.y-290kpc
-0.215955  0.481244 -0.035733 2 1907_12.09_10.61.y-290kpc
-0.410037 -0.096158  0.364346 2 1959_11.83_10.09.y-290kpc
-0.391640  0.014214  0.367433 2 1967_11.87_10.11.y-290kpc
-0.171149 -0.102518  0.409237 2 2015_11.88_10.09.y-290kpc
-0.020270 -0.002270  0.431897 2 2033_12.10_10.45.y-290kpc
