-0.056651 -0.299171 -0.294192 2 26_10.88_8.401.y-10kpc
-0.035664 -0.344093 -0.321426 2 35_10.97_8.441.y-10kpc
-0.457324 -0.354970 -0.253039 2 197_11.23_8.681.y-10kpc
-0.402449 -0.327401 -0.223713 2 252_11.14_8.654.y-10kpc
-0.492084 -0.384241  0.018592 2 267_10.94_8.871.y-10kpc
-0.197889 -0.477550 -0.070081 2 315_11.24_8.594.y-10kpc
-0.313282 -0.328436  0.031479 2 373_10.89_8.791.y-10kpc
-0.159749 -0.205015 -0.484544 2 561_10.80_8.481.y-10kpc
-0.244532 -0.237728 -0.396779 2 700_11.20_8.320.y-10kpc
-0.162795 -0.271429 -0.021604 2 742_10.90_8.758.y-10kpc
-0.172470 -0.274858  0.013468 2 749_10.80_8.400.y-10kpc
-0.166463 -0.200134 -0.373156 2 956_10.91_8.480.y-10kpc
-0.492530 -0.080701 -0.388404 2 1006_11.18_8.375.y-10kpc
-0.305642  0.007207 -0.228559 2 1028_10.96_8.632.y-10kpc
 0.013074 -0.179483 -0.193808 2 1065_10.86_8.303.y-10kpc
-0.463822  0.359919 -0.446244 2 1127_11.19_8.561.y-10kpc
-0.395393  0.298321 -0.127896 2 1187_10.97_8.377.y-10kpc
-0.189637  0.167506 -0.349919 2 1197_11.12_9.221.y-10kpc
-0.140650  0.352007  0.052038 2 1237_10.91_8.415.y-10kpc
-0.182949  0.435814 -0.347454 2 1296_11.02_8.661.y-10kpc
-0.424039  0.475376 -0.195469 2 1376_11.03_8.535.y-10kpc
-0.287994  0.465358 -0.252371 2 1436_11.13_8.701.y-10kpc
-0.185501  0.405612 -0.052259 2 1461_11.15_8.921.y-10kpc
-0.385025 -0.318343  0.111265 2 1473_11.21_9.244.y-10kpc
-0.411961 -0.483284  0.390788 2 1603_10.95_8.704.y-10kpc
-0.471001 -0.470315  0.422529 2 1610_11.08_8.715.y-10kpc
-0.309600 -0.499871  0.176377 2 1681_11.17_9.155.y-10kpc
-0.288193 -0.262270  0.336645 2 1728_10.89_8.490.y-10kpc
-0.292654 -0.220979  0.366622 2 1733_10.90_8.446.y-10kpc
-0.210088 -0.245141  0.115007 2 1795_10.85_8.437.y-10kpc
-0.233069 -0.361972  0.264312 2 1822_11.08_8.355.y-10kpc
-0.098453 -0.282595  0.192721 2 1874_11.10_8.368.y-10kpc
 0.036319 -0.290865  0.269159 2 1880_10.84_8.618.y-10kpc
 0.031736 -0.457674  0.395220 2 1957_11.23_8.523.y-10kpc
-0.185038 -0.194724  0.474636 2 2016_11.01_8.418.y-10kpc
-0.466066 -0.154192  0.330813 2 2042_10.94_8.522.y-10kpc
-0.390922 -0.158953  0.378499 2 2180_11.09_8.485.y-10kpc
-0.385020 -0.042115  0.411572 2 2210_10.88_8.303.y-10kpc
 0.010184 -0.060897  0.212831 2 2255_10.86_8.686.y-10kpc
-0.084648 -0.050158  0.409543 2 2402_11.21_8.320.y-10kpc
-0.351044  0.092449  0.387699 2 2492_10.80_8.377.y-10kpc
-0.315152  0.326493  0.237768 2 2533_10.87_8.396.y-10kpc
-0.273348  0.359122  0.221103 2 2538_10.93_8.359.y-10kpc
-0.359771  0.433274  0.133725 2 2560_10.99_8.531.y-10kpc
-0.345261  0.464333  0.320272 2 2570_10.85_8.384.y-10kpc
-0.357567  0.290368  0.426059 2 2618_10.86_8.318.y-10kpc
-0.359457  0.498683  0.462297 2 2663_11.14_8.729.y-10kpc
-0.178942  0.156351  0.325283 2 2724_11.04_9.160.y-10kpc
-0.122928  0.043928  0.370066 2 2798_10.78_8.354.y-10kpc
-0.070453  0.444644  0.232189 2 2871_10.83_8.326.y-10kpc
-0.108102  0.362476  0.280138 2 2890_10.99_8.469.y-10kpc
 0.015680  0.301315  0.490891 2 2954_11.08_8.950.y-10kpc
 0.037681 -0.412178 -0.280934 2 3001_10.88_8.656.y-10kpc
 0.284210 -0.436726 -0.369440 2 3019_11.17_8.795.y-10kpc
 0.399478 -0.429019 -0.469639 2 3131_11.17_8.467.y-10kpc
 0.479194 -0.321584 -0.263886 2 3208_10.97_8.373.y-10kpc
 0.119095 -0.211233 -0.209150 2 3229_11.14_8.633.y-10kpc
 0.132976 -0.068770 -0.325354 2 3252_11.04_8.396.y-10kpc
 0.186176 -0.269390 -0.217617 2 3311_10.96_8.407.y-10kpc
 0.404476 -0.234854 -0.410181 2 3376_11.16_8.314.y-10kpc
 0.406395 -0.197147 -0.437451 2 3396_11.00_8.445.y-10kpc
 0.148450  0.024497 -0.448926 2 3439_10.89_8.766.y-10kpc
 0.158202  0.067968 -0.452669 2 3463_10.82_8.319.y-10kpc
 0.142978  0.294014 -0.431397 2 3573_10.98_8.635.y-10kpc
 0.168705  0.365996 -0.223856 2 3616_11.03_8.998.y-10kpc
 0.428922  0.072832 -0.254805 2 3710_10.97_8.767.y-10kpc
 0.187391  0.180474 -0.427465 2 3729_11.07_8.469.y-10kpc
 0.387485  0.216865 -0.377807 2 3747_10.85_8.370.y-10kpc
 0.406662  0.117770 -0.434243 2 3758_11.09_9.230.y-10kpc
 0.436220  0.321174 -0.335914 2 3793_11.20_8.887.y-10kpc
 0.122864  0.439037 -0.259996 2 4054_11.07_8.443.y-10kpc
 0.167267  0.400285 -0.240517 2 4100_11.01_8.714.y-10kpc
 0.260490  0.437024 -0.355761 2 4207_11.06_8.525.y-10kpc
 0.256603  0.409785 -0.249742 2 4327_11.15_8.514.y-10kpc
 0.322015  0.493775 -0.253540 2 4377_11.07_8.561.y-10kpc
-0.056651 -0.300771 -0.294192 2 26_10.88_8.401.y-50kpc
-0.035664 -0.345693 -0.321426 2 35_10.97_8.441.y-50kpc
-0.457324 -0.356570 -0.253039 2 197_11.23_8.681.y-50kpc
-0.402449 -0.329001 -0.223713 2 252_11.14_8.654.y-50kpc
-0.492084 -0.385841  0.018592 2 267_10.94_8.871.y-50kpc
-0.197889 -0.479150 -0.070081 2 315_11.24_8.594.y-50kpc
-0.313282 -0.330036  0.031479 2 373_10.89_8.791.y-50kpc
-0.159749 -0.206615 -0.484544 2 561_10.80_8.481.y-50kpc
-0.244532 -0.239328 -0.396779 2 700_11.20_8.320.y-50kpc
-0.162795 -0.273029 -0.021604 2 742_10.90_8.758.y-50kpc
-0.172470 -0.276458  0.013468 2 749_10.80_8.400.y-50kpc
-0.166463 -0.201734 -0.373156 2 956_10.91_8.480.y-50kpc
-0.492530 -0.082301 -0.388404 2 1006_11.18_8.375.y-50kpc
-0.305642  0.005607 -0.228559 2 1028_10.96_8.632.y-50kpc
 0.013074 -0.181083 -0.193808 2 1065_10.86_8.303.y-50kpc
-0.463822  0.358319 -0.446244 2 1127_11.19_8.561.y-50kpc
-0.395393  0.296721 -0.127896 2 1187_10.97_8.377.y-50kpc
-0.189637  0.165906 -0.349919 2 1197_11.12_9.221.y-50kpc
-0.140650  0.350407  0.052038 2 1237_10.91_8.415.y-50kpc
-0.182949  0.434214 -0.347454 2 1296_11.02_8.661.y-50kpc
-0.424039  0.473776 -0.195469 2 1376_11.03_8.535.y-50kpc
-0.287994  0.463758 -0.252371 2 1436_11.13_8.701.y-50kpc
-0.185501  0.404012 -0.052259 2 1461_11.15_8.921.y-50kpc
-0.385025 -0.319943  0.111265 2 1473_11.21_9.244.y-50kpc
-0.411961 -0.484884  0.390788 2 1603_10.95_8.704.y-50kpc
-0.471001 -0.471915  0.422529 2 1610_11.08_8.715.y-50kpc
-0.309600  0.498529  0.176377 2 1681_11.17_9.155.y-50kpc
-0.288193 -0.263870  0.336645 2 1728_10.89_8.490.y-50kpc
-0.292654 -0.222579  0.366622 2 1733_10.90_8.446.y-50kpc
-0.210088 -0.246741  0.115007 2 1795_10.85_8.437.y-50kpc
-0.233069 -0.363572  0.264312 2 1822_11.08_8.355.y-50kpc
-0.098453 -0.284195  0.192721 2 1874_11.10_8.368.y-50kpc
 0.036319 -0.292465  0.269159 2 1880_10.84_8.618.y-50kpc
 0.031736 -0.459274  0.395220 2 1957_11.23_8.523.y-50kpc
-0.185038 -0.196324  0.474636 2 2016_11.01_8.418.y-50kpc
-0.466066 -0.155792  0.330813 2 2042_10.94_8.522.y-50kpc
-0.390922 -0.160553  0.378499 2 2180_11.09_8.485.y-50kpc
-0.385020 -0.043715  0.411572 2 2210_10.88_8.303.y-50kpc
 0.010184 -0.062497  0.212831 2 2255_10.86_8.686.y-50kpc
-0.084648 -0.051758  0.409543 2 2402_11.21_8.320.y-50kpc
-0.351044  0.090849  0.387699 2 2492_10.80_8.377.y-50kpc
-0.315152  0.324893  0.237768 2 2533_10.87_8.396.y-50kpc
-0.273348  0.357522  0.221103 2 2538_10.93_8.359.y-50kpc
-0.359771  0.431674  0.133725 2 2560_10.99_8.531.y-50kpc
-0.345261  0.462733  0.320272 2 2570_10.85_8.384.y-50kpc
-0.357567  0.288768  0.426059 2 2618_10.86_8.318.y-50kpc
-0.359457  0.497083  0.462297 2 2663_11.14_8.729.y-50kpc
-0.178942  0.154751  0.325283 2 2724_11.04_9.160.y-50kpc
-0.122928  0.042328  0.370066 2 2798_10.78_8.354.y-50kpc
-0.070453  0.443044  0.232189 2 2871_10.83_8.326.y-50kpc
-0.108102  0.360876  0.280138 2 2890_10.99_8.469.y-50kpc
 0.015680  0.299715  0.490891 2 2954_11.08_8.950.y-50kpc
 0.037681 -0.413778 -0.280934 2 3001_10.88_8.656.y-50kpc
 0.284210 -0.438326 -0.369440 2 3019_11.17_8.795.y-50kpc
 0.399478 -0.430619 -0.469639 2 3131_11.17_8.467.y-50kpc
 0.479194 -0.323184 -0.263886 2 3208_10.97_8.373.y-50kpc
 0.119095 -0.212833 -0.209150 2 3229_11.14_8.633.y-50kpc
 0.132976 -0.070370 -0.325354 2 3252_11.04_8.396.y-50kpc
 0.186176 -0.270990 -0.217617 2 3311_10.96_8.407.y-50kpc
 0.404476 -0.236454 -0.410181 2 3376_11.16_8.314.y-50kpc
 0.406395 -0.198747 -0.437451 2 3396_11.00_8.445.y-50kpc
 0.148450  0.022898 -0.448926 2 3439_10.89_8.766.y-50kpc
 0.158202  0.066367 -0.452669 2 3463_10.82_8.319.y-50kpc
 0.142978  0.292414 -0.431397 2 3573_10.98_8.635.y-50kpc
 0.168705  0.364396 -0.223856 2 3616_11.03_8.998.y-50kpc
 0.428922  0.071232 -0.254805 2 3710_10.97_8.767.y-50kpc
 0.187391  0.178874 -0.427465 2 3729_11.07_8.469.y-50kpc
 0.387485  0.215265 -0.377807 2 3747_10.85_8.370.y-50kpc
 0.406662  0.116170 -0.434243 2 3758_11.09_9.230.y-50kpc
 0.436220  0.319574 -0.335914 2 3793_11.20_8.887.y-50kpc
 0.122864  0.437437 -0.259996 2 4054_11.07_8.443.y-50kpc
 0.167267  0.398685 -0.240517 2 4100_11.01_8.714.y-50kpc
 0.260490  0.435424 -0.355761 2 4207_11.06_8.525.y-50kpc
 0.256603  0.408185 -0.249742 2 4327_11.15_8.514.y-50kpc
 0.322015  0.492175 -0.253540 2 4377_11.07_8.561.y-50kpc
-0.056651 -0.302371 -0.294192 2 26_10.88_8.401.y-90kpc
-0.035664 -0.347293 -0.321426 2 35_10.97_8.441.y-90kpc
-0.457324 -0.358170 -0.253039 2 197_11.23_8.681.y-90kpc
-0.402449 -0.330601 -0.223713 2 252_11.14_8.654.y-90kpc
-0.492084 -0.387441  0.018592 2 267_10.94_8.871.y-90kpc
-0.197889 -0.480750 -0.070081 2 315_11.24_8.594.y-90kpc
-0.313282 -0.331636  0.031479 2 373_10.89_8.791.y-90kpc
-0.159749 -0.208215 -0.484544 2 561_10.80_8.481.y-90kpc
-0.244532 -0.240928 -0.396779 2 700_11.20_8.320.y-90kpc
-0.162795 -0.274629 -0.021604 2 742_10.90_8.758.y-90kpc
-0.172470 -0.278058  0.013468 2 749_10.80_8.400.y-90kpc
-0.166463 -0.203334 -0.373156 2 956_10.91_8.480.y-90kpc
-0.492530 -0.083901 -0.388404 2 1006_11.18_8.375.y-90kpc
-0.305642  0.004007 -0.228559 2 1028_10.96_8.632.y-90kpc
 0.013074 -0.182683 -0.193808 2 1065_10.86_8.303.y-90kpc
-0.463822  0.356719 -0.446244 2 1127_11.19_8.561.y-90kpc
-0.395393  0.295121 -0.127896 2 1187_10.97_8.377.y-90kpc
-0.189637  0.164306 -0.349919 2 1197_11.12_9.221.y-90kpc
-0.140650  0.348807  0.052038 2 1237_10.91_8.415.y-90kpc
-0.182949  0.432614 -0.347454 2 1296_11.02_8.661.y-90kpc
-0.424039  0.472176 -0.195469 2 1376_11.03_8.535.y-90kpc
-0.287994  0.462158 -0.252371 2 1436_11.13_8.701.y-90kpc
-0.185501  0.402412 -0.052259 2 1461_11.15_8.921.y-90kpc
-0.385025 -0.321543  0.111265 2 1473_11.21_9.244.y-90kpc
-0.411961 -0.486484  0.390788 2 1603_10.95_8.704.y-90kpc
-0.471001 -0.473515  0.422529 2 1610_11.08_8.715.y-90kpc
-0.309600  0.496929  0.176377 2 1681_11.17_9.155.y-90kpc
-0.288193 -0.265470  0.336645 2 1728_10.89_8.490.y-90kpc
-0.292654 -0.224179  0.366622 2 1733_10.90_8.446.y-90kpc
-0.210088 -0.248341  0.115007 2 1795_10.85_8.437.y-90kpc
-0.233069 -0.365172  0.264312 2 1822_11.08_8.355.y-90kpc
-0.098453 -0.285795  0.192721 2 1874_11.10_8.368.y-90kpc
 0.036319 -0.294065  0.269159 2 1880_10.84_8.618.y-90kpc
 0.031736 -0.460874  0.395220 2 1957_11.23_8.523.y-90kpc
-0.185038 -0.197924  0.474636 2 2016_11.01_8.418.y-90kpc
-0.466066 -0.157392  0.330813 2 2042_10.94_8.522.y-90kpc
-0.390922 -0.162153  0.378499 2 2180_11.09_8.485.y-90kpc
-0.385020 -0.045315  0.411572 2 2210_10.88_8.303.y-90kpc
 0.010184 -0.064097  0.212831 2 2255_10.86_8.686.y-90kpc
-0.084648 -0.053358  0.409543 2 2402_11.21_8.320.y-90kpc
-0.351044  0.089249  0.387699 2 2492_10.80_8.377.y-90kpc
-0.315152  0.323293  0.237768 2 2533_10.87_8.396.y-90kpc
-0.273348  0.355922  0.221103 2 2538_10.93_8.359.y-90kpc
-0.359771  0.430074  0.133725 2 2560_10.99_8.531.y-90kpc
-0.345261  0.461133  0.320272 2 2570_10.85_8.384.y-90kpc
-0.357567  0.287168  0.426059 2 2618_10.86_8.318.y-90kpc
-0.359457  0.495483  0.462297 2 2663_11.14_8.729.y-90kpc
-0.178942  0.153151  0.325283 2 2724_11.04_9.160.y-90kpc
-0.122928  0.040728  0.370066 2 2798_10.78_8.354.y-90kpc
-0.070453  0.441444  0.232189 2 2871_10.83_8.326.y-90kpc
-0.108102  0.359276  0.280138 2 2890_10.99_8.469.y-90kpc
 0.015680  0.298115  0.490891 2 2954_11.08_8.950.y-90kpc
 0.037681 -0.415378 -0.280934 2 3001_10.88_8.656.y-90kpc
 0.284210 -0.439926 -0.369440 2 3019_11.17_8.795.y-90kpc
 0.399478 -0.432219 -0.469639 2 3131_11.17_8.467.y-90kpc
 0.479194 -0.324784 -0.263886 2 3208_10.97_8.373.y-90kpc
 0.119095 -0.214433 -0.209150 2 3229_11.14_8.633.y-90kpc
 0.132976 -0.071970 -0.325354 2 3252_11.04_8.396.y-90kpc
 0.186176 -0.272590 -0.217617 2 3311_10.96_8.407.y-90kpc
 0.404476 -0.238054 -0.410181 2 3376_11.16_8.314.y-90kpc
 0.406395 -0.200347 -0.437451 2 3396_11.00_8.445.y-90kpc
 0.148450  0.021298 -0.448926 2 3439_10.89_8.766.y-90kpc
 0.158202  0.064767 -0.452669 2 3463_10.82_8.319.y-90kpc
 0.142978  0.290814 -0.431397 2 3573_10.98_8.635.y-90kpc
 0.168705  0.362796 -0.223856 2 3616_11.03_8.998.y-90kpc
 0.428922  0.069632 -0.254805 2 3710_10.97_8.767.y-90kpc
 0.187391  0.177274 -0.427465 2 3729_11.07_8.469.y-90kpc
 0.387485  0.213665 -0.377807 2 3747_10.85_8.370.y-90kpc
 0.406662  0.114570 -0.434243 2 3758_11.09_9.230.y-90kpc
 0.436220  0.317974 -0.335914 2 3793_11.20_8.887.y-90kpc
 0.122864  0.435837 -0.259996 2 4054_11.07_8.443.y-90kpc
 0.167267  0.397085 -0.240517 2 4100_11.01_8.714.y-90kpc
 0.260490  0.433824 -0.355761 2 4207_11.06_8.525.y-90kpc
 0.256603  0.406585 -0.249742 2 4327_11.15_8.514.y-90kpc
 0.322015  0.490575 -0.253540 2 4377_11.07_8.561.y-90kpc
-0.056651 -0.303971 -0.294192 2 26_10.88_8.401.y-130kpc
-0.035664 -0.348893 -0.321426 2 35_10.97_8.441.y-130kpc
-0.457324 -0.359770 -0.253039 2 197_11.23_8.681.y-130kpc
-0.402449 -0.332201 -0.223713 2 252_11.14_8.654.y-130kpc
-0.492084 -0.389041  0.018592 2 267_10.94_8.871.y-130kpc
-0.197889 -0.482350 -0.070081 2 315_11.24_8.594.y-130kpc
-0.313282 -0.333236  0.031479 2 373_10.89_8.791.y-130kpc
-0.159749 -0.209815 -0.484544 2 561_10.80_8.481.y-130kpc
-0.244532 -0.242528 -0.396779 2 700_11.20_8.320.y-130kpc
-0.162795 -0.276229 -0.021604 2 742_10.90_8.758.y-130kpc
-0.172470 -0.279658  0.013468 2 749_10.80_8.400.y-130kpc
-0.166463 -0.204934 -0.373156 2 956_10.91_8.480.y-130kpc
-0.492530 -0.085501 -0.388404 2 1006_11.18_8.375.y-130kpc
-0.305642  0.002407 -0.228559 2 1028_10.96_8.632.y-130kpc
 0.013074 -0.184283 -0.193808 2 1065_10.86_8.303.y-130kpc
-0.463822  0.355119 -0.446244 2 1127_11.19_8.561.y-130kpc
-0.395393  0.293521 -0.127896 2 1187_10.97_8.377.y-130kpc
-0.189637  0.162706 -0.349919 2 1197_11.12_9.221.y-130kpc
-0.140650  0.347207  0.052038 2 1237_10.91_8.415.y-130kpc
-0.182949  0.431014 -0.347454 2 1296_11.02_8.661.y-130kpc
-0.424039  0.470576 -0.195469 2 1376_11.03_8.535.y-130kpc
-0.287994  0.460558 -0.252371 2 1436_11.13_8.701.y-130kpc
-0.185501  0.400812 -0.052259 2 1461_11.15_8.921.y-130kpc
-0.385025 -0.323143  0.111265 2 1473_11.21_9.244.y-130kpc
-0.411961 -0.488084  0.390788 2 1603_10.95_8.704.y-130kpc
-0.471001 -0.475115  0.422529 2 1610_11.08_8.715.y-130kpc
-0.309600  0.495329  0.176377 2 1681_11.17_9.155.y-130kpc
-0.288193 -0.267070  0.336645 2 1728_10.89_8.490.y-130kpc
-0.292654 -0.225779  0.366622 2 1733_10.90_8.446.y-130kpc
-0.210088 -0.249941  0.115007 2 1795_10.85_8.437.y-130kpc
-0.233069 -0.366772  0.264312 2 1822_11.08_8.355.y-130kpc
-0.098453 -0.287395  0.192721 2 1874_11.10_8.368.y-130kpc
 0.036319 -0.295665  0.269159 2 1880_10.84_8.618.y-130kpc
 0.031736 -0.462474  0.395220 2 1957_11.23_8.523.y-130kpc
-0.185038 -0.199524  0.474636 2 2016_11.01_8.418.y-130kpc
-0.466066 -0.158992  0.330813 2 2042_10.94_8.522.y-130kpc
-0.390922 -0.163753  0.378499 2 2180_11.09_8.485.y-130kpc
-0.385020 -0.046915  0.411572 2 2210_10.88_8.303.y-130kpc
 0.010184 -0.065697  0.212831 2 2255_10.86_8.686.y-130kpc
-0.084648 -0.054958  0.409543 2 2402_11.21_8.320.y-130kpc
-0.351044  0.087649  0.387699 2 2492_10.80_8.377.y-130kpc
-0.315152  0.321693  0.237768 2 2533_10.87_8.396.y-130kpc
-0.273348  0.354322  0.221103 2 2538_10.93_8.359.y-130kpc
-0.359771  0.428474  0.133725 2 2560_10.99_8.531.y-130kpc
-0.345261  0.459533  0.320272 2 2570_10.85_8.384.y-130kpc
-0.357567  0.285568  0.426059 2 2618_10.86_8.318.y-130kpc
-0.359457  0.493883  0.462297 2 2663_11.14_8.729.y-130kpc
-0.178942  0.151551  0.325283 2 2724_11.04_9.160.y-130kpc
-0.122928  0.039128  0.370066 2 2798_10.78_8.354.y-130kpc
-0.070453  0.439844  0.232189 2 2871_10.83_8.326.y-130kpc
-0.108102  0.357676  0.280138 2 2890_10.99_8.469.y-130kpc
 0.015680  0.296515  0.490891 2 2954_11.08_8.950.y-130kpc
 0.037681 -0.416978 -0.280934 2 3001_10.88_8.656.y-130kpc
 0.284210 -0.441526 -0.369440 2 3019_11.17_8.795.y-130kpc
 0.399478 -0.433819 -0.469639 2 3131_11.17_8.467.y-130kpc
 0.479194 -0.326384 -0.263886 2 3208_10.97_8.373.y-130kpc
 0.119095 -0.216033 -0.209150 2 3229_11.14_8.633.y-130kpc
 0.132976 -0.073570 -0.325354 2 3252_11.04_8.396.y-130kpc
 0.186176 -0.274190 -0.217617 2 3311_10.96_8.407.y-130kpc
 0.404476 -0.239654 -0.410181 2 3376_11.16_8.314.y-130kpc
 0.406395 -0.201947 -0.437451 2 3396_11.00_8.445.y-130kpc
 0.148450  0.019697 -0.448926 2 3439_10.89_8.766.y-130kpc
 0.158202  0.063168 -0.452669 2 3463_10.82_8.319.y-130kpc
 0.142978  0.289214 -0.431397 2 3573_10.98_8.635.y-130kpc
 0.168705  0.361196 -0.223856 2 3616_11.03_8.998.y-130kpc
 0.428922  0.068032 -0.254805 2 3710_10.97_8.767.y-130kpc
 0.187391  0.175674 -0.427465 2 3729_11.07_8.469.y-130kpc
 0.387485  0.212065 -0.377807 2 3747_10.85_8.370.y-130kpc
 0.406662  0.112970 -0.434243 2 3758_11.09_9.230.y-130kpc
 0.436220  0.316374 -0.335914 2 3793_11.20_8.887.y-130kpc
 0.122864  0.434237 -0.259996 2 4054_11.07_8.443.y-130kpc
 0.167267  0.395485 -0.240517 2 4100_11.01_8.714.y-130kpc
 0.260490  0.432224 -0.355761 2 4207_11.06_8.525.y-130kpc
 0.256603  0.404985 -0.249742 2 4327_11.15_8.514.y-130kpc
 0.322015  0.488975 -0.253540 2 4377_11.07_8.561.y-130kpc
-0.056651 -0.305571 -0.294192 2 26_10.88_8.401.y-170kpc
-0.035664 -0.350493 -0.321426 2 35_10.97_8.441.y-170kpc
-0.457324 -0.361370 -0.253039 2 197_11.23_8.681.y-170kpc
-0.402449 -0.333801 -0.223713 2 252_11.14_8.654.y-170kpc
-0.492084 -0.390641  0.018592 2 267_10.94_8.871.y-170kpc
-0.197889 -0.483950 -0.070081 2 315_11.24_8.594.y-170kpc
-0.313282 -0.334836  0.031479 2 373_10.89_8.791.y-170kpc
-0.159749 -0.211415 -0.484544 2 561_10.80_8.481.y-170kpc
-0.244532 -0.244128 -0.396779 2 700_11.20_8.320.y-170kpc
-0.162795 -0.277829 -0.021604 2 742_10.90_8.758.y-170kpc
-0.172470 -0.281258  0.013468 2 749_10.80_8.400.y-170kpc
-0.166463 -0.206534 -0.373156 2 956_10.91_8.480.y-170kpc
-0.492530 -0.087101 -0.388404 2 1006_11.18_8.375.y-170kpc
-0.305642  0.000807 -0.228559 2 1028_10.96_8.632.y-170kpc
 0.013074 -0.185883 -0.193808 2 1065_10.86_8.303.y-170kpc
-0.463822  0.353519 -0.446244 2 1127_11.19_8.561.y-170kpc
-0.395393  0.291921 -0.127896 2 1187_10.97_8.377.y-170kpc
-0.189637  0.161106 -0.349919 2 1197_11.12_9.221.y-170kpc
-0.140650  0.345607  0.052038 2 1237_10.91_8.415.y-170kpc
-0.182949  0.429414 -0.347454 2 1296_11.02_8.661.y-170kpc
-0.424039  0.468976 -0.195469 2 1376_11.03_8.535.y-170kpc
-0.287994  0.458958 -0.252371 2 1436_11.13_8.701.y-170kpc
-0.185501  0.399212 -0.052259 2 1461_11.15_8.921.y-170kpc
-0.385025 -0.324743  0.111265 2 1473_11.21_9.244.y-170kpc
-0.411961 -0.489684  0.390788 2 1603_10.95_8.704.y-170kpc
-0.471001 -0.476715  0.422529 2 1610_11.08_8.715.y-170kpc
-0.309600  0.493729  0.176377 2 1681_11.17_9.155.y-170kpc
-0.288193 -0.268670  0.336645 2 1728_10.89_8.490.y-170kpc
-0.292654 -0.227379  0.366622 2 1733_10.90_8.446.y-170kpc
-0.210088 -0.251541  0.115007 2 1795_10.85_8.437.y-170kpc
-0.233069 -0.368372  0.264312 2 1822_11.08_8.355.y-170kpc
-0.098453 -0.288995  0.192721 2 1874_11.10_8.368.y-170kpc
 0.036319 -0.297265  0.269159 2 1880_10.84_8.618.y-170kpc
 0.031736 -0.464074  0.395220 2 1957_11.23_8.523.y-170kpc
-0.185038 -0.201124  0.474636 2 2016_11.01_8.418.y-170kpc
-0.466066 -0.160592  0.330813 2 2042_10.94_8.522.y-170kpc
-0.390922 -0.165353  0.378499 2 2180_11.09_8.485.y-170kpc
-0.385020 -0.048515  0.411572 2 2210_10.88_8.303.y-170kpc
 0.010184 -0.067297  0.212831 2 2255_10.86_8.686.y-170kpc
-0.084648 -0.056558  0.409543 2 2402_11.21_8.320.y-170kpc
-0.351044  0.086049  0.387699 2 2492_10.80_8.377.y-170kpc
-0.315152  0.320093  0.237768 2 2533_10.87_8.396.y-170kpc
-0.273348  0.352722  0.221103 2 2538_10.93_8.359.y-170kpc
-0.359771  0.426874  0.133725 2 2560_10.99_8.531.y-170kpc
-0.345261  0.457933  0.320272 2 2570_10.85_8.384.y-170kpc
-0.357567  0.283968  0.426059 2 2618_10.86_8.318.y-170kpc
-0.359457  0.492283  0.462297 2 2663_11.14_8.729.y-170kpc
-0.178942  0.149951  0.325283 2 2724_11.04_9.160.y-170kpc
-0.122928  0.037528  0.370066 2 2798_10.78_8.354.y-170kpc
-0.070453  0.438244  0.232189 2 2871_10.83_8.326.y-170kpc
-0.108102  0.356076  0.280138 2 2890_10.99_8.469.y-170kpc
 0.015680  0.294915  0.490891 2 2954_11.08_8.950.y-170kpc
 0.037681 -0.418578 -0.280934 2 3001_10.88_8.656.y-170kpc
 0.284210 -0.443126 -0.369440 2 3019_11.17_8.795.y-170kpc
 0.399478 -0.435419 -0.469639 2 3131_11.17_8.467.y-170kpc
 0.479194 -0.327984 -0.263886 2 3208_10.97_8.373.y-170kpc
 0.119095 -0.217633 -0.209150 2 3229_11.14_8.633.y-170kpc
 0.132976 -0.075170 -0.325354 2 3252_11.04_8.396.y-170kpc
 0.186176 -0.275790 -0.217617 2 3311_10.96_8.407.y-170kpc
 0.404476 -0.241254 -0.410181 2 3376_11.16_8.314.y-170kpc
 0.406395 -0.203547 -0.437451 2 3396_11.00_8.445.y-170kpc
 0.148450  0.018097 -0.448926 2 3439_10.89_8.766.y-170kpc
 0.158202  0.061567 -0.452669 2 3463_10.82_8.319.y-170kpc
 0.142978  0.287614 -0.431397 2 3573_10.98_8.635.y-170kpc
 0.168705  0.359596 -0.223856 2 3616_11.03_8.998.y-170kpc
 0.428922  0.066432 -0.254805 2 3710_10.97_8.767.y-170kpc
 0.187391  0.174074 -0.427465 2 3729_11.07_8.469.y-170kpc
 0.387485  0.210465 -0.377807 2 3747_10.85_8.370.y-170kpc
 0.406662  0.111370 -0.434243 2 3758_11.09_9.230.y-170kpc
 0.436220  0.314774 -0.335914 2 3793_11.20_8.887.y-170kpc
 0.122864  0.432637 -0.259996 2 4054_11.07_8.443.y-170kpc
 0.167267  0.393885 -0.240517 2 4100_11.01_8.714.y-170kpc
 0.260490  0.430624 -0.355761 2 4207_11.06_8.525.y-170kpc
 0.256603  0.403385 -0.249742 2 4327_11.15_8.514.y-170kpc
 0.322015  0.487375 -0.253540 2 4377_11.07_8.561.y-170kpc
-0.056651 -0.307171 -0.294192 2 26_10.88_8.401.y-210kpc
-0.035664 -0.352093 -0.321426 2 35_10.97_8.441.y-210kpc
-0.457324 -0.362970 -0.253039 2 197_11.23_8.681.y-210kpc
-0.402449 -0.335401 -0.223713 2 252_11.14_8.654.y-210kpc
-0.492084 -0.392241  0.018592 2 267_10.94_8.871.y-210kpc
-0.197889 -0.485550 -0.070081 2 315_11.24_8.594.y-210kpc
-0.313282 -0.336436  0.031479 2 373_10.89_8.791.y-210kpc
-0.159749 -0.213015 -0.484544 2 561_10.80_8.481.y-210kpc
-0.244532 -0.245728 -0.396779 2 700_11.20_8.320.y-210kpc
-0.162795 -0.279429 -0.021604 2 742_10.90_8.758.y-210kpc
-0.172470 -0.282858  0.013468 2 749_10.80_8.400.y-210kpc
-0.166463 -0.208134 -0.373156 2 956_10.91_8.480.y-210kpc
-0.492530 -0.088701 -0.388404 2 1006_11.18_8.375.y-210kpc
-0.305642 -0.000793 -0.228559 2 1028_10.96_8.632.y-210kpc
 0.013074 -0.187483 -0.193808 2 1065_10.86_8.303.y-210kpc
-0.463822  0.351919 -0.446244 2 1127_11.19_8.561.y-210kpc
-0.395393  0.290321 -0.127896 2 1187_10.97_8.377.y-210kpc
-0.189637  0.159506 -0.349919 2 1197_11.12_9.221.y-210kpc
-0.140650  0.344007  0.052038 2 1237_10.91_8.415.y-210kpc
-0.182949  0.427814 -0.347454 2 1296_11.02_8.661.y-210kpc
-0.424039  0.467376 -0.195469 2 1376_11.03_8.535.y-210kpc
-0.287994  0.457358 -0.252371 2 1436_11.13_8.701.y-210kpc
-0.185501  0.397612 -0.052259 2 1461_11.15_8.921.y-210kpc
-0.385025 -0.326343  0.111265 2 1473_11.21_9.244.y-210kpc
-0.411961 -0.491284  0.390788 2 1603_10.95_8.704.y-210kpc
-0.471001 -0.478315  0.422529 2 1610_11.08_8.715.y-210kpc
-0.309600  0.492129  0.176377 2 1681_11.17_9.155.y-210kpc
-0.288193 -0.270270  0.336645 2 1728_10.89_8.490.y-210kpc
-0.292654 -0.228979  0.366622 2 1733_10.90_8.446.y-210kpc
-0.210088 -0.253141  0.115007 2 1795_10.85_8.437.y-210kpc
-0.233069 -0.369972  0.264312 2 1822_11.08_8.355.y-210kpc
-0.098453 -0.290595  0.192721 2 1874_11.10_8.368.y-210kpc
 0.036319 -0.298865  0.269159 2 1880_10.84_8.618.y-210kpc
 0.031736 -0.465674  0.395220 2 1957_11.23_8.523.y-210kpc
-0.185038 -0.202724  0.474636 2 2016_11.01_8.418.y-210kpc
-0.466066 -0.162192  0.330813 2 2042_10.94_8.522.y-210kpc
-0.390922 -0.166953  0.378499 2 2180_11.09_8.485.y-210kpc
-0.385020 -0.050115  0.411572 2 2210_10.88_8.303.y-210kpc
 0.010184 -0.068897  0.212831 2 2255_10.86_8.686.y-210kpc
-0.084648 -0.058158  0.409543 2 2402_11.21_8.320.y-210kpc
-0.351044  0.084449  0.387699 2 2492_10.80_8.377.y-210kpc
-0.315152  0.318493  0.237768 2 2533_10.87_8.396.y-210kpc
-0.273348  0.351122  0.221103 2 2538_10.93_8.359.y-210kpc
-0.359771  0.425274  0.133725 2 2560_10.99_8.531.y-210kpc
-0.345261  0.456333  0.320272 2 2570_10.85_8.384.y-210kpc
-0.357567  0.282368  0.426059 2 2618_10.86_8.318.y-210kpc
-0.359457  0.490683  0.462297 2 2663_11.14_8.729.y-210kpc
-0.178942  0.148351  0.325283 2 2724_11.04_9.160.y-210kpc
-0.122928  0.035928  0.370066 2 2798_10.78_8.354.y-210kpc
-0.070453  0.436644  0.232189 2 2871_10.83_8.326.y-210kpc
-0.108102  0.354476  0.280138 2 2890_10.99_8.469.y-210kpc
 0.015680  0.293315  0.490891 2 2954_11.08_8.950.y-210kpc
 0.037681 -0.420178 -0.280934 2 3001_10.88_8.656.y-210kpc
 0.284210 -0.444726 -0.369440 2 3019_11.17_8.795.y-210kpc
 0.399478 -0.437019 -0.469639 2 3131_11.17_8.467.y-210kpc
 0.479194 -0.329584 -0.263886 2 3208_10.97_8.373.y-210kpc
 0.119095 -0.219233 -0.209150 2 3229_11.14_8.633.y-210kpc
 0.132976 -0.076770 -0.325354 2 3252_11.04_8.396.y-210kpc
 0.186176 -0.277390 -0.217617 2 3311_10.96_8.407.y-210kpc
 0.404476 -0.242854 -0.410181 2 3376_11.16_8.314.y-210kpc
 0.406395 -0.205147 -0.437451 2 3396_11.00_8.445.y-210kpc
 0.148450  0.016497 -0.448926 2 3439_10.89_8.766.y-210kpc
 0.158202  0.059967 -0.452669 2 3463_10.82_8.319.y-210kpc
 0.142978  0.286014 -0.431397 2 3573_10.98_8.635.y-210kpc
 0.168705  0.357996 -0.223856 2 3616_11.03_8.998.y-210kpc
 0.428922  0.064832 -0.254805 2 3710_10.97_8.767.y-210kpc
 0.187391  0.172474 -0.427465 2 3729_11.07_8.469.y-210kpc
 0.387485  0.208865 -0.377807 2 3747_10.85_8.370.y-210kpc
 0.406662  0.109770 -0.434243 2 3758_11.09_9.230.y-210kpc
 0.436220  0.313174 -0.335914 2 3793_11.20_8.887.y-210kpc
 0.122864  0.431037 -0.259996 2 4054_11.07_8.443.y-210kpc
 0.167267  0.392285 -0.240517 2 4100_11.01_8.714.y-210kpc
 0.260490  0.429024 -0.355761 2 4207_11.06_8.525.y-210kpc
 0.256603  0.401785 -0.249742 2 4327_11.15_8.514.y-210kpc
 0.322015  0.485775 -0.253540 2 4377_11.07_8.561.y-210kpc
-0.056651 -0.308771 -0.294192 2 26_10.88_8.401.y-250kpc
-0.035664 -0.353693 -0.321426 2 35_10.97_8.441.y-250kpc
-0.457324 -0.364570 -0.253039 2 197_11.23_8.681.y-250kpc
-0.402449 -0.337001 -0.223713 2 252_11.14_8.654.y-250kpc
-0.492084 -0.393841  0.018592 2 267_10.94_8.871.y-250kpc
-0.197889 -0.487150 -0.070081 2 315_11.24_8.594.y-250kpc
-0.313282 -0.338036  0.031479 2 373_10.89_8.791.y-250kpc
-0.159749 -0.214615 -0.484544 2 561_10.80_8.481.y-250kpc
-0.244532 -0.247328 -0.396779 2 700_11.20_8.320.y-250kpc
-0.162795 -0.281029 -0.021604 2 742_10.90_8.758.y-250kpc
-0.172470 -0.284458  0.013468 2 749_10.80_8.400.y-250kpc
-0.166463 -0.209734 -0.373156 2 956_10.91_8.480.y-250kpc
-0.492530 -0.090301 -0.388404 2 1006_11.18_8.375.y-250kpc
-0.305642 -0.002393 -0.228559 2 1028_10.96_8.632.y-250kpc
 0.013074 -0.189083 -0.193808 2 1065_10.86_8.303.y-250kpc
-0.463822  0.350319 -0.446244 2 1127_11.19_8.561.y-250kpc
-0.395393  0.288721 -0.127896 2 1187_10.97_8.377.y-250kpc
-0.189637  0.157906 -0.349919 2 1197_11.12_9.221.y-250kpc
-0.140650  0.342407  0.052038 2 1237_10.91_8.415.y-250kpc
-0.182949  0.426214 -0.347454 2 1296_11.02_8.661.y-250kpc
-0.424039  0.465776 -0.195469 2 1376_11.03_8.535.y-250kpc
-0.287994  0.455758 -0.252371 2 1436_11.13_8.701.y-250kpc
-0.185501  0.396012 -0.052259 2 1461_11.15_8.921.y-250kpc
-0.385025 -0.327943  0.111265 2 1473_11.21_9.244.y-250kpc
-0.411961 -0.492884  0.390788 2 1603_10.95_8.704.y-250kpc
-0.471001 -0.479915  0.422529 2 1610_11.08_8.715.y-250kpc
-0.309600  0.490529  0.176377 2 1681_11.17_9.155.y-250kpc
-0.288193 -0.271870  0.336645 2 1728_10.89_8.490.y-250kpc
-0.292654 -0.230579  0.366622 2 1733_10.90_8.446.y-250kpc
-0.210088 -0.254741  0.115007 2 1795_10.85_8.437.y-250kpc
-0.233069 -0.371572  0.264312 2 1822_11.08_8.355.y-250kpc
-0.098453 -0.292195  0.192721 2 1874_11.10_8.368.y-250kpc
 0.036319 -0.300465  0.269159 2 1880_10.84_8.618.y-250kpc
 0.031736 -0.467274  0.395220 2 1957_11.23_8.523.y-250kpc
-0.185038 -0.204324  0.474636 2 2016_11.01_8.418.y-250kpc
-0.466066 -0.163792  0.330813 2 2042_10.94_8.522.y-250kpc
-0.390922 -0.168553  0.378499 2 2180_11.09_8.485.y-250kpc
-0.385020 -0.051715  0.411572 2 2210_10.88_8.303.y-250kpc
 0.010184 -0.070497  0.212831 2 2255_10.86_8.686.y-250kpc
-0.084648 -0.059758  0.409543 2 2402_11.21_8.320.y-250kpc
-0.351044  0.082849  0.387699 2 2492_10.80_8.377.y-250kpc
-0.315152  0.316893  0.237768 2 2533_10.87_8.396.y-250kpc
-0.273348  0.349522  0.221103 2 2538_10.93_8.359.y-250kpc
-0.359771  0.423674  0.133725 2 2560_10.99_8.531.y-250kpc
-0.345261  0.454733  0.320272 2 2570_10.85_8.384.y-250kpc
-0.357567  0.280768  0.426059 2 2618_10.86_8.318.y-250kpc
-0.359457  0.489083  0.462297 2 2663_11.14_8.729.y-250kpc
-0.178942  0.146751  0.325283 2 2724_11.04_9.160.y-250kpc
-0.122928  0.034328  0.370066 2 2798_10.78_8.354.y-250kpc
-0.070453  0.435044  0.232189 2 2871_10.83_8.326.y-250kpc
-0.108102  0.352876  0.280138 2 2890_10.99_8.469.y-250kpc
 0.015680  0.291715  0.490891 2 2954_11.08_8.950.y-250kpc
 0.037681 -0.421778 -0.280934 2 3001_10.88_8.656.y-250kpc
 0.284210 -0.446326 -0.369440 2 3019_11.17_8.795.y-250kpc
 0.399478 -0.438619 -0.469639 2 3131_11.17_8.467.y-250kpc
 0.479194 -0.331184 -0.263886 2 3208_10.97_8.373.y-250kpc
 0.119095 -0.220833 -0.209150 2 3229_11.14_8.633.y-250kpc
 0.132976 -0.078370 -0.325354 2 3252_11.04_8.396.y-250kpc
 0.186176 -0.278990 -0.217617 2 3311_10.96_8.407.y-250kpc
 0.404476 -0.244454 -0.410181 2 3376_11.16_8.314.y-250kpc
 0.406395 -0.206747 -0.437451 2 3396_11.00_8.445.y-250kpc
 0.148450  0.014897 -0.448926 2 3439_10.89_8.766.y-250kpc
 0.158202  0.058367 -0.452669 2 3463_10.82_8.319.y-250kpc
 0.142978  0.284414 -0.431397 2 3573_10.98_8.635.y-250kpc
 0.168705  0.356396 -0.223856 2 3616_11.03_8.998.y-250kpc
 0.428922  0.063232 -0.254805 2 3710_10.97_8.767.y-250kpc
 0.187391  0.170874 -0.427465 2 3729_11.07_8.469.y-250kpc
 0.387485  0.207265 -0.377807 2 3747_10.85_8.370.y-250kpc
 0.406662  0.108170 -0.434243 2 3758_11.09_9.230.y-250kpc
 0.436220  0.311574 -0.335914 2 3793_11.20_8.887.y-250kpc
 0.122864  0.429437 -0.259996 2 4054_11.07_8.443.y-250kpc
 0.167267  0.390685 -0.240517 2 4100_11.01_8.714.y-250kpc
 0.260490  0.427424 -0.355761 2 4207_11.06_8.525.y-250kpc
 0.256603  0.400185 -0.249742 2 4327_11.15_8.514.y-250kpc
 0.322015  0.484175 -0.253540 2 4377_11.07_8.561.y-250kpc
-0.056651 -0.310371 -0.294192 2 26_10.88_8.401.y-290kpc
-0.035664 -0.355293 -0.321426 2 35_10.97_8.441.y-290kpc
-0.457324 -0.366170 -0.253039 2 197_11.23_8.681.y-290kpc
-0.402449 -0.338601 -0.223713 2 252_11.14_8.654.y-290kpc
-0.492084 -0.395441  0.018592 2 267_10.94_8.871.y-290kpc
-0.197889 -0.488750 -0.070081 2 315_11.24_8.594.y-290kpc
-0.313282 -0.339636  0.031479 2 373_10.89_8.791.y-290kpc
-0.159749 -0.216215 -0.484544 2 561_10.80_8.481.y-290kpc
-0.244532 -0.248928 -0.396779 2 700_11.20_8.320.y-290kpc
-0.162795 -0.282629 -0.021604 2 742_10.90_8.758.y-290kpc
-0.172470 -0.286058  0.013468 2 749_10.80_8.400.y-290kpc
-0.166463 -0.211334 -0.373156 2 956_10.91_8.480.y-290kpc
-0.492530 -0.091901 -0.388404 2 1006_11.18_8.375.y-290kpc
-0.305642 -0.003993 -0.228559 2 1028_10.96_8.632.y-290kpc
 0.013074 -0.190683 -0.193808 2 1065_10.86_8.303.y-290kpc
-0.463822  0.348719 -0.446244 2 1127_11.19_8.561.y-290kpc
-0.395393  0.287121 -0.127896 2 1187_10.97_8.377.y-290kpc
-0.189637  0.156306 -0.349919 2 1197_11.12_9.221.y-290kpc
-0.140650  0.340807  0.052038 2 1237_10.91_8.415.y-290kpc
-0.182949  0.424614 -0.347454 2 1296_11.02_8.661.y-290kpc
-0.424039  0.464176 -0.195469 2 1376_11.03_8.535.y-290kpc
-0.287994  0.454158 -0.252371 2 1436_11.13_8.701.y-290kpc
-0.185501  0.394412 -0.052259 2 1461_11.15_8.921.y-290kpc
-0.385025 -0.329543  0.111265 2 1473_11.21_9.244.y-290kpc
-0.411961 -0.494484  0.390788 2 1603_10.95_8.704.y-290kpc
-0.471001 -0.481515  0.422529 2 1610_11.08_8.715.y-290kpc
-0.309600  0.488929  0.176377 2 1681_11.17_9.155.y-290kpc
-0.288193 -0.273470  0.336645 2 1728_10.89_8.490.y-290kpc
-0.292654 -0.232179  0.366622 2 1733_10.90_8.446.y-290kpc
-0.210088 -0.256341  0.115007 2 1795_10.85_8.437.y-290kpc
-0.233069 -0.373172  0.264312 2 1822_11.08_8.355.y-290kpc
-0.098453 -0.293795  0.192721 2 1874_11.10_8.368.y-290kpc
 0.036319 -0.302065  0.269159 2 1880_10.84_8.618.y-290kpc
 0.031736 -0.468874  0.395220 2 1957_11.23_8.523.y-290kpc
-0.185038 -0.205924  0.474636 2 2016_11.01_8.418.y-290kpc
-0.466066 -0.165392  0.330813 2 2042_10.94_8.522.y-290kpc
-0.390922 -0.170153  0.378499 2 2180_11.09_8.485.y-290kpc
-0.385020 -0.053315  0.411572 2 2210_10.88_8.303.y-290kpc
 0.010184 -0.072097  0.212831 2 2255_10.86_8.686.y-290kpc
-0.084648 -0.061358  0.409543 2 2402_11.21_8.320.y-290kpc
-0.351044  0.081249  0.387699 2 2492_10.80_8.377.y-290kpc
-0.315152  0.315293  0.237768 2 2533_10.87_8.396.y-290kpc
-0.273348  0.347922  0.221103 2 2538_10.93_8.359.y-290kpc
-0.359771  0.422074  0.133725 2 2560_10.99_8.531.y-290kpc
-0.345261  0.453133  0.320272 2 2570_10.85_8.384.y-290kpc
-0.357567  0.279168  0.426059 2 2618_10.86_8.318.y-290kpc
-0.359457  0.487483  0.462297 2 2663_11.14_8.729.y-290kpc
-0.178942  0.145151  0.325283 2 2724_11.04_9.160.y-290kpc
-0.122928  0.032728  0.370066 2 2798_10.78_8.354.y-290kpc
-0.070453  0.433444  0.232189 2 2871_10.83_8.326.y-290kpc
-0.108102  0.351276  0.280138 2 2890_10.99_8.469.y-290kpc
 0.015680  0.290115  0.490891 2 2954_11.08_8.950.y-290kpc
 0.037681 -0.423378 -0.280934 2 3001_10.88_8.656.y-290kpc
 0.284210 -0.447926 -0.369440 2 3019_11.17_8.795.y-290kpc
 0.399478 -0.440219 -0.469639 2 3131_11.17_8.467.y-290kpc
 0.479194 -0.332784 -0.263886 2 3208_10.97_8.373.y-290kpc
 0.119095 -0.222433 -0.209150 2 3229_11.14_8.633.y-290kpc
 0.132976 -0.079970 -0.325354 2 3252_11.04_8.396.y-290kpc
 0.186176 -0.280590 -0.217617 2 3311_10.96_8.407.y-290kpc
 0.404476 -0.246054 -0.410181 2 3376_11.16_8.314.y-290kpc
 0.406395 -0.208347 -0.437451 2 3396_11.00_8.445.y-290kpc
 0.148450  0.013298 -0.448926 2 3439_10.89_8.766.y-290kpc
 0.158202  0.056767 -0.452669 2 3463_10.82_8.319.y-290kpc
 0.142978  0.282814 -0.431397 2 3573_10.98_8.635.y-290kpc
 0.168705  0.354796 -0.223856 2 3616_11.03_8.998.y-290kpc
 0.428922  0.061632 -0.254805 2 3710_10.97_8.767.y-290kpc
 0.187391  0.169274 -0.427465 2 3729_11.07_8.469.y-290kpc
 0.387485  0.205665 -0.377807 2 3747_10.85_8.370.y-290kpc
 0.406662  0.106570 -0.434243 2 3758_11.09_9.230.y-290kpc
 0.436220  0.309974 -0.335914 2 3793_11.20_8.887.y-290kpc
 0.122864  0.427837 -0.259996 2 4054_11.07_8.443.y-290kpc
 0.167267  0.389085 -0.240517 2 4100_11.01_8.714.y-290kpc
 0.260490  0.425824 -0.355761 2 4207_11.06_8.525.y-290kpc
 0.256603  0.398585 -0.249742 2 4327_11.15_8.514.y-290kpc
 0.322015  0.482575 -0.253540 2 4377_11.07_8.561.y-290kpc
