-0.152454 -0.306009 -0.262602 2 37_12.12_10.62.x-10kpc
-0.291090 -0.217447 -0.419567 2 52_11.84_10.24.x-10kpc
-0.279338 -0.188879 -0.468488 2 68_11.77_9.789.x-10kpc
-0.049330 -0.299901 -0.376143 2 119_11.97_10.44.x-10kpc
-0.053142 -0.252486 -0.325352 2 152_11.89_10.30.x-10kpc
-0.103928 -0.306142 -0.266861 2 157_11.80_10.14.x-10kpc
-0.088513 -0.201186 -0.479334 2 186_11.89_9.962.x-10kpc
-0.025324 -0.250376 -0.250173 2 262_12.02_10.19.x-10kpc
 0.033115 -0.281933 -0.250395 2 338_12.04_10.00.x-10kpc
 0.072728 -0.275215 -0.232946 2 341_11.87_10.21.x-10kpc
 0.080663 -0.101504 -0.136480 2 363_12.00_10.39.x-10kpc
 0.306832 -0.499916 -0.263210 2 390_11.82_10.39.x-10kpc
 0.343728 -0.461847 -0.263509 2 395_12.17_10.41.x-10kpc
 0.184800 -0.447513 -0.148565 2 396_11.96_10.38.x-10kpc
 0.150137 -0.328009 -0.189137 2 400_11.78_9.918.x-10kpc
 0.352212 -0.386054 -0.394811 2 419_12.19_10.64.x-10kpc
 0.406361 -0.366809 -0.280262 2 462_11.96_10.37.x-10kpc
 0.378082 -0.317406 -0.392929 2 494_11.81_9.902.x-10kpc
 0.180283 -0.231135 -0.213594 2 527_11.82_9.752.x-10kpc
-0.313069  0.460038 -0.249371 2 606_11.93_10.28.x-10kpc
-0.133497  0.443165 -0.360604 2 612_11.78_10.23.x-10kpc
-0.198341  0.463499 -0.260425 2 631_12.10_10.63.x-10kpc
 0.087621  0.113381 -0.167049 2 649_12.06_10.58.x-10kpc
 0.138817 -0.049785 -0.324231 2 683_12.01_10.46.x-10kpc
 0.155175  0.038306 -0.460547 2 691_12.09_10.41.x-10kpc
 0.136926  0.141746 -0.151245 2 720_11.87_10.31.x-10kpc
 0.164202  0.293783 -0.232057 2 777_12.24_10.42.x-10kpc
 0.173710  0.316537 -0.227994 2 778_11.88_10.35.x-10kpc
 0.434108  0.349432 -0.361693 2 934_12.21_10.65.x-10kpc
 0.256445  0.331934 -0.245744 2 948_11.80_10.11.x-10kpc
 0.382735  0.355699 -0.238712 2 959_11.82_10.14.x-10kpc
 0.382717  0.375206 -0.318609 2 983_11.97_10.25.x-10kpc
 0.292968  0.421768 -0.198570 2 1114_12.21_10.61.x-10kpc
-0.379840 -0.423358 -0.018097 2 1156_12.06_10.55.x-10kpc
-0.269833 -0.323162  0.003851 2 1168_11.89_10.31.x-10kpc
-0.314132 -0.304112  0.059647 2 1196_11.85_10.24.x-10kpc
-0.345173 -0.296537  0.081123 2 1197_11.85_10.23.x-10kpc
-0.433999 -0.289467  0.148337 2 1201_11.78_10.15.x-10kpc
-0.366674 -0.447619  0.313363 2 1220_12.00_10.47.x-10kpc
-0.430037 -0.161205  0.361929 2 1327_11.75_9.848.x-10kpc
-0.341252 -0.173919  0.394139 2 1340_12.14_10.61.x-10kpc
-0.387492 -0.174035  0.425212 2 1342_11.75_9.936.x-10kpc
-0.190324 -0.290155 -0.019308 2 1372_12.06_10.42.x-10kpc
-0.130227 -0.462663  0.302416 2 1427_11.95_10.36.x-10kpc
-0.160595 -0.394617  0.307479 2 1435_11.76_10.09.x-10kpc
-0.183555 -0.216118  0.482233 2 1457_11.93_10.30.x-10kpc
-0.269461 -0.162023  0.424771 2 1481_11.86_10.23.x-10kpc
-0.233370 -0.186181  0.457684 2 1500_11.97_10.35.x-10kpc
-0.193645 -0.193772  0.462026 2 1505_12.00_10.43.x-10kpc
-0.032888 -0.362930  0.032114 2 1513_11.83_10.10.x-10kpc
 0.311038 -0.180016  0.100382 2 1549_11.76_10.35.x-10kpc
 0.362009 -0.160814  0.147743 2 1565_12.21_10.73.x-10kpc
 0.064013 -0.370493  0.243760 2 1566_11.88_10.41.x-10kpc
 0.374641 -0.143110  0.152016 2 1589_11.97_10.26.x-10kpc
 0.415705 -0.158942  0.201883 2 1623_12.02_10.44.x-10kpc
 0.088099 -0.344854  0.397494 2 1654_12.09_10.49.x-10kpc
 0.060497 -0.427454  0.472752 2 1656_11.82_10.37.x-10kpc
 0.351860 -0.275448  0.371650 2 1694_11.87_10.26.x-10kpc
 0.404780 -0.247882  0.357976 2 1698_12.08_10.59.x-10kpc
 0.397435 -0.220827  0.350373 2 1708_12.07_10.57.x-10kpc
 0.406309 -0.384013  0.499697 2 1719_11.91_10.37.x-10kpc
 0.409333 -0.217416  0.344985 2 1738_11.77_10.16.x-10kpc
 0.014882  0.037336 -0.118023 2 1777_12.08_10.41.x-10kpc
 0.032549  0.014249 -0.114180 2 1778_11.90_10.22.x-10kpc
-0.160957  0.038886  0.325243 2 1816_12.18_10.55.x-10kpc
-0.379715  0.375802 -0.089671 2 1823_11.98_10.57.x-10kpc
-0.344135  0.391405 -0.085076 2 1829_11.86_10.17.x-10kpc
-0.485410  0.427170 -0.059106 2 1839_11.98_10.54.x-10kpc
-0.009269  0.090330  0.096956 2 1868_11.97_10.28.x-10kpc
-0.024467  0.093437  0.139860 2 1879_11.84_10.41.x-10kpc
-0.216355  0.492844 -0.035733 2 1907_12.09_10.61.x-10kpc
-0.410437 -0.084558  0.364346 2 1959_11.83_10.09.x-10kpc
-0.392040  0.025814  0.367433 2 1967_11.87_10.11.x-10kpc
-0.171549 -0.090918  0.409237 2 2015_11.88_10.09.x-10kpc
-0.020670  0.009330  0.431897 2 2033_12.10_10.45.x-10kpc
-0.154054 -0.306009 -0.262602 2 37_12.12_10.62.x-50kpc
-0.292690 -0.217447 -0.419567 2 52_11.84_10.24.x-50kpc
-0.280938 -0.188879 -0.468488 2 68_11.77_9.789.x-50kpc
-0.050930 -0.299901 -0.376143 2 119_11.97_10.44.x-50kpc
-0.054742 -0.252486 -0.325352 2 152_11.89_10.30.x-50kpc
-0.105528 -0.306142 -0.266861 2 157_11.80_10.14.x-50kpc
-0.090113 -0.201186 -0.479334 2 186_11.89_9.962.x-50kpc
-0.026924 -0.250376 -0.250173 2 262_12.02_10.19.x-50kpc
 0.031515 -0.281933 -0.250395 2 338_12.04_10.00.x-50kpc
 0.071128 -0.275215 -0.232946 2 341_11.87_10.21.x-50kpc
 0.079063 -0.101504 -0.136480 2 363_12.00_10.39.x-50kpc
 0.305232 -0.499916 -0.263210 2 390_11.82_10.39.x-50kpc
 0.342128 -0.461847 -0.263509 2 395_12.17_10.41.x-50kpc
 0.183200 -0.447513 -0.148565 2 396_11.96_10.38.x-50kpc
 0.148537 -0.328009 -0.189137 2 400_11.78_9.918.x-50kpc
 0.350612 -0.386054 -0.394811 2 419_12.19_10.64.x-50kpc
 0.404761 -0.366809 -0.280262 2 462_11.96_10.37.x-50kpc
 0.376482 -0.317406 -0.392929 2 494_11.81_9.902.x-50kpc
 0.178683 -0.231135 -0.213594 2 527_11.82_9.752.x-50kpc
-0.314669  0.460038 -0.249371 2 606_11.93_10.28.x-50kpc
-0.135097  0.443165 -0.360604 2 612_11.78_10.23.x-50kpc
-0.199941  0.463499 -0.260425 2 631_12.10_10.63.x-50kpc
 0.086021  0.113381 -0.167049 2 649_12.06_10.58.x-50kpc
 0.137217 -0.049785 -0.324231 2 683_12.01_10.46.x-50kpc
 0.153575  0.038306 -0.460547 2 691_12.09_10.41.x-50kpc
 0.135326  0.141746 -0.151245 2 720_11.87_10.31.x-50kpc
 0.162602  0.293783 -0.232057 2 777_12.24_10.42.x-50kpc
 0.172110  0.316537 -0.227994 2 778_11.88_10.35.x-50kpc
 0.432508  0.349432 -0.361693 2 934_12.21_10.65.x-50kpc
 0.254845  0.331934 -0.245744 2 948_11.80_10.11.x-50kpc
 0.381135  0.355699 -0.238712 2 959_11.82_10.14.x-50kpc
 0.381117  0.375206 -0.318609 2 983_11.97_10.25.x-50kpc
 0.291368  0.421768 -0.198570 2 1114_12.21_10.61.x-50kpc
-0.381440 -0.423358 -0.018097 2 1156_12.06_10.55.x-50kpc
-0.271433 -0.323162  0.003851 2 1168_11.89_10.31.x-50kpc
-0.315732 -0.304112  0.059647 2 1196_11.85_10.24.x-50kpc
-0.346773 -0.296537  0.081123 2 1197_11.85_10.23.x-50kpc
-0.435599 -0.289467  0.148337 2 1201_11.78_10.15.x-50kpc
-0.368274 -0.447619  0.313363 2 1220_12.00_10.47.x-50kpc
-0.431637 -0.161205  0.361929 2 1327_11.75_9.848.x-50kpc
-0.342852 -0.173919  0.394139 2 1340_12.14_10.61.x-50kpc
-0.389092 -0.174035  0.425212 2 1342_11.75_9.936.x-50kpc
-0.191924 -0.290155 -0.019308 2 1372_12.06_10.42.x-50kpc
-0.131827 -0.462663  0.302416 2 1427_11.95_10.36.x-50kpc
-0.162195 -0.394617  0.307479 2 1435_11.76_10.09.x-50kpc
-0.185155 -0.216118  0.482233 2 1457_11.93_10.30.x-50kpc
-0.271061 -0.162023  0.424771 2 1481_11.86_10.23.x-50kpc
-0.234970 -0.186181  0.457684 2 1500_11.97_10.35.x-50kpc
-0.195245 -0.193772  0.462026 2 1505_12.00_10.43.x-50kpc
-0.034488 -0.362930  0.032114 2 1513_11.83_10.10.x-50kpc
 0.309438 -0.180016  0.100382 2 1549_11.76_10.35.x-50kpc
 0.360409 -0.160814  0.147743 2 1565_12.21_10.73.x-50kpc
 0.062413 -0.370493  0.243760 2 1566_11.88_10.41.x-50kpc
 0.373041 -0.143110  0.152016 2 1589_11.97_10.26.x-50kpc
 0.414105 -0.158942  0.201883 2 1623_12.02_10.44.x-50kpc
 0.086499 -0.344854  0.397494 2 1654_12.09_10.49.x-50kpc
 0.058897 -0.427454  0.472752 2 1656_11.82_10.37.x-50kpc
 0.350260 -0.275448  0.371650 2 1694_11.87_10.26.x-50kpc
 0.403180 -0.247882  0.357976 2 1698_12.08_10.59.x-50kpc
 0.395835 -0.220827  0.350373 2 1708_12.07_10.57.x-50kpc
 0.404709 -0.384013  0.499697 2 1719_11.91_10.37.x-50kpc
 0.407733 -0.217416  0.344985 2 1738_11.77_10.16.x-50kpc
 0.013281  0.037336 -0.118023 2 1777_12.08_10.41.x-50kpc
 0.030949  0.014249 -0.114180 2 1778_11.90_10.22.x-50kpc
-0.162557  0.038886  0.325243 2 1816_12.18_10.55.x-50kpc
-0.381315  0.375802 -0.089671 2 1823_11.98_10.57.x-50kpc
-0.345735  0.391405 -0.085076 2 1829_11.86_10.17.x-50kpc
-0.487010  0.427170 -0.059106 2 1839_11.98_10.54.x-50kpc
-0.010869  0.090330  0.096956 2 1868_11.97_10.28.x-50kpc
-0.026067  0.093437  0.139860 2 1879_11.84_10.41.x-50kpc
-0.217955  0.492844 -0.035733 2 1907_12.09_10.61.x-50kpc
-0.412037 -0.084558  0.364346 2 1959_11.83_10.09.x-50kpc
-0.393640  0.025814  0.367433 2 1967_11.87_10.11.x-50kpc
-0.173149 -0.090918  0.409237 2 2015_11.88_10.09.x-50kpc
-0.022270  0.009330  0.431897 2 2033_12.10_10.45.x-50kpc
-0.155654 -0.306009 -0.262602 2 37_12.12_10.62.x-90kpc
-0.294290 -0.217447 -0.419567 2 52_11.84_10.24.x-90kpc
-0.282538 -0.188879 -0.468488 2 68_11.77_9.789.x-90kpc
-0.052530 -0.299901 -0.376143 2 119_11.97_10.44.x-90kpc
-0.056342 -0.252486 -0.325352 2 152_11.89_10.30.x-90kpc
-0.107128 -0.306142 -0.266861 2 157_11.80_10.14.x-90kpc
-0.091713 -0.201186 -0.479334 2 186_11.89_9.962.x-90kpc
-0.028524 -0.250376 -0.250173 2 262_12.02_10.19.x-90kpc
 0.029915 -0.281933 -0.250395 2 338_12.04_10.00.x-90kpc
 0.069528 -0.275215 -0.232946 2 341_11.87_10.21.x-90kpc
 0.077463 -0.101504 -0.136480 2 363_12.00_10.39.x-90kpc
 0.303632 -0.499916 -0.263210 2 390_11.82_10.39.x-90kpc
 0.340528 -0.461847 -0.263509 2 395_12.17_10.41.x-90kpc
 0.181600 -0.447513 -0.148565 2 396_11.96_10.38.x-90kpc
 0.146937 -0.328009 -0.189137 2 400_11.78_9.918.x-90kpc
 0.349012 -0.386054 -0.394811 2 419_12.19_10.64.x-90kpc
 0.403161 -0.366809 -0.280262 2 462_11.96_10.37.x-90kpc
 0.374882 -0.317406 -0.392929 2 494_11.81_9.902.x-90kpc
 0.177083 -0.231135 -0.213594 2 527_11.82_9.752.x-90kpc
-0.316269  0.460038 -0.249371 2 606_11.93_10.28.x-90kpc
-0.136697  0.443165 -0.360604 2 612_11.78_10.23.x-90kpc
-0.201541  0.463499 -0.260425 2 631_12.10_10.63.x-90kpc
 0.084421  0.113381 -0.167049 2 649_12.06_10.58.x-90kpc
 0.135617 -0.049785 -0.324231 2 683_12.01_10.46.x-90kpc
 0.151975  0.038306 -0.460547 2 691_12.09_10.41.x-90kpc
 0.133726  0.141746 -0.151245 2 720_11.87_10.31.x-90kpc
 0.161002  0.293783 -0.232057 2 777_12.24_10.42.x-90kpc
 0.170510  0.316537 -0.227994 2 778_11.88_10.35.x-90kpc
 0.430908  0.349432 -0.361693 2 934_12.21_10.65.x-90kpc
 0.253245  0.331934 -0.245744 2 948_11.80_10.11.x-90kpc
 0.379535  0.355699 -0.238712 2 959_11.82_10.14.x-90kpc
 0.379517  0.375206 -0.318609 2 983_11.97_10.25.x-90kpc
 0.289768  0.421768 -0.198570 2 1114_12.21_10.61.x-90kpc
-0.383040 -0.423358 -0.018097 2 1156_12.06_10.55.x-90kpc
-0.273033 -0.323162  0.003851 2 1168_11.89_10.31.x-90kpc
-0.317332 -0.304112  0.059647 2 1196_11.85_10.24.x-90kpc
-0.348373 -0.296537  0.081123 2 1197_11.85_10.23.x-90kpc
-0.437199 -0.289467  0.148337 2 1201_11.78_10.15.x-90kpc
-0.369874 -0.447619  0.313363 2 1220_12.00_10.47.x-90kpc
-0.433237 -0.161205  0.361929 2 1327_11.75_9.848.x-90kpc
-0.344452 -0.173919  0.394139 2 1340_12.14_10.61.x-90kpc
-0.390692 -0.174035  0.425212 2 1342_11.75_9.936.x-90kpc
-0.193524 -0.290155 -0.019308 2 1372_12.06_10.42.x-90kpc
-0.133427 -0.462663  0.302416 2 1427_11.95_10.36.x-90kpc
-0.163795 -0.394617  0.307479 2 1435_11.76_10.09.x-90kpc
-0.186755 -0.216118  0.482233 2 1457_11.93_10.30.x-90kpc
-0.272661 -0.162023  0.424771 2 1481_11.86_10.23.x-90kpc
-0.236570 -0.186181  0.457684 2 1500_11.97_10.35.x-90kpc
-0.196845 -0.193772  0.462026 2 1505_12.00_10.43.x-90kpc
-0.036088 -0.362930  0.032114 2 1513_11.83_10.10.x-90kpc
 0.307838 -0.180016  0.100382 2 1549_11.76_10.35.x-90kpc
 0.358809 -0.160814  0.147743 2 1565_12.21_10.73.x-90kpc
 0.060813 -0.370493  0.243760 2 1566_11.88_10.41.x-90kpc
 0.371441 -0.143110  0.152016 2 1589_11.97_10.26.x-90kpc
 0.412505 -0.158942  0.201883 2 1623_12.02_10.44.x-90kpc
 0.084899 -0.344854  0.397494 2 1654_12.09_10.49.x-90kpc
 0.057297 -0.427454  0.472752 2 1656_11.82_10.37.x-90kpc
 0.348660 -0.275448  0.371650 2 1694_11.87_10.26.x-90kpc
 0.401580 -0.247882  0.357976 2 1698_12.08_10.59.x-90kpc
 0.394235 -0.220827  0.350373 2 1708_12.07_10.57.x-90kpc
 0.403109 -0.384013  0.499697 2 1719_11.91_10.37.x-90kpc
 0.406133 -0.217416  0.344985 2 1738_11.77_10.16.x-90kpc
 0.011682  0.037336 -0.118023 2 1777_12.08_10.41.x-90kpc
 0.029349  0.014249 -0.114180 2 1778_11.90_10.22.x-90kpc
-0.164157  0.038886  0.325243 2 1816_12.18_10.55.x-90kpc
-0.382915  0.375802 -0.089671 2 1823_11.98_10.57.x-90kpc
-0.347335  0.391405 -0.085076 2 1829_11.86_10.17.x-90kpc
-0.488610  0.427170 -0.059106 2 1839_11.98_10.54.x-90kpc
-0.012469  0.090330  0.096956 2 1868_11.97_10.28.x-90kpc
-0.027667  0.093437  0.139860 2 1879_11.84_10.41.x-90kpc
-0.219555  0.492844 -0.035733 2 1907_12.09_10.61.x-90kpc
-0.413637 -0.084558  0.364346 2 1959_11.83_10.09.x-90kpc
-0.395240  0.025814  0.367433 2 1967_11.87_10.11.x-90kpc
-0.174749 -0.090918  0.409237 2 2015_11.88_10.09.x-90kpc
-0.023870  0.009330  0.431897 2 2033_12.10_10.45.x-90kpc
-0.157254 -0.306009 -0.262602 2 37_12.12_10.62.x-130kpc
-0.295890 -0.217447 -0.419567 2 52_11.84_10.24.x-130kpc
-0.284138 -0.188879 -0.468488 2 68_11.77_9.789.x-130kpc
-0.054130 -0.299901 -0.376143 2 119_11.97_10.44.x-130kpc
-0.057942 -0.252486 -0.325352 2 152_11.89_10.30.x-130kpc
-0.108728 -0.306142 -0.266861 2 157_11.80_10.14.x-130kpc
-0.093313 -0.201186 -0.479334 2 186_11.89_9.962.x-130kpc
-0.030124 -0.250376 -0.250173 2 262_12.02_10.19.x-130kpc
 0.028315 -0.281933 -0.250395 2 338_12.04_10.00.x-130kpc
 0.067928 -0.275215 -0.232946 2 341_11.87_10.21.x-130kpc
 0.075863 -0.101504 -0.136480 2 363_12.00_10.39.x-130kpc
 0.302032 -0.499916 -0.263210 2 390_11.82_10.39.x-130kpc
 0.338928 -0.461847 -0.263509 2 395_12.17_10.41.x-130kpc
 0.180000 -0.447513 -0.148565 2 396_11.96_10.38.x-130kpc
 0.145337 -0.328009 -0.189137 2 400_11.78_9.918.x-130kpc
 0.347412 -0.386054 -0.394811 2 419_12.19_10.64.x-130kpc
 0.401561 -0.366809 -0.280262 2 462_11.96_10.37.x-130kpc
 0.373282 -0.317406 -0.392929 2 494_11.81_9.902.x-130kpc
 0.175483 -0.231135 -0.213594 2 527_11.82_9.752.x-130kpc
-0.317869  0.460038 -0.249371 2 606_11.93_10.28.x-130kpc
-0.138297  0.443165 -0.360604 2 612_11.78_10.23.x-130kpc
-0.203141  0.463499 -0.260425 2 631_12.10_10.63.x-130kpc
 0.082821  0.113381 -0.167049 2 649_12.06_10.58.x-130kpc
 0.134017 -0.049785 -0.324231 2 683_12.01_10.46.x-130kpc
 0.150375  0.038306 -0.460547 2 691_12.09_10.41.x-130kpc
 0.132126  0.141746 -0.151245 2 720_11.87_10.31.x-130kpc
 0.159402  0.293783 -0.232057 2 777_12.24_10.42.x-130kpc
 0.168910  0.316537 -0.227994 2 778_11.88_10.35.x-130kpc
 0.429308  0.349432 -0.361693 2 934_12.21_10.65.x-130kpc
 0.251645  0.331934 -0.245744 2 948_11.80_10.11.x-130kpc
 0.377935  0.355699 -0.238712 2 959_11.82_10.14.x-130kpc
 0.377917  0.375206 -0.318609 2 983_11.97_10.25.x-130kpc
 0.288168  0.421768 -0.198570 2 1114_12.21_10.61.x-130kpc
-0.384640 -0.423358 -0.018097 2 1156_12.06_10.55.x-130kpc
-0.274633 -0.323162  0.003851 2 1168_11.89_10.31.x-130kpc
-0.318932 -0.304112  0.059647 2 1196_11.85_10.24.x-130kpc
-0.349973 -0.296537  0.081123 2 1197_11.85_10.23.x-130kpc
-0.438799 -0.289467  0.148337 2 1201_11.78_10.15.x-130kpc
-0.371474 -0.447619  0.313363 2 1220_12.00_10.47.x-130kpc
-0.434837 -0.161205  0.361929 2 1327_11.75_9.848.x-130kpc
-0.346052 -0.173919  0.394139 2 1340_12.14_10.61.x-130kpc
-0.392292 -0.174035  0.425212 2 1342_11.75_9.936.x-130kpc
-0.195124 -0.290155 -0.019308 2 1372_12.06_10.42.x-130kpc
-0.135027 -0.462663  0.302416 2 1427_11.95_10.36.x-130kpc
-0.165395 -0.394617  0.307479 2 1435_11.76_10.09.x-130kpc
-0.188355 -0.216118  0.482233 2 1457_11.93_10.30.x-130kpc
-0.274261 -0.162023  0.424771 2 1481_11.86_10.23.x-130kpc
-0.238170 -0.186181  0.457684 2 1500_11.97_10.35.x-130kpc
-0.198445 -0.193772  0.462026 2 1505_12.00_10.43.x-130kpc
-0.037687 -0.362930  0.032114 2 1513_11.83_10.10.x-130kpc
 0.306238 -0.180016  0.100382 2 1549_11.76_10.35.x-130kpc
 0.357209 -0.160814  0.147743 2 1565_12.21_10.73.x-130kpc
 0.059213 -0.370493  0.243760 2 1566_11.88_10.41.x-130kpc
 0.369841 -0.143110  0.152016 2 1589_11.97_10.26.x-130kpc
 0.410905 -0.158942  0.201883 2 1623_12.02_10.44.x-130kpc
 0.083299 -0.344854  0.397494 2 1654_12.09_10.49.x-130kpc
 0.055697 -0.427454  0.472752 2 1656_11.82_10.37.x-130kpc
 0.347060 -0.275448  0.371650 2 1694_11.87_10.26.x-130kpc
 0.399980 -0.247882  0.357976 2 1698_12.08_10.59.x-130kpc
 0.392635 -0.220827  0.350373 2 1708_12.07_10.57.x-130kpc
 0.401509 -0.384013  0.499697 2 1719_11.91_10.37.x-130kpc
 0.404533 -0.217416  0.344985 2 1738_11.77_10.16.x-130kpc
 0.010082  0.037336 -0.118023 2 1777_12.08_10.41.x-130kpc
 0.027749  0.014249 -0.114180 2 1778_11.90_10.22.x-130kpc
-0.165757  0.038886  0.325243 2 1816_12.18_10.55.x-130kpc
-0.384515  0.375802 -0.089671 2 1823_11.98_10.57.x-130kpc
-0.348935  0.391405 -0.085076 2 1829_11.86_10.17.x-130kpc
-0.490210  0.427170 -0.059106 2 1839_11.98_10.54.x-130kpc
-0.014069  0.090330  0.096956 2 1868_11.97_10.28.x-130kpc
-0.029267  0.093437  0.139860 2 1879_11.84_10.41.x-130kpc
-0.221155  0.492844 -0.035733 2 1907_12.09_10.61.x-130kpc
-0.415237 -0.084558  0.364346 2 1959_11.83_10.09.x-130kpc
-0.396840  0.025814  0.367433 2 1967_11.87_10.11.x-130kpc
-0.176349 -0.090918  0.409237 2 2015_11.88_10.09.x-130kpc
-0.025470  0.009330  0.431897 2 2033_12.10_10.45.x-130kpc
-0.158854 -0.306009 -0.262602 2 37_12.12_10.62.x-170kpc
-0.297490 -0.217447 -0.419567 2 52_11.84_10.24.x-170kpc
-0.285738 -0.188879 -0.468488 2 68_11.77_9.789.x-170kpc
-0.055730 -0.299901 -0.376143 2 119_11.97_10.44.x-170kpc
-0.059542 -0.252486 -0.325352 2 152_11.89_10.30.x-170kpc
-0.110328 -0.306142 -0.266861 2 157_11.80_10.14.x-170kpc
-0.094913 -0.201186 -0.479334 2 186_11.89_9.962.x-170kpc
-0.031724 -0.250376 -0.250173 2 262_12.02_10.19.x-170kpc
 0.026715 -0.281933 -0.250395 2 338_12.04_10.00.x-170kpc
 0.066328 -0.275215 -0.232946 2 341_11.87_10.21.x-170kpc
 0.074263 -0.101504 -0.136480 2 363_12.00_10.39.x-170kpc
 0.300432 -0.499916 -0.263210 2 390_11.82_10.39.x-170kpc
 0.337328 -0.461847 -0.263509 2 395_12.17_10.41.x-170kpc
 0.178400 -0.447513 -0.148565 2 396_11.96_10.38.x-170kpc
 0.143737 -0.328009 -0.189137 2 400_11.78_9.918.x-170kpc
 0.345812 -0.386054 -0.394811 2 419_12.19_10.64.x-170kpc
 0.399961 -0.366809 -0.280262 2 462_11.96_10.37.x-170kpc
 0.371682 -0.317406 -0.392929 2 494_11.81_9.902.x-170kpc
 0.173883 -0.231135 -0.213594 2 527_11.82_9.752.x-170kpc
-0.319469  0.460038 -0.249371 2 606_11.93_10.28.x-170kpc
-0.139897  0.443165 -0.360604 2 612_11.78_10.23.x-170kpc
-0.204741  0.463499 -0.260425 2 631_12.10_10.63.x-170kpc
 0.081221  0.113381 -0.167049 2 649_12.06_10.58.x-170kpc
 0.132417 -0.049785 -0.324231 2 683_12.01_10.46.x-170kpc
 0.148775  0.038306 -0.460547 2 691_12.09_10.41.x-170kpc
 0.130526  0.141746 -0.151245 2 720_11.87_10.31.x-170kpc
 0.157802  0.293783 -0.232057 2 777_12.24_10.42.x-170kpc
 0.167310  0.316537 -0.227994 2 778_11.88_10.35.x-170kpc
 0.427708  0.349432 -0.361693 2 934_12.21_10.65.x-170kpc
 0.250045  0.331934 -0.245744 2 948_11.80_10.11.x-170kpc
 0.376335  0.355699 -0.238712 2 959_11.82_10.14.x-170kpc
 0.376317  0.375206 -0.318609 2 983_11.97_10.25.x-170kpc
 0.286568  0.421768 -0.198570 2 1114_12.21_10.61.x-170kpc
-0.386240 -0.423358 -0.018097 2 1156_12.06_10.55.x-170kpc
-0.276233 -0.323162  0.003851 2 1168_11.89_10.31.x-170kpc
-0.320532 -0.304112  0.059647 2 1196_11.85_10.24.x-170kpc
-0.351573 -0.296537  0.081123 2 1197_11.85_10.23.x-170kpc
-0.440399 -0.289467  0.148337 2 1201_11.78_10.15.x-170kpc
-0.373074 -0.447619  0.313363 2 1220_12.00_10.47.x-170kpc
-0.436437 -0.161205  0.361929 2 1327_11.75_9.848.x-170kpc
-0.347652 -0.173919  0.394139 2 1340_12.14_10.61.x-170kpc
-0.393892 -0.174035  0.425212 2 1342_11.75_9.936.x-170kpc
-0.196724 -0.290155 -0.019308 2 1372_12.06_10.42.x-170kpc
-0.136627 -0.462663  0.302416 2 1427_11.95_10.36.x-170kpc
-0.166995 -0.394617  0.307479 2 1435_11.76_10.09.x-170kpc
-0.189955 -0.216118  0.482233 2 1457_11.93_10.30.x-170kpc
-0.275861 -0.162023  0.424771 2 1481_11.86_10.23.x-170kpc
-0.239770 -0.186181  0.457684 2 1500_11.97_10.35.x-170kpc
-0.200045 -0.193772  0.462026 2 1505_12.00_10.43.x-170kpc
-0.039288 -0.362930  0.032114 2 1513_11.83_10.10.x-170kpc
 0.304638 -0.180016  0.100382 2 1549_11.76_10.35.x-170kpc
 0.355609 -0.160814  0.147743 2 1565_12.21_10.73.x-170kpc
 0.057613 -0.370493  0.243760 2 1566_11.88_10.41.x-170kpc
 0.368241 -0.143110  0.152016 2 1589_11.97_10.26.x-170kpc
 0.409305 -0.158942  0.201883 2 1623_12.02_10.44.x-170kpc
 0.081699 -0.344854  0.397494 2 1654_12.09_10.49.x-170kpc
 0.054097 -0.427454  0.472752 2 1656_11.82_10.37.x-170kpc
 0.345460 -0.275448  0.371650 2 1694_11.87_10.26.x-170kpc
 0.398380 -0.247882  0.357976 2 1698_12.08_10.59.x-170kpc
 0.391035 -0.220827  0.350373 2 1708_12.07_10.57.x-170kpc
 0.399909 -0.384013  0.499697 2 1719_11.91_10.37.x-170kpc
 0.402933 -0.217416  0.344985 2 1738_11.77_10.16.x-170kpc
 0.008481  0.037336 -0.118023 2 1777_12.08_10.41.x-170kpc
 0.026149  0.014249 -0.114180 2 1778_11.90_10.22.x-170kpc
-0.167357  0.038886  0.325243 2 1816_12.18_10.55.x-170kpc
-0.386115  0.375802 -0.089671 2 1823_11.98_10.57.x-170kpc
-0.350535  0.391405 -0.085076 2 1829_11.86_10.17.x-170kpc
-0.491810  0.427170 -0.059106 2 1839_11.98_10.54.x-170kpc
-0.015669  0.090330  0.096956 2 1868_11.97_10.28.x-170kpc
-0.030867  0.093437  0.139860 2 1879_11.84_10.41.x-170kpc
-0.222755  0.492844 -0.035733 2 1907_12.09_10.61.x-170kpc
-0.416837 -0.084558  0.364346 2 1959_11.83_10.09.x-170kpc
-0.398440  0.025814  0.367433 2 1967_11.87_10.11.x-170kpc
-0.177949 -0.090918  0.409237 2 2015_11.88_10.09.x-170kpc
-0.027070  0.009330  0.431897 2 2033_12.10_10.45.x-170kpc
-0.160454 -0.306009 -0.262602 2 37_12.12_10.62.x-210kpc
-0.299090 -0.217447 -0.419567 2 52_11.84_10.24.x-210kpc
-0.287338 -0.188879 -0.468488 2 68_11.77_9.789.x-210kpc
-0.057330 -0.299901 -0.376143 2 119_11.97_10.44.x-210kpc
-0.061142 -0.252486 -0.325352 2 152_11.89_10.30.x-210kpc
-0.111928 -0.306142 -0.266861 2 157_11.80_10.14.x-210kpc
-0.096513 -0.201186 -0.479334 2 186_11.89_9.962.x-210kpc
-0.033323 -0.250376 -0.250173 2 262_12.02_10.19.x-210kpc
 0.025115 -0.281933 -0.250395 2 338_12.04_10.00.x-210kpc
 0.064728 -0.275215 -0.232946 2 341_11.87_10.21.x-210kpc
 0.072663 -0.101504 -0.136480 2 363_12.00_10.39.x-210kpc
 0.298832 -0.499916 -0.263210 2 390_11.82_10.39.x-210kpc
 0.335728 -0.461847 -0.263509 2 395_12.17_10.41.x-210kpc
 0.176800 -0.447513 -0.148565 2 396_11.96_10.38.x-210kpc
 0.142137 -0.328009 -0.189137 2 400_11.78_9.918.x-210kpc
 0.344212 -0.386054 -0.394811 2 419_12.19_10.64.x-210kpc
 0.398361 -0.366809 -0.280262 2 462_11.96_10.37.x-210kpc
 0.370082 -0.317406 -0.392929 2 494_11.81_9.902.x-210kpc
 0.172283 -0.231135 -0.213594 2 527_11.82_9.752.x-210kpc
-0.321069  0.460038 -0.249371 2 606_11.93_10.28.x-210kpc
-0.141497  0.443165 -0.360604 2 612_11.78_10.23.x-210kpc
-0.206341  0.463499 -0.260425 2 631_12.10_10.63.x-210kpc
 0.079621  0.113381 -0.167049 2 649_12.06_10.58.x-210kpc
 0.130817 -0.049785 -0.324231 2 683_12.01_10.46.x-210kpc
 0.147175  0.038306 -0.460547 2 691_12.09_10.41.x-210kpc
 0.128926  0.141746 -0.151245 2 720_11.87_10.31.x-210kpc
 0.156202  0.293783 -0.232057 2 777_12.24_10.42.x-210kpc
 0.165710  0.316537 -0.227994 2 778_11.88_10.35.x-210kpc
 0.426108  0.349432 -0.361693 2 934_12.21_10.65.x-210kpc
 0.248445  0.331934 -0.245744 2 948_11.80_10.11.x-210kpc
 0.374735  0.355699 -0.238712 2 959_11.82_10.14.x-210kpc
 0.374717  0.375206 -0.318609 2 983_11.97_10.25.x-210kpc
 0.284968  0.421768 -0.198570 2 1114_12.21_10.61.x-210kpc
-0.387840 -0.423358 -0.018097 2 1156_12.06_10.55.x-210kpc
-0.277833 -0.323162  0.003851 2 1168_11.89_10.31.x-210kpc
-0.322132 -0.304112  0.059647 2 1196_11.85_10.24.x-210kpc
-0.353173 -0.296537  0.081123 2 1197_11.85_10.23.x-210kpc
-0.441999 -0.289467  0.148337 2 1201_11.78_10.15.x-210kpc
-0.374674 -0.447619  0.313363 2 1220_12.00_10.47.x-210kpc
-0.438037 -0.161205  0.361929 2 1327_11.75_9.848.x-210kpc
-0.349252 -0.173919  0.394139 2 1340_12.14_10.61.x-210kpc
-0.395492 -0.174035  0.425212 2 1342_11.75_9.936.x-210kpc
-0.198324 -0.290155 -0.019308 2 1372_12.06_10.42.x-210kpc
-0.138227 -0.462663  0.302416 2 1427_11.95_10.36.x-210kpc
-0.168595 -0.394617  0.307479 2 1435_11.76_10.09.x-210kpc
-0.191555 -0.216118  0.482233 2 1457_11.93_10.30.x-210kpc
-0.277461 -0.162023  0.424771 2 1481_11.86_10.23.x-210kpc
-0.241370 -0.186181  0.457684 2 1500_11.97_10.35.x-210kpc
-0.201645 -0.193772  0.462026 2 1505_12.00_10.43.x-210kpc
-0.040888 -0.362930  0.032114 2 1513_11.83_10.10.x-210kpc
 0.303038 -0.180016  0.100382 2 1549_11.76_10.35.x-210kpc
 0.354009 -0.160814  0.147743 2 1565_12.21_10.73.x-210kpc
 0.056013 -0.370493  0.243760 2 1566_11.88_10.41.x-210kpc
 0.366641 -0.143110  0.152016 2 1589_11.97_10.26.x-210kpc
 0.407705 -0.158942  0.201883 2 1623_12.02_10.44.x-210kpc
 0.080099 -0.344854  0.397494 2 1654_12.09_10.49.x-210kpc
 0.052497 -0.427454  0.472752 2 1656_11.82_10.37.x-210kpc
 0.343860 -0.275448  0.371650 2 1694_11.87_10.26.x-210kpc
 0.396780 -0.247882  0.357976 2 1698_12.08_10.59.x-210kpc
 0.389435 -0.220827  0.350373 2 1708_12.07_10.57.x-210kpc
 0.398309 -0.384013  0.499697 2 1719_11.91_10.37.x-210kpc
 0.401333 -0.217416  0.344985 2 1738_11.77_10.16.x-210kpc
 0.006882  0.037336 -0.118023 2 1777_12.08_10.41.x-210kpc
 0.024549  0.014249 -0.114180 2 1778_11.90_10.22.x-210kpc
-0.168957  0.038886  0.325243 2 1816_12.18_10.55.x-210kpc
-0.387715  0.375802 -0.089671 2 1823_11.98_10.57.x-210kpc
-0.352135  0.391405 -0.085076 2 1829_11.86_10.17.x-210kpc
-0.493410  0.427170 -0.059106 2 1839_11.98_10.54.x-210kpc
-0.017269  0.090330  0.096956 2 1868_11.97_10.28.x-210kpc
-0.032467  0.093437  0.139860 2 1879_11.84_10.41.x-210kpc
-0.224355  0.492844 -0.035733 2 1907_12.09_10.61.x-210kpc
-0.418437 -0.084558  0.364346 2 1959_11.83_10.09.x-210kpc
-0.400040  0.025814  0.367433 2 1967_11.87_10.11.x-210kpc
-0.179549 -0.090918  0.409237 2 2015_11.88_10.09.x-210kpc
-0.028670  0.009330  0.431897 2 2033_12.10_10.45.x-210kpc
-0.162054 -0.306009 -0.262602 2 37_12.12_10.62.x-250kpc
-0.300690 -0.217447 -0.419567 2 52_11.84_10.24.x-250kpc
-0.288938 -0.188879 -0.468488 2 68_11.77_9.789.x-250kpc
-0.058930 -0.299901 -0.376143 2 119_11.97_10.44.x-250kpc
-0.062742 -0.252486 -0.325352 2 152_11.89_10.30.x-250kpc
-0.113528 -0.306142 -0.266861 2 157_11.80_10.14.x-250kpc
-0.098113 -0.201186 -0.479334 2 186_11.89_9.962.x-250kpc
-0.034924 -0.250376 -0.250173 2 262_12.02_10.19.x-250kpc
 0.023515 -0.281933 -0.250395 2 338_12.04_10.00.x-250kpc
 0.063128 -0.275215 -0.232946 2 341_11.87_10.21.x-250kpc
 0.071063 -0.101504 -0.136480 2 363_12.00_10.39.x-250kpc
 0.297232 -0.499916 -0.263210 2 390_11.82_10.39.x-250kpc
 0.334128 -0.461847 -0.263509 2 395_12.17_10.41.x-250kpc
 0.175200 -0.447513 -0.148565 2 396_11.96_10.38.x-250kpc
 0.140537 -0.328009 -0.189137 2 400_11.78_9.918.x-250kpc
 0.342612 -0.386054 -0.394811 2 419_12.19_10.64.x-250kpc
 0.396761 -0.366809 -0.280262 2 462_11.96_10.37.x-250kpc
 0.368482 -0.317406 -0.392929 2 494_11.81_9.902.x-250kpc
 0.170683 -0.231135 -0.213594 2 527_11.82_9.752.x-250kpc
-0.322669  0.460038 -0.249371 2 606_11.93_10.28.x-250kpc
-0.143097  0.443165 -0.360604 2 612_11.78_10.23.x-250kpc
-0.207941  0.463499 -0.260425 2 631_12.10_10.63.x-250kpc
 0.078021  0.113381 -0.167049 2 649_12.06_10.58.x-250kpc
 0.129217 -0.049785 -0.324231 2 683_12.01_10.46.x-250kpc
 0.145575  0.038306 -0.460547 2 691_12.09_10.41.x-250kpc
 0.127326  0.141746 -0.151245 2 720_11.87_10.31.x-250kpc
 0.154602  0.293783 -0.232057 2 777_12.24_10.42.x-250kpc
 0.164110  0.316537 -0.227994 2 778_11.88_10.35.x-250kpc
 0.424508  0.349432 -0.361693 2 934_12.21_10.65.x-250kpc
 0.246845  0.331934 -0.245744 2 948_11.80_10.11.x-250kpc
 0.373135  0.355699 -0.238712 2 959_11.82_10.14.x-250kpc
 0.373117  0.375206 -0.318609 2 983_11.97_10.25.x-250kpc
 0.283368  0.421768 -0.198570 2 1114_12.21_10.61.x-250kpc
-0.389440 -0.423358 -0.018097 2 1156_12.06_10.55.x-250kpc
-0.279433 -0.323162  0.003851 2 1168_11.89_10.31.x-250kpc
-0.323732 -0.304112  0.059647 2 1196_11.85_10.24.x-250kpc
-0.354773 -0.296537  0.081123 2 1197_11.85_10.23.x-250kpc
-0.443599 -0.289467  0.148337 2 1201_11.78_10.15.x-250kpc
-0.376274 -0.447619  0.313363 2 1220_12.00_10.47.x-250kpc
-0.439637 -0.161205  0.361929 2 1327_11.75_9.848.x-250kpc
-0.350852 -0.173919  0.394139 2 1340_12.14_10.61.x-250kpc
-0.397092 -0.174035  0.425212 2 1342_11.75_9.936.x-250kpc
-0.199924 -0.290155 -0.019308 2 1372_12.06_10.42.x-250kpc
-0.139827 -0.462663  0.302416 2 1427_11.95_10.36.x-250kpc
-0.170195 -0.394617  0.307479 2 1435_11.76_10.09.x-250kpc
-0.193155 -0.216118  0.482233 2 1457_11.93_10.30.x-250kpc
-0.279061 -0.162023  0.424771 2 1481_11.86_10.23.x-250kpc
-0.242970 -0.186181  0.457684 2 1500_11.97_10.35.x-250kpc
-0.203245 -0.193772  0.462026 2 1505_12.00_10.43.x-250kpc
-0.042488 -0.362930  0.032114 2 1513_11.83_10.10.x-250kpc
 0.301438 -0.180016  0.100382 2 1549_11.76_10.35.x-250kpc
 0.352409 -0.160814  0.147743 2 1565_12.21_10.73.x-250kpc
 0.054413 -0.370493  0.243760 2 1566_11.88_10.41.x-250kpc
 0.365041 -0.143110  0.152016 2 1589_11.97_10.26.x-250kpc
 0.406105 -0.158942  0.201883 2 1623_12.02_10.44.x-250kpc
 0.078499 -0.344854  0.397494 2 1654_12.09_10.49.x-250kpc
 0.050897 -0.427454  0.472752 2 1656_11.82_10.37.x-250kpc
 0.342260 -0.275448  0.371650 2 1694_11.87_10.26.x-250kpc
 0.395180 -0.247882  0.357976 2 1698_12.08_10.59.x-250kpc
 0.387835 -0.220827  0.350373 2 1708_12.07_10.57.x-250kpc
 0.396709 -0.384013  0.499697 2 1719_11.91_10.37.x-250kpc
 0.399733 -0.217416  0.344985 2 1738_11.77_10.16.x-250kpc
 0.005281  0.037336 -0.118023 2 1777_12.08_10.41.x-250kpc
 0.022949  0.014249 -0.114180 2 1778_11.90_10.22.x-250kpc
-0.170557  0.038886  0.325243 2 1816_12.18_10.55.x-250kpc
-0.389315  0.375802 -0.089671 2 1823_11.98_10.57.x-250kpc
-0.353735  0.391405 -0.085076 2 1829_11.86_10.17.x-250kpc
-0.495010  0.427170 -0.059106 2 1839_11.98_10.54.x-250kpc
-0.018869  0.090330  0.096956 2 1868_11.97_10.28.x-250kpc
-0.034067  0.093437  0.139860 2 1879_11.84_10.41.x-250kpc
-0.225955  0.492844 -0.035733 2 1907_12.09_10.61.x-250kpc
-0.420037 -0.084558  0.364346 2 1959_11.83_10.09.x-250kpc
-0.401640  0.025814  0.367433 2 1967_11.87_10.11.x-250kpc
-0.181149 -0.090918  0.409237 2 2015_11.88_10.09.x-250kpc
-0.030270  0.009330  0.431897 2 2033_12.10_10.45.x-250kpc
-0.163654 -0.306009 -0.262602 2 37_12.12_10.62.x-290kpc
-0.302290 -0.217447 -0.419567 2 52_11.84_10.24.x-290kpc
-0.290538 -0.188879 -0.468488 2 68_11.77_9.789.x-290kpc
-0.060530 -0.299901 -0.376143 2 119_11.97_10.44.x-290kpc
-0.064342 -0.252486 -0.325352 2 152_11.89_10.30.x-290kpc
-0.115128 -0.306142 -0.266861 2 157_11.80_10.14.x-290kpc
-0.099713 -0.201186 -0.479334 2 186_11.89_9.962.x-290kpc
-0.036524 -0.250376 -0.250173 2 262_12.02_10.19.x-290kpc
 0.021915 -0.281933 -0.250395 2 338_12.04_10.00.x-290kpc
 0.061528 -0.275215 -0.232946 2 341_11.87_10.21.x-290kpc
 0.069463 -0.101504 -0.136480 2 363_12.00_10.39.x-290kpc
 0.295632 -0.499916 -0.263210 2 390_11.82_10.39.x-290kpc
 0.332528 -0.461847 -0.263509 2 395_12.17_10.41.x-290kpc
 0.173600 -0.447513 -0.148565 2 396_11.96_10.38.x-290kpc
 0.138937 -0.328009 -0.189137 2 400_11.78_9.918.x-290kpc
 0.341012 -0.386054 -0.394811 2 419_12.19_10.64.x-290kpc
 0.395161 -0.366809 -0.280262 2 462_11.96_10.37.x-290kpc
 0.366882 -0.317406 -0.392929 2 494_11.81_9.902.x-290kpc
 0.169083 -0.231135 -0.213594 2 527_11.82_9.752.x-290kpc
-0.324269  0.460038 -0.249371 2 606_11.93_10.28.x-290kpc
-0.144697  0.443165 -0.360604 2 612_11.78_10.23.x-290kpc
-0.209541  0.463499 -0.260425 2 631_12.10_10.63.x-290kpc
 0.076421  0.113381 -0.167049 2 649_12.06_10.58.x-290kpc
 0.127617 -0.049785 -0.324231 2 683_12.01_10.46.x-290kpc
 0.143975  0.038306 -0.460547 2 691_12.09_10.41.x-290kpc
 0.125726  0.141746 -0.151245 2 720_11.87_10.31.x-290kpc
 0.153002  0.293783 -0.232057 2 777_12.24_10.42.x-290kpc
 0.162510  0.316537 -0.227994 2 778_11.88_10.35.x-290kpc
 0.422908  0.349432 -0.361693 2 934_12.21_10.65.x-290kpc
 0.245245  0.331934 -0.245744 2 948_11.80_10.11.x-290kpc
 0.371535  0.355699 -0.238712 2 959_11.82_10.14.x-290kpc
 0.371517  0.375206 -0.318609 2 983_11.97_10.25.x-290kpc
 0.281768  0.421768 -0.198570 2 1114_12.21_10.61.x-290kpc
-0.391040 -0.423358 -0.018097 2 1156_12.06_10.55.x-290kpc
-0.281033 -0.323162  0.003851 2 1168_11.89_10.31.x-290kpc
-0.325332 -0.304112  0.059647 2 1196_11.85_10.24.x-290kpc
-0.356373 -0.296537  0.081123 2 1197_11.85_10.23.x-290kpc
-0.445199 -0.289467  0.148337 2 1201_11.78_10.15.x-290kpc
-0.377874 -0.447619  0.313363 2 1220_12.00_10.47.x-290kpc
-0.441237 -0.161205  0.361929 2 1327_11.75_9.848.x-290kpc
-0.352452 -0.173919  0.394139 2 1340_12.14_10.61.x-290kpc
-0.398692 -0.174035  0.425212 2 1342_11.75_9.936.x-290kpc
-0.201524 -0.290155 -0.019308 2 1372_12.06_10.42.x-290kpc
-0.141427 -0.462663  0.302416 2 1427_11.95_10.36.x-290kpc
-0.171795 -0.394617  0.307479 2 1435_11.76_10.09.x-290kpc
-0.194755 -0.216118  0.482233 2 1457_11.93_10.30.x-290kpc
-0.280661 -0.162023  0.424771 2 1481_11.86_10.23.x-290kpc
-0.244570 -0.186181  0.457684 2 1500_11.97_10.35.x-290kpc
-0.204845 -0.193772  0.462026 2 1505_12.00_10.43.x-290kpc
-0.044088 -0.362930  0.032114 2 1513_11.83_10.10.x-290kpc
 0.299838 -0.180016  0.100382 2 1549_11.76_10.35.x-290kpc
 0.350809 -0.160814  0.147743 2 1565_12.21_10.73.x-290kpc
 0.052813 -0.370493  0.243760 2 1566_11.88_10.41.x-290kpc
 0.363441 -0.143110  0.152016 2 1589_11.97_10.26.x-290kpc
 0.404505 -0.158942  0.201883 2 1623_12.02_10.44.x-290kpc
 0.076899 -0.344854  0.397494 2 1654_12.09_10.49.x-290kpc
 0.049297 -0.427454  0.472752 2 1656_11.82_10.37.x-290kpc
 0.340660 -0.275448  0.371650 2 1694_11.87_10.26.x-290kpc
 0.393580 -0.247882  0.357976 2 1698_12.08_10.59.x-290kpc
 0.386235 -0.220827  0.350373 2 1708_12.07_10.57.x-290kpc
 0.395109 -0.384013  0.499697 2 1719_11.91_10.37.x-290kpc
 0.398133 -0.217416  0.344985 2 1738_11.77_10.16.x-290kpc
 0.003682  0.037336 -0.118023 2 1777_12.08_10.41.x-290kpc
 0.021349  0.014249 -0.114180 2 1778_11.90_10.22.x-290kpc
-0.172157  0.038886  0.325243 2 1816_12.18_10.55.x-290kpc
-0.390915  0.375802 -0.089671 2 1823_11.98_10.57.x-290kpc
-0.355335  0.391405 -0.085076 2 1829_11.86_10.17.x-290kpc
-0.496610  0.427170 -0.059106 2 1839_11.98_10.54.x-290kpc
-0.020469  0.090330  0.096956 2 1868_11.97_10.28.x-290kpc
-0.035667  0.093437  0.139860 2 1879_11.84_10.41.x-290kpc
-0.227555  0.492844 -0.035733 2 1907_12.09_10.61.x-290kpc
-0.421637 -0.084558  0.364346 2 1959_11.83_10.09.x-290kpc
-0.403240  0.025814  0.367433 2 1967_11.87_10.11.x-290kpc
-0.182749 -0.090918  0.409237 2 2015_11.88_10.09.x-290kpc
-0.031870  0.009330  0.431897 2 2033_12.10_10.45.x-290kpc
