-0.288626 -0.216329 -0.419041 2 8_11.83_10.25.y-10kpc
-0.278829 -0.188581 -0.468647 2 19_11.77_9.934.y-10kpc
-0.151312 -0.306198 -0.263022 2 84_12.13_10.74.y-10kpc
-0.048737 -0.299865 -0.375889 2 99_11.97_10.39.y-10kpc
-0.052249 -0.252730 -0.324501 2 112_11.91_10.33.y-10kpc
-0.103456 -0.306429 -0.266893 2 153_11.82_10.19.y-10kpc
-0.024313 -0.249117 -0.249652 2 245_12.00_10.15.y-10kpc
 0.033843 -0.282131 -0.250115 2 321_12.07_9.916.y-10kpc
 0.072925 -0.275744 -0.232618 2 325_11.89_10.15.y-10kpc
 0.378811 -0.317109 -0.392897 2 397_11.82_9.966.y-10kpc
 0.307298  0.499922 -0.263609 2 418_11.83_10.44.y-10kpc
 0.344038 -0.462808 -0.263513 2 431_12.17_10.39.y-10kpc
 0.151308 -0.328111 -0.188466 2 433_11.77_9.873.y-10kpc
 0.185649 -0.447662 -0.148137 2 434_11.97_10.39.y-10kpc
 0.181524 -0.231161 -0.214402 2 463_11.82_9.800.y-10kpc
 0.407959 -0.366283 -0.279335 2 502_11.96_10.40.y-10kpc
 0.088213  0.113436 -0.166674 2 555_12.05_10.64.y-10kpc
-0.312443  0.460217 -0.248965 2 587_11.92_10.33.y-10kpc
-0.133257  0.442907 -0.361409 2 600_11.80_10.15.y-10kpc
-0.197213  0.463044 -0.260147 2 612_12.11_10.71.y-10kpc
 0.139391 -0.049827 -0.324262 2 642_12.01_10.33.y-10kpc
 0.156518  0.038350 -0.460981 2 649_12.03_10.48.y-10kpc
 0.137418  0.142353 -0.151452 2 663_11.88_10.39.y-10kpc
 0.164063  0.293975 -0.232133 2 716_11.99_10.49.y-10kpc
 0.173638  0.314845 -0.227927 2 717_11.88_10.25.y-10kpc
 0.256130  0.332359 -0.245307 2 814_11.80_9.878.y-10kpc
 0.434716  0.349141 -0.361694 2 840_12.22_10.65.y-10kpc
 0.383285  0.376438 -0.319017 2 859_11.97_10.33.y-10kpc
 0.384358  0.355963 -0.238142 2 863_11.81_10.10.y-10kpc
 0.294037  0.421586 -0.198279 2 968_12.23_10.62.y-10kpc
-0.379453 -0.423555 -0.018373 2 999_12.07_10.39.y-10kpc
-0.313032 -0.305127  0.060105 2 1012_11.83_10.17.y-10kpc
-0.344324 -0.296871  0.081346 2 1014_11.87_10.29.y-10kpc
-0.269331 -0.323211  0.004231 2 1017_11.90_10.33.y-10kpc
-0.433346 -0.289351  0.149077 2 1027_11.78_10.32.y-10kpc
-0.366791 -0.448066  0.313809 2 1029_12.00_10.44.y-10kpc
-0.429597 -0.161629  0.362184 2 1140_11.76_9.903.y-10kpc
-0.340838 -0.174297  0.394395 2 1150_12.14_10.60.y-10kpc
-0.270005 -0.162708  0.425088 2 1164_11.87_10.24.y-10kpc
-0.189064 -0.290033 -0.018992 2 1184_12.07_10.43.y-10kpc
-0.128218 -0.462119  0.302790 2 1245_11.95_10.39.y-10kpc
-0.159825 -0.395006  0.308357 2 1246_11.76_10.18.y-10kpc
-0.181993 -0.216783  0.483305 2 1269_11.95_10.31.y-10kpc
-0.232734 -0.186679  0.458300 2 1307_11.98_10.35.y-10kpc
-0.192250 -0.194736  0.462531 2 1309_12.01_10.47.y-10kpc
-0.032371 -0.363321  0.032550 2 1334_11.82_10.20.y-10kpc
 0.375097 -0.143066  0.152442 2 1366_11.97_10.27.y-10kpc
 0.416618 -0.159098  0.202643 2 1392_12.04_10.58.y-10kpc
 0.065352 -0.371246  0.244655 2 1421_11.88_10.36.y-10kpc
 0.061084 -0.428566  0.473632 2 1422_11.83_10.33.y-10kpc
 0.088160 -0.344743  0.397555 2 1425_12.09_10.39.y-10kpc
 0.353449 -0.276016  0.371189 2 1448_11.88_10.18.y-10kpc
 0.177159 -0.323268  0.372225 2 1450_11.76_10.34.y-10kpc
 0.405520 -0.248056  0.358197 2 1465_12.09_10.66.y-10kpc
 0.407911 -0.384126  0.499865 2 1472_11.91_10.25.y-10kpc
 0.410179 -0.218361  0.345486 2 1480_11.78_10.18.y-10kpc
 0.398285 -0.221279  0.350363 2 1483_12.07_10.56.y-10kpc
-0.486356  0.426840 -0.058488 2 1529_12.02_10.56.y-10kpc
-0.379353  0.376369 -0.088577 2 1532_11.99_10.65.y-10kpc
-0.343510  0.391395 -0.084015 2 1533_11.87_10.20.y-10kpc
-0.215109  0.492671 -0.035642 2 1537_12.09_10.66.y-10kpc
 0.082153 -0.100775 -0.135446 2 1568_12.02_10.43.y-10kpc
 0.033774  0.014833 -0.113701 2 1583_11.89_10.37.y-10kpc
 0.015599  0.037710 -0.117365 2 1617_12.10_10.55.y-10kpc
-0.008043  0.089490  0.096972 2 1629_11.97_10.33.y-10kpc
-0.023796  0.092782  0.140723 2 1630_11.84_10.34.y-10kpc
-0.160300  0.038504  0.325582 2 1657_12.19_10.56.y-10kpc
-0.409822 -0.082975  0.364887 2 1695_11.84_10.20.y-10kpc
-0.392288  0.025821  0.367237 2 1717_11.85_9.963.y-10kpc
-0.170603 -0.091132  0.410199 2 1781_11.89_10.13.y-10kpc
-0.020505  0.009676  0.433248 2 1796_12.11_10.50.y-10kpc
-0.305530  0.344860  0.486838 2 1825_12.04_10.52.y-10kpc
-0.207613  0.270244  0.336471 2 1827_12.02_10.47.y-10kpc
-0.244293  0.251110  0.373659 2 1832_11.75_10.07.y-10kpc
 0.066872  0.266917  0.498361 2 1857_11.86_10.32.y-10kpc
-0.288626 -0.217929 -0.419041 2 8_11.83_10.25.y-50kpc
-0.278829 -0.190181 -0.468647 2 19_11.77_9.934.y-50kpc
-0.151312 -0.307798 -0.263022 2 84_12.13_10.74.y-50kpc
-0.048737 -0.301465 -0.375889 2 99_11.97_10.39.y-50kpc
-0.052249 -0.254330 -0.324501 2 112_11.91_10.33.y-50kpc
-0.103456 -0.308029 -0.266893 2 153_11.82_10.19.y-50kpc
-0.024313 -0.250717 -0.249652 2 245_12.00_10.15.y-50kpc
 0.033843 -0.283731 -0.250115 2 321_12.07_9.916.y-50kpc
 0.072925 -0.277344 -0.232618 2 325_11.89_10.15.y-50kpc
 0.378811 -0.318709 -0.392897 2 397_11.82_9.966.y-50kpc
 0.307298  0.498322 -0.263609 2 418_11.83_10.44.y-50kpc
 0.344038 -0.464408 -0.263513 2 431_12.17_10.39.y-50kpc
 0.151308 -0.329711 -0.188466 2 433_11.77_9.873.y-50kpc
 0.185649 -0.449262 -0.148137 2 434_11.97_10.39.y-50kpc
 0.181524 -0.232761 -0.214402 2 463_11.82_9.800.y-50kpc
 0.407959 -0.367883 -0.279335 2 502_11.96_10.40.y-50kpc
 0.088213  0.111836 -0.166674 2 555_12.05_10.64.y-50kpc
-0.312443  0.458617 -0.248965 2 587_11.92_10.33.y-50kpc
-0.133257  0.441307 -0.361409 2 600_11.80_10.15.y-50kpc
-0.197213  0.461444 -0.260147 2 612_12.11_10.71.y-50kpc
 0.139391 -0.051427 -0.324262 2 642_12.01_10.33.y-50kpc
 0.156518  0.036750 -0.460981 2 649_12.03_10.48.y-50kpc
 0.137418  0.140753 -0.151452 2 663_11.88_10.39.y-50kpc
 0.164063  0.292375 -0.232133 2 716_11.99_10.49.y-50kpc
 0.173638  0.313245 -0.227927 2 717_11.88_10.25.y-50kpc
 0.256130  0.330759 -0.245307 2 814_11.80_9.878.y-50kpc
 0.434716  0.347541 -0.361694 2 840_12.22_10.65.y-50kpc
 0.383285  0.374838 -0.319017 2 859_11.97_10.33.y-50kpc
 0.384358  0.354363 -0.238142 2 863_11.81_10.10.y-50kpc
 0.294037  0.419986 -0.198279 2 968_12.23_10.62.y-50kpc
-0.379453 -0.425155 -0.018373 2 999_12.07_10.39.y-50kpc
-0.313032 -0.306727  0.060105 2 1012_11.83_10.17.y-50kpc
-0.344324 -0.298471  0.081346 2 1014_11.87_10.29.y-50kpc
-0.269331 -0.324811  0.004231 2 1017_11.90_10.33.y-50kpc
-0.433346 -0.290951  0.149077 2 1027_11.78_10.32.y-50kpc
-0.366791 -0.449666  0.313809 2 1029_12.00_10.44.y-50kpc
-0.429597 -0.163229  0.362184 2 1140_11.76_9.903.y-50kpc
-0.340838 -0.175897  0.394395 2 1150_12.14_10.60.y-50kpc
-0.270005 -0.164308  0.425088 2 1164_11.87_10.24.y-50kpc
-0.189064 -0.291633 -0.018992 2 1184_12.07_10.43.y-50kpc
-0.128218 -0.463719  0.302790 2 1245_11.95_10.39.y-50kpc
-0.159825 -0.396606  0.308357 2 1246_11.76_10.18.y-50kpc
-0.181993 -0.218383  0.483305 2 1269_11.95_10.31.y-50kpc
-0.232734 -0.188279  0.458300 2 1307_11.98_10.35.y-50kpc
-0.192250 -0.196336  0.462531 2 1309_12.01_10.47.y-50kpc
-0.032371 -0.364921  0.032550 2 1334_11.82_10.20.y-50kpc
 0.375097 -0.144666  0.152442 2 1366_11.97_10.27.y-50kpc
 0.416618 -0.160698  0.202643 2 1392_12.04_10.58.y-50kpc
 0.065352 -0.372846  0.244655 2 1421_11.88_10.36.y-50kpc
 0.061084 -0.430166  0.473632 2 1422_11.83_10.33.y-50kpc
 0.088160 -0.346343  0.397555 2 1425_12.09_10.39.y-50kpc
 0.353449 -0.277616  0.371189 2 1448_11.88_10.18.y-50kpc
 0.177159 -0.324868  0.372225 2 1450_11.76_10.34.y-50kpc
 0.405520 -0.249656  0.358197 2 1465_12.09_10.66.y-50kpc
 0.407911 -0.385726  0.499865 2 1472_11.91_10.25.y-50kpc
 0.410179 -0.219961  0.345486 2 1480_11.78_10.18.y-50kpc
 0.398285 -0.222879  0.350363 2 1483_12.07_10.56.y-50kpc
-0.486356  0.425240 -0.058488 2 1529_12.02_10.56.y-50kpc
-0.379353  0.374769 -0.088577 2 1532_11.99_10.65.y-50kpc
-0.343510  0.389795 -0.084015 2 1533_11.87_10.20.y-50kpc
-0.215109  0.491071 -0.035642 2 1537_12.09_10.66.y-50kpc
 0.082153 -0.102375 -0.135446 2 1568_12.02_10.43.y-50kpc
 0.033774  0.013233 -0.113701 2 1583_11.89_10.37.y-50kpc
 0.015599  0.036110 -0.117365 2 1617_12.10_10.55.y-50kpc
-0.008043  0.087890  0.096972 2 1629_11.97_10.33.y-50kpc
-0.023796  0.091182  0.140723 2 1630_11.84_10.34.y-50kpc
-0.160300  0.036904  0.325582 2 1657_12.19_10.56.y-50kpc
-0.409822 -0.084575  0.364887 2 1695_11.84_10.20.y-50kpc
-0.392288  0.024221  0.367237 2 1717_11.85_9.963.y-50kpc
-0.170603 -0.092732  0.410199 2 1781_11.89_10.13.y-50kpc
-0.020505  0.008076  0.433248 2 1796_12.11_10.50.y-50kpc
-0.305530  0.343260  0.486838 2 1825_12.04_10.52.y-50kpc
-0.207613  0.268644  0.336471 2 1827_12.02_10.47.y-50kpc
-0.244293  0.249510  0.373659 2 1832_11.75_10.07.y-50kpc
 0.066872  0.265317  0.498361 2 1857_11.86_10.32.y-50kpc
-0.288626 -0.219529 -0.419041 2 8_11.83_10.25.y-90kpc
-0.278829 -0.191781 -0.468647 2 19_11.77_9.934.y-90kpc
-0.151312 -0.309398 -0.263022 2 84_12.13_10.74.y-90kpc
-0.048737 -0.303065 -0.375889 2 99_11.97_10.39.y-90kpc
-0.052249 -0.255930 -0.324501 2 112_11.91_10.33.y-90kpc
-0.103456 -0.309629 -0.266893 2 153_11.82_10.19.y-90kpc
-0.024313 -0.252317 -0.249652 2 245_12.00_10.15.y-90kpc
 0.033843 -0.285331 -0.250115 2 321_12.07_9.916.y-90kpc
 0.072925 -0.278944 -0.232618 2 325_11.89_10.15.y-90kpc
 0.378811 -0.320309 -0.392897 2 397_11.82_9.966.y-90kpc
 0.307298  0.496722 -0.263609 2 418_11.83_10.44.y-90kpc
 0.344038 -0.466008 -0.263513 2 431_12.17_10.39.y-90kpc
 0.151308 -0.331311 -0.188466 2 433_11.77_9.873.y-90kpc
 0.185649 -0.450862 -0.148137 2 434_11.97_10.39.y-90kpc
 0.181524 -0.234361 -0.214402 2 463_11.82_9.800.y-90kpc
 0.407959 -0.369483 -0.279335 2 502_11.96_10.40.y-90kpc
 0.088213  0.110236 -0.166674 2 555_12.05_10.64.y-90kpc
-0.312443  0.457017 -0.248965 2 587_11.92_10.33.y-90kpc
-0.133257  0.439707 -0.361409 2 600_11.80_10.15.y-90kpc
-0.197213  0.459844 -0.260147 2 612_12.11_10.71.y-90kpc
 0.139391 -0.053027 -0.324262 2 642_12.01_10.33.y-90kpc
 0.156518  0.035150 -0.460981 2 649_12.03_10.48.y-90kpc
 0.137418  0.139153 -0.151452 2 663_11.88_10.39.y-90kpc
 0.164063  0.290775 -0.232133 2 716_11.99_10.49.y-90kpc
 0.173638  0.311645 -0.227927 2 717_11.88_10.25.y-90kpc
 0.256130  0.329159 -0.245307 2 814_11.80_9.878.y-90kpc
 0.434716  0.345941 -0.361694 2 840_12.22_10.65.y-90kpc
 0.383285  0.373238 -0.319017 2 859_11.97_10.33.y-90kpc
 0.384358  0.352763 -0.238142 2 863_11.81_10.10.y-90kpc
 0.294037  0.418386 -0.198279 2 968_12.23_10.62.y-90kpc
-0.379453 -0.426755 -0.018373 2 999_12.07_10.39.y-90kpc
-0.313032 -0.308327  0.060105 2 1012_11.83_10.17.y-90kpc
-0.344324 -0.300071  0.081346 2 1014_11.87_10.29.y-90kpc
-0.269331 -0.326411  0.004231 2 1017_11.90_10.33.y-90kpc
-0.433346 -0.292551  0.149077 2 1027_11.78_10.32.y-90kpc
-0.366791 -0.451266  0.313809 2 1029_12.00_10.44.y-90kpc
-0.429597 -0.164829  0.362184 2 1140_11.76_9.903.y-90kpc
-0.340838 -0.177497  0.394395 2 1150_12.14_10.60.y-90kpc
-0.270005 -0.165908  0.425088 2 1164_11.87_10.24.y-90kpc
-0.189064 -0.293233 -0.018992 2 1184_12.07_10.43.y-90kpc
-0.128218 -0.465319  0.302790 2 1245_11.95_10.39.y-90kpc
-0.159825 -0.398206  0.308357 2 1246_11.76_10.18.y-90kpc
-0.181993 -0.219983  0.483305 2 1269_11.95_10.31.y-90kpc
-0.232734 -0.189879  0.458300 2 1307_11.98_10.35.y-90kpc
-0.192250 -0.197936  0.462531 2 1309_12.01_10.47.y-90kpc
-0.032371 -0.366521  0.032550 2 1334_11.82_10.20.y-90kpc
 0.375097 -0.146266  0.152442 2 1366_11.97_10.27.y-90kpc
 0.416618 -0.162298  0.202643 2 1392_12.04_10.58.y-90kpc
 0.065352 -0.374446  0.244655 2 1421_11.88_10.36.y-90kpc
 0.061084 -0.431766  0.473632 2 1422_11.83_10.33.y-90kpc
 0.088160 -0.347943  0.397555 2 1425_12.09_10.39.y-90kpc
 0.353449 -0.279216  0.371189 2 1448_11.88_10.18.y-90kpc
 0.177159 -0.326468  0.372225 2 1450_11.76_10.34.y-90kpc
 0.405520 -0.251256  0.358197 2 1465_12.09_10.66.y-90kpc
 0.407911 -0.387326  0.499865 2 1472_11.91_10.25.y-90kpc
 0.410179 -0.221561  0.345486 2 1480_11.78_10.18.y-90kpc
 0.398285 -0.224479  0.350363 2 1483_12.07_10.56.y-90kpc
-0.486356  0.423640 -0.058488 2 1529_12.02_10.56.y-90kpc
-0.379353  0.373169 -0.088577 2 1532_11.99_10.65.y-90kpc
-0.343510  0.388195 -0.084015 2 1533_11.87_10.20.y-90kpc
-0.215109  0.489471 -0.035642 2 1537_12.09_10.66.y-90kpc
 0.082153 -0.103975 -0.135446 2 1568_12.02_10.43.y-90kpc
 0.033774  0.011633 -0.113701 2 1583_11.89_10.37.y-90kpc
 0.015599  0.034510 -0.117365 2 1617_12.10_10.55.y-90kpc
-0.008043  0.086290  0.096972 2 1629_11.97_10.33.y-90kpc
-0.023796  0.089582  0.140723 2 1630_11.84_10.34.y-90kpc
-0.160300  0.035304  0.325582 2 1657_12.19_10.56.y-90kpc
-0.409822 -0.086176  0.364887 2 1695_11.84_10.20.y-90kpc
-0.392288  0.022621  0.367237 2 1717_11.85_9.963.y-90kpc
-0.170603 -0.094332  0.410199 2 1781_11.89_10.13.y-90kpc
-0.020505  0.006476  0.433248 2 1796_12.11_10.50.y-90kpc
-0.305530  0.341660  0.486838 2 1825_12.04_10.52.y-90kpc
-0.207613  0.267044  0.336471 2 1827_12.02_10.47.y-90kpc
-0.244293  0.247910  0.373659 2 1832_11.75_10.07.y-90kpc
 0.066872  0.263717  0.498361 2 1857_11.86_10.32.y-90kpc
-0.288626 -0.221129 -0.419041 2 8_11.83_10.25.y-130kpc
-0.278829 -0.193381 -0.468647 2 19_11.77_9.934.y-130kpc
-0.151312 -0.310998 -0.263022 2 84_12.13_10.74.y-130kpc
-0.048737 -0.304665 -0.375889 2 99_11.97_10.39.y-130kpc
-0.052249 -0.257530 -0.324501 2 112_11.91_10.33.y-130kpc
-0.103456 -0.311229 -0.266893 2 153_11.82_10.19.y-130kpc
-0.024313 -0.253917 -0.249652 2 245_12.00_10.15.y-130kpc
 0.033843 -0.286931 -0.250115 2 321_12.07_9.916.y-130kpc
 0.072925 -0.280544 -0.232618 2 325_11.89_10.15.y-130kpc
 0.378811 -0.321909 -0.392897 2 397_11.82_9.966.y-130kpc
 0.307298  0.495122 -0.263609 2 418_11.83_10.44.y-130kpc
 0.344038 -0.467608 -0.263513 2 431_12.17_10.39.y-130kpc
 0.151308 -0.332911 -0.188466 2 433_11.77_9.873.y-130kpc
 0.185649 -0.452462 -0.148137 2 434_11.97_10.39.y-130kpc
 0.181524 -0.235961 -0.214402 2 463_11.82_9.800.y-130kpc
 0.407959 -0.371083 -0.279335 2 502_11.96_10.40.y-130kpc
 0.088213  0.108636 -0.166674 2 555_12.05_10.64.y-130kpc
-0.312443  0.455417 -0.248965 2 587_11.92_10.33.y-130kpc
-0.133257  0.438107 -0.361409 2 600_11.80_10.15.y-130kpc
-0.197213  0.458244 -0.260147 2 612_12.11_10.71.y-130kpc
 0.139391 -0.054627 -0.324262 2 642_12.01_10.33.y-130kpc
 0.156518  0.033550 -0.460981 2 649_12.03_10.48.y-130kpc
 0.137418  0.137553 -0.151452 2 663_11.88_10.39.y-130kpc
 0.164063  0.289175 -0.232133 2 716_11.99_10.49.y-130kpc
 0.173638  0.310045 -0.227927 2 717_11.88_10.25.y-130kpc
 0.256130  0.327559 -0.245307 2 814_11.80_9.878.y-130kpc
 0.434716  0.344341 -0.361694 2 840_12.22_10.65.y-130kpc
 0.383285  0.371638 -0.319017 2 859_11.97_10.33.y-130kpc
 0.384358  0.351163 -0.238142 2 863_11.81_10.10.y-130kpc
 0.294037  0.416786 -0.198279 2 968_12.23_10.62.y-130kpc
-0.379453 -0.428355 -0.018373 2 999_12.07_10.39.y-130kpc
-0.313032 -0.309927  0.060105 2 1012_11.83_10.17.y-130kpc
-0.344324 -0.301671  0.081346 2 1014_11.87_10.29.y-130kpc
-0.269331 -0.328011  0.004231 2 1017_11.90_10.33.y-130kpc
-0.433346 -0.294151  0.149077 2 1027_11.78_10.32.y-130kpc
-0.366791 -0.452866  0.313809 2 1029_12.00_10.44.y-130kpc
-0.429597 -0.166429  0.362184 2 1140_11.76_9.903.y-130kpc
-0.340838 -0.179097  0.394395 2 1150_12.14_10.60.y-130kpc
-0.270005 -0.167508  0.425088 2 1164_11.87_10.24.y-130kpc
-0.189064 -0.294833 -0.018992 2 1184_12.07_10.43.y-130kpc
-0.128218 -0.466919  0.302790 2 1245_11.95_10.39.y-130kpc
-0.159825 -0.399806  0.308357 2 1246_11.76_10.18.y-130kpc
-0.181993 -0.221583  0.483305 2 1269_11.95_10.31.y-130kpc
-0.232734 -0.191479  0.458300 2 1307_11.98_10.35.y-130kpc
-0.192250 -0.199536  0.462531 2 1309_12.01_10.47.y-130kpc
-0.032371 -0.368121  0.032550 2 1334_11.82_10.20.y-130kpc
 0.375097 -0.147866  0.152442 2 1366_11.97_10.27.y-130kpc
 0.416618 -0.163898  0.202643 2 1392_12.04_10.58.y-130kpc
 0.065352 -0.376046  0.244655 2 1421_11.88_10.36.y-130kpc
 0.061084 -0.433366  0.473632 2 1422_11.83_10.33.y-130kpc
 0.088160 -0.349543  0.397555 2 1425_12.09_10.39.y-130kpc
 0.353449 -0.280816  0.371189 2 1448_11.88_10.18.y-130kpc
 0.177159 -0.328068  0.372225 2 1450_11.76_10.34.y-130kpc
 0.405520 -0.252856  0.358197 2 1465_12.09_10.66.y-130kpc
 0.407911 -0.388926  0.499865 2 1472_11.91_10.25.y-130kpc
 0.410179 -0.223161  0.345486 2 1480_11.78_10.18.y-130kpc
 0.398285 -0.226079  0.350363 2 1483_12.07_10.56.y-130kpc
-0.486356  0.422040 -0.058488 2 1529_12.02_10.56.y-130kpc
-0.379353  0.371569 -0.088577 2 1532_11.99_10.65.y-130kpc
-0.343510  0.386595 -0.084015 2 1533_11.87_10.20.y-130kpc
-0.215109  0.487871 -0.035642 2 1537_12.09_10.66.y-130kpc
 0.082153 -0.105575 -0.135446 2 1568_12.02_10.43.y-130kpc
 0.033774  0.010033 -0.113701 2 1583_11.89_10.37.y-130kpc
 0.015599  0.032910 -0.117365 2 1617_12.10_10.55.y-130kpc
-0.008043  0.084690  0.096972 2 1629_11.97_10.33.y-130kpc
-0.023796  0.087982  0.140723 2 1630_11.84_10.34.y-130kpc
-0.160300  0.033704  0.325582 2 1657_12.19_10.56.y-130kpc
-0.409822 -0.087775  0.364887 2 1695_11.84_10.20.y-130kpc
-0.392288  0.021021  0.367237 2 1717_11.85_9.963.y-130kpc
-0.170603 -0.095932  0.410199 2 1781_11.89_10.13.y-130kpc
-0.020505  0.004876  0.433248 2 1796_12.11_10.50.y-130kpc
-0.305530  0.340060  0.486838 2 1825_12.04_10.52.y-130kpc
-0.207613  0.265444  0.336471 2 1827_12.02_10.47.y-130kpc
-0.244293  0.246310  0.373659 2 1832_11.75_10.07.y-130kpc
 0.066872  0.262117  0.498361 2 1857_11.86_10.32.y-130kpc
-0.288626 -0.222729 -0.419041 2 8_11.83_10.25.y-170kpc
-0.278829 -0.194981 -0.468647 2 19_11.77_9.934.y-170kpc
-0.151312 -0.312598 -0.263022 2 84_12.13_10.74.y-170kpc
-0.048737 -0.306265 -0.375889 2 99_11.97_10.39.y-170kpc
-0.052249 -0.259130 -0.324501 2 112_11.91_10.33.y-170kpc
-0.103456 -0.312829 -0.266893 2 153_11.82_10.19.y-170kpc
-0.024313 -0.255517 -0.249652 2 245_12.00_10.15.y-170kpc
 0.033843 -0.288531 -0.250115 2 321_12.07_9.916.y-170kpc
 0.072925 -0.282144 -0.232618 2 325_11.89_10.15.y-170kpc
 0.378811 -0.323509 -0.392897 2 397_11.82_9.966.y-170kpc
 0.307298  0.493522 -0.263609 2 418_11.83_10.44.y-170kpc
 0.344038 -0.469208 -0.263513 2 431_12.17_10.39.y-170kpc
 0.151308 -0.334511 -0.188466 2 433_11.77_9.873.y-170kpc
 0.185649 -0.454062 -0.148137 2 434_11.97_10.39.y-170kpc
 0.181524 -0.237561 -0.214402 2 463_11.82_9.800.y-170kpc
 0.407959 -0.372683 -0.279335 2 502_11.96_10.40.y-170kpc
 0.088213  0.107036 -0.166674 2 555_12.05_10.64.y-170kpc
-0.312443  0.453817 -0.248965 2 587_11.92_10.33.y-170kpc
-0.133257  0.436507 -0.361409 2 600_11.80_10.15.y-170kpc
-0.197213  0.456644 -0.260147 2 612_12.11_10.71.y-170kpc
 0.139391 -0.056227 -0.324262 2 642_12.01_10.33.y-170kpc
 0.156518  0.031950 -0.460981 2 649_12.03_10.48.y-170kpc
 0.137418  0.135953 -0.151452 2 663_11.88_10.39.y-170kpc
 0.164063  0.287575 -0.232133 2 716_11.99_10.49.y-170kpc
 0.173638  0.308445 -0.227927 2 717_11.88_10.25.y-170kpc
 0.256130  0.325959 -0.245307 2 814_11.80_9.878.y-170kpc
 0.434716  0.342741 -0.361694 2 840_12.22_10.65.y-170kpc
 0.383285  0.370038 -0.319017 2 859_11.97_10.33.y-170kpc
 0.384358  0.349563 -0.238142 2 863_11.81_10.10.y-170kpc
 0.294037  0.415186 -0.198279 2 968_12.23_10.62.y-170kpc
-0.379453 -0.429955 -0.018373 2 999_12.07_10.39.y-170kpc
-0.313032 -0.311527  0.060105 2 1012_11.83_10.17.y-170kpc
-0.344324 -0.303271  0.081346 2 1014_11.87_10.29.y-170kpc
-0.269331 -0.329611  0.004231 2 1017_11.90_10.33.y-170kpc
-0.433346 -0.295751  0.149077 2 1027_11.78_10.32.y-170kpc
-0.366791 -0.454466  0.313809 2 1029_12.00_10.44.y-170kpc
-0.429597 -0.168029  0.362184 2 1140_11.76_9.903.y-170kpc
-0.340838 -0.180697  0.394395 2 1150_12.14_10.60.y-170kpc
-0.270005 -0.169108  0.425088 2 1164_11.87_10.24.y-170kpc
-0.189064 -0.296433 -0.018992 2 1184_12.07_10.43.y-170kpc
-0.128218 -0.468519  0.302790 2 1245_11.95_10.39.y-170kpc
-0.159825 -0.401406  0.308357 2 1246_11.76_10.18.y-170kpc
-0.181993 -0.223183  0.483305 2 1269_11.95_10.31.y-170kpc
-0.232734 -0.193079  0.458300 2 1307_11.98_10.35.y-170kpc
-0.192250 -0.201136  0.462531 2 1309_12.01_10.47.y-170kpc
-0.032371 -0.369721  0.032550 2 1334_11.82_10.20.y-170kpc
 0.375097 -0.149466  0.152442 2 1366_11.97_10.27.y-170kpc
 0.416618 -0.165498  0.202643 2 1392_12.04_10.58.y-170kpc
 0.065352 -0.377646  0.244655 2 1421_11.88_10.36.y-170kpc
 0.061084 -0.434966  0.473632 2 1422_11.83_10.33.y-170kpc
 0.088160 -0.351143  0.397555 2 1425_12.09_10.39.y-170kpc
 0.353449 -0.282416  0.371189 2 1448_11.88_10.18.y-170kpc
 0.177159 -0.329668  0.372225 2 1450_11.76_10.34.y-170kpc
 0.405520 -0.254456  0.358197 2 1465_12.09_10.66.y-170kpc
 0.407911 -0.390526  0.499865 2 1472_11.91_10.25.y-170kpc
 0.410179 -0.224761  0.345486 2 1480_11.78_10.18.y-170kpc
 0.398285 -0.227679  0.350363 2 1483_12.07_10.56.y-170kpc
-0.486356  0.420440 -0.058488 2 1529_12.02_10.56.y-170kpc
-0.379353  0.369969 -0.088577 2 1532_11.99_10.65.y-170kpc
-0.343510  0.384995 -0.084015 2 1533_11.87_10.20.y-170kpc
-0.215109  0.486271 -0.035642 2 1537_12.09_10.66.y-170kpc
 0.082153 -0.107175 -0.135446 2 1568_12.02_10.43.y-170kpc
 0.033774  0.008433 -0.113701 2 1583_11.89_10.37.y-170kpc
 0.015599  0.031310 -0.117365 2 1617_12.10_10.55.y-170kpc
-0.008043  0.083090  0.096972 2 1629_11.97_10.33.y-170kpc
-0.023796  0.086382  0.140723 2 1630_11.84_10.34.y-170kpc
-0.160300  0.032104  0.325582 2 1657_12.19_10.56.y-170kpc
-0.409822 -0.089375  0.364887 2 1695_11.84_10.20.y-170kpc
-0.392288  0.019421  0.367237 2 1717_11.85_9.963.y-170kpc
-0.170603 -0.097532  0.410199 2 1781_11.89_10.13.y-170kpc
-0.020505  0.003276  0.433248 2 1796_12.11_10.50.y-170kpc
-0.305530  0.338460  0.486838 2 1825_12.04_10.52.y-170kpc
-0.207613  0.263844  0.336471 2 1827_12.02_10.47.y-170kpc
-0.244293  0.244710  0.373659 2 1832_11.75_10.07.y-170kpc
 0.066872  0.260517  0.498361 2 1857_11.86_10.32.y-170kpc
-0.288626 -0.224329 -0.419041 2 8_11.83_10.25.y-210kpc
-0.278829 -0.196581 -0.468647 2 19_11.77_9.934.y-210kpc
-0.151312 -0.314198 -0.263022 2 84_12.13_10.74.y-210kpc
-0.048737 -0.307865 -0.375889 2 99_11.97_10.39.y-210kpc
-0.052249 -0.260730 -0.324501 2 112_11.91_10.33.y-210kpc
-0.103456 -0.314429 -0.266893 2 153_11.82_10.19.y-210kpc
-0.024313 -0.257117 -0.249652 2 245_12.00_10.15.y-210kpc
 0.033843 -0.290131 -0.250115 2 321_12.07_9.916.y-210kpc
 0.072925 -0.283744 -0.232618 2 325_11.89_10.15.y-210kpc
 0.378811 -0.325109 -0.392897 2 397_11.82_9.966.y-210kpc
 0.307298  0.491922 -0.263609 2 418_11.83_10.44.y-210kpc
 0.344038 -0.470808 -0.263513 2 431_12.17_10.39.y-210kpc
 0.151308 -0.336111 -0.188466 2 433_11.77_9.873.y-210kpc
 0.185649 -0.455662 -0.148137 2 434_11.97_10.39.y-210kpc
 0.181524 -0.239161 -0.214402 2 463_11.82_9.800.y-210kpc
 0.407959 -0.374283 -0.279335 2 502_11.96_10.40.y-210kpc
 0.088213  0.105436 -0.166674 2 555_12.05_10.64.y-210kpc
-0.312443  0.452217 -0.248965 2 587_11.92_10.33.y-210kpc
-0.133257  0.434907 -0.361409 2 600_11.80_10.15.y-210kpc
-0.197213  0.455044 -0.260147 2 612_12.11_10.71.y-210kpc
 0.139391 -0.057827 -0.324262 2 642_12.01_10.33.y-210kpc
 0.156518  0.030350 -0.460981 2 649_12.03_10.48.y-210kpc
 0.137418  0.134353 -0.151452 2 663_11.88_10.39.y-210kpc
 0.164063  0.285975 -0.232133 2 716_11.99_10.49.y-210kpc
 0.173638  0.306845 -0.227927 2 717_11.88_10.25.y-210kpc
 0.256130  0.324359 -0.245307 2 814_11.80_9.878.y-210kpc
 0.434716  0.341141 -0.361694 2 840_12.22_10.65.y-210kpc
 0.383285  0.368438 -0.319017 2 859_11.97_10.33.y-210kpc
 0.384358  0.347963 -0.238142 2 863_11.81_10.10.y-210kpc
 0.294037  0.413586 -0.198279 2 968_12.23_10.62.y-210kpc
-0.379453 -0.431555 -0.018373 2 999_12.07_10.39.y-210kpc
-0.313032 -0.313127  0.060105 2 1012_11.83_10.17.y-210kpc
-0.344324 -0.304871  0.081346 2 1014_11.87_10.29.y-210kpc
-0.269331 -0.331211  0.004231 2 1017_11.90_10.33.y-210kpc
-0.433346 -0.297351  0.149077 2 1027_11.78_10.32.y-210kpc
-0.366791 -0.456066  0.313809 2 1029_12.00_10.44.y-210kpc
-0.429597 -0.169629  0.362184 2 1140_11.76_9.903.y-210kpc
-0.340838 -0.182297  0.394395 2 1150_12.14_10.60.y-210kpc
-0.270005 -0.170708  0.425088 2 1164_11.87_10.24.y-210kpc
-0.189064 -0.298033 -0.018992 2 1184_12.07_10.43.y-210kpc
-0.128218 -0.470119  0.302790 2 1245_11.95_10.39.y-210kpc
-0.159825 -0.403006  0.308357 2 1246_11.76_10.18.y-210kpc
-0.181993 -0.224783  0.483305 2 1269_11.95_10.31.y-210kpc
-0.232734 -0.194679  0.458300 2 1307_11.98_10.35.y-210kpc
-0.192250 -0.202736  0.462531 2 1309_12.01_10.47.y-210kpc
-0.032371 -0.371321  0.032550 2 1334_11.82_10.20.y-210kpc
 0.375097 -0.151066  0.152442 2 1366_11.97_10.27.y-210kpc
 0.416618 -0.167098  0.202643 2 1392_12.04_10.58.y-210kpc
 0.065352 -0.379246  0.244655 2 1421_11.88_10.36.y-210kpc
 0.061084 -0.436566  0.473632 2 1422_11.83_10.33.y-210kpc
 0.088160 -0.352743  0.397555 2 1425_12.09_10.39.y-210kpc
 0.353449 -0.284016  0.371189 2 1448_11.88_10.18.y-210kpc
 0.177159 -0.331268  0.372225 2 1450_11.76_10.34.y-210kpc
 0.405520 -0.256056  0.358197 2 1465_12.09_10.66.y-210kpc
 0.407911 -0.392126  0.499865 2 1472_11.91_10.25.y-210kpc
 0.410179 -0.226361  0.345486 2 1480_11.78_10.18.y-210kpc
 0.398285 -0.229279  0.350363 2 1483_12.07_10.56.y-210kpc
-0.486356  0.418840 -0.058488 2 1529_12.02_10.56.y-210kpc
-0.379353  0.368369 -0.088577 2 1532_11.99_10.65.y-210kpc
-0.343510  0.383395 -0.084015 2 1533_11.87_10.20.y-210kpc
-0.215109  0.484671 -0.035642 2 1537_12.09_10.66.y-210kpc
 0.082153 -0.108775 -0.135446 2 1568_12.02_10.43.y-210kpc
 0.033774  0.006833 -0.113701 2 1583_11.89_10.37.y-210kpc
 0.015599  0.029710 -0.117365 2 1617_12.10_10.55.y-210kpc
-0.008043  0.081490  0.096972 2 1629_11.97_10.33.y-210kpc
-0.023796  0.084782  0.140723 2 1630_11.84_10.34.y-210kpc
-0.160300  0.030504  0.325582 2 1657_12.19_10.56.y-210kpc
-0.409822 -0.090976  0.364887 2 1695_11.84_10.20.y-210kpc
-0.392288  0.017821  0.367237 2 1717_11.85_9.963.y-210kpc
-0.170603 -0.099132  0.410199 2 1781_11.89_10.13.y-210kpc
-0.020505  0.001676  0.433248 2 1796_12.11_10.50.y-210kpc
-0.305530  0.336860  0.486838 2 1825_12.04_10.52.y-210kpc
-0.207613  0.262244  0.336471 2 1827_12.02_10.47.y-210kpc
-0.244293  0.243110  0.373659 2 1832_11.75_10.07.y-210kpc
 0.066872  0.258917  0.498361 2 1857_11.86_10.32.y-210kpc
-0.288626 -0.225929 -0.419041 2 8_11.83_10.25.y-250kpc
-0.278829 -0.198181 -0.468647 2 19_11.77_9.934.y-250kpc
-0.151312 -0.315798 -0.263022 2 84_12.13_10.74.y-250kpc
-0.048737 -0.309465 -0.375889 2 99_11.97_10.39.y-250kpc
-0.052249 -0.262330 -0.324501 2 112_11.91_10.33.y-250kpc
-0.103456 -0.316029 -0.266893 2 153_11.82_10.19.y-250kpc
-0.024313 -0.258717 -0.249652 2 245_12.00_10.15.y-250kpc
 0.033843 -0.291731 -0.250115 2 321_12.07_9.916.y-250kpc
 0.072925 -0.285344 -0.232618 2 325_11.89_10.15.y-250kpc
 0.378811 -0.326709 -0.392897 2 397_11.82_9.966.y-250kpc
 0.307298  0.490322 -0.263609 2 418_11.83_10.44.y-250kpc
 0.344038 -0.472408 -0.263513 2 431_12.17_10.39.y-250kpc
 0.151308 -0.337711 -0.188466 2 433_11.77_9.873.y-250kpc
 0.185649 -0.457262 -0.148137 2 434_11.97_10.39.y-250kpc
 0.181524 -0.240761 -0.214402 2 463_11.82_9.800.y-250kpc
 0.407959 -0.375883 -0.279335 2 502_11.96_10.40.y-250kpc
 0.088213  0.103836 -0.166674 2 555_12.05_10.64.y-250kpc
-0.312443  0.450617 -0.248965 2 587_11.92_10.33.y-250kpc
-0.133257  0.433307 -0.361409 2 600_11.80_10.15.y-250kpc
-0.197213  0.453444 -0.260147 2 612_12.11_10.71.y-250kpc
 0.139391 -0.059427 -0.324262 2 642_12.01_10.33.y-250kpc
 0.156518  0.028750 -0.460981 2 649_12.03_10.48.y-250kpc
 0.137418  0.132753 -0.151452 2 663_11.88_10.39.y-250kpc
 0.164063  0.284375 -0.232133 2 716_11.99_10.49.y-250kpc
 0.173638  0.305245 -0.227927 2 717_11.88_10.25.y-250kpc
 0.256130  0.322759 -0.245307 2 814_11.80_9.878.y-250kpc
 0.434716  0.339541 -0.361694 2 840_12.22_10.65.y-250kpc
 0.383285  0.366838 -0.319017 2 859_11.97_10.33.y-250kpc
 0.384358  0.346363 -0.238142 2 863_11.81_10.10.y-250kpc
 0.294037  0.411986 -0.198279 2 968_12.23_10.62.y-250kpc
-0.379453 -0.433155 -0.018373 2 999_12.07_10.39.y-250kpc
-0.313032 -0.314727  0.060105 2 1012_11.83_10.17.y-250kpc
-0.344324 -0.306471  0.081346 2 1014_11.87_10.29.y-250kpc
-0.269331 -0.332811  0.004231 2 1017_11.90_10.33.y-250kpc
-0.433346 -0.298951  0.149077 2 1027_11.78_10.32.y-250kpc
-0.366791 -0.457666  0.313809 2 1029_12.00_10.44.y-250kpc
-0.429597 -0.171229  0.362184 2 1140_11.76_9.903.y-250kpc
-0.340838 -0.183897  0.394395 2 1150_12.14_10.60.y-250kpc
-0.270005 -0.172308  0.425088 2 1164_11.87_10.24.y-250kpc
-0.189064 -0.299633 -0.018992 2 1184_12.07_10.43.y-250kpc
-0.128218 -0.471719  0.302790 2 1245_11.95_10.39.y-250kpc
-0.159825 -0.404606  0.308357 2 1246_11.76_10.18.y-250kpc
-0.181993 -0.226383  0.483305 2 1269_11.95_10.31.y-250kpc
-0.232734 -0.196279  0.458300 2 1307_11.98_10.35.y-250kpc
-0.192250 -0.204336  0.462531 2 1309_12.01_10.47.y-250kpc
-0.032371 -0.372921  0.032550 2 1334_11.82_10.20.y-250kpc
 0.375097 -0.152666  0.152442 2 1366_11.97_10.27.y-250kpc
 0.416618 -0.168698  0.202643 2 1392_12.04_10.58.y-250kpc
 0.065352 -0.380846  0.244655 2 1421_11.88_10.36.y-250kpc
 0.061084 -0.438166  0.473632 2 1422_11.83_10.33.y-250kpc
 0.088160 -0.354343  0.397555 2 1425_12.09_10.39.y-250kpc
 0.353449 -0.285616  0.371189 2 1448_11.88_10.18.y-250kpc
 0.177159 -0.332868  0.372225 2 1450_11.76_10.34.y-250kpc
 0.405520 -0.257656  0.358197 2 1465_12.09_10.66.y-250kpc
 0.407911 -0.393726  0.499865 2 1472_11.91_10.25.y-250kpc
 0.410179 -0.227961  0.345486 2 1480_11.78_10.18.y-250kpc
 0.398285 -0.230879  0.350363 2 1483_12.07_10.56.y-250kpc
-0.486356  0.417240 -0.058488 2 1529_12.02_10.56.y-250kpc
-0.379353  0.366769 -0.088577 2 1532_11.99_10.65.y-250kpc
-0.343510  0.381795 -0.084015 2 1533_11.87_10.20.y-250kpc
-0.215109  0.483071 -0.035642 2 1537_12.09_10.66.y-250kpc
 0.082153 -0.110375 -0.135446 2 1568_12.02_10.43.y-250kpc
 0.033774  0.005233 -0.113701 2 1583_11.89_10.37.y-250kpc
 0.015599  0.028110 -0.117365 2 1617_12.10_10.55.y-250kpc
-0.008043  0.079890  0.096972 2 1629_11.97_10.33.y-250kpc
-0.023796  0.083182  0.140723 2 1630_11.84_10.34.y-250kpc
-0.160300  0.028904  0.325582 2 1657_12.19_10.56.y-250kpc
-0.409822 -0.092575  0.364887 2 1695_11.84_10.20.y-250kpc
-0.392288  0.016221  0.367237 2 1717_11.85_9.963.y-250kpc
-0.170603 -0.100732  0.410199 2 1781_11.89_10.13.y-250kpc
-0.020505  0.000076  0.433248 2 1796_12.11_10.50.y-250kpc
-0.305530  0.335260  0.486838 2 1825_12.04_10.52.y-250kpc
-0.207613  0.260644  0.336471 2 1827_12.02_10.47.y-250kpc
-0.244293  0.241510  0.373659 2 1832_11.75_10.07.y-250kpc
 0.066872  0.257317  0.498361 2 1857_11.86_10.32.y-250kpc
-0.288626 -0.227529 -0.419041 2 8_11.83_10.25.y-290kpc
-0.278829 -0.199781 -0.468647 2 19_11.77_9.934.y-290kpc
-0.151312 -0.317398 -0.263022 2 84_12.13_10.74.y-290kpc
-0.048737 -0.311065 -0.375889 2 99_11.97_10.39.y-290kpc
-0.052249 -0.263930 -0.324501 2 112_11.91_10.33.y-290kpc
-0.103456 -0.317629 -0.266893 2 153_11.82_10.19.y-290kpc
-0.024313 -0.260317 -0.249652 2 245_12.00_10.15.y-290kpc
 0.033843 -0.293331 -0.250115 2 321_12.07_9.916.y-290kpc
 0.072925 -0.286944 -0.232618 2 325_11.89_10.15.y-290kpc
 0.378811 -0.328309 -0.392897 2 397_11.82_9.966.y-290kpc
 0.307298  0.488722 -0.263609 2 418_11.83_10.44.y-290kpc
 0.344038 -0.474008 -0.263513 2 431_12.17_10.39.y-290kpc
 0.151308 -0.339311 -0.188466 2 433_11.77_9.873.y-290kpc
 0.185649 -0.458862 -0.148137 2 434_11.97_10.39.y-290kpc
 0.181524 -0.242361 -0.214402 2 463_11.82_9.800.y-290kpc
 0.407959 -0.377483 -0.279335 2 502_11.96_10.40.y-290kpc
 0.088213  0.102236 -0.166674 2 555_12.05_10.64.y-290kpc
-0.312443  0.449017 -0.248965 2 587_11.92_10.33.y-290kpc
-0.133257  0.431707 -0.361409 2 600_11.80_10.15.y-290kpc
-0.197213  0.451844 -0.260147 2 612_12.11_10.71.y-290kpc
 0.139391 -0.061027 -0.324262 2 642_12.01_10.33.y-290kpc
 0.156518  0.027150 -0.460981 2 649_12.03_10.48.y-290kpc
 0.137418  0.131153 -0.151452 2 663_11.88_10.39.y-290kpc
 0.164063  0.282775 -0.232133 2 716_11.99_10.49.y-290kpc
 0.173638  0.303645 -0.227927 2 717_11.88_10.25.y-290kpc
 0.256130  0.321159 -0.245307 2 814_11.80_9.878.y-290kpc
 0.434716  0.337941 -0.361694 2 840_12.22_10.65.y-290kpc
 0.383285  0.365238 -0.319017 2 859_11.97_10.33.y-290kpc
 0.384358  0.344763 -0.238142 2 863_11.81_10.10.y-290kpc
 0.294037  0.410386 -0.198279 2 968_12.23_10.62.y-290kpc
-0.379453 -0.434755 -0.018373 2 999_12.07_10.39.y-290kpc
-0.313032 -0.316327  0.060105 2 1012_11.83_10.17.y-290kpc
-0.344324 -0.308071  0.081346 2 1014_11.87_10.29.y-290kpc
-0.269331 -0.334411  0.004231 2 1017_11.90_10.33.y-290kpc
-0.433346 -0.300551  0.149077 2 1027_11.78_10.32.y-290kpc
-0.366791 -0.459266  0.313809 2 1029_12.00_10.44.y-290kpc
-0.429597 -0.172829  0.362184 2 1140_11.76_9.903.y-290kpc
-0.340838 -0.185497  0.394395 2 1150_12.14_10.60.y-290kpc
-0.270005 -0.173908  0.425088 2 1164_11.87_10.24.y-290kpc
-0.189064 -0.301233 -0.018992 2 1184_12.07_10.43.y-290kpc
-0.128218 -0.473319  0.302790 2 1245_11.95_10.39.y-290kpc
-0.159825 -0.406206  0.308357 2 1246_11.76_10.18.y-290kpc
-0.181993 -0.227983  0.483305 2 1269_11.95_10.31.y-290kpc
-0.232734 -0.197879  0.458300 2 1307_11.98_10.35.y-290kpc
-0.192250 -0.205936  0.462531 2 1309_12.01_10.47.y-290kpc
-0.032371 -0.374521  0.032550 2 1334_11.82_10.20.y-290kpc
 0.375097 -0.154266  0.152442 2 1366_11.97_10.27.y-290kpc
 0.416618 -0.170298  0.202643 2 1392_12.04_10.58.y-290kpc
 0.065352 -0.382446  0.244655 2 1421_11.88_10.36.y-290kpc
 0.061084 -0.439766  0.473632 2 1422_11.83_10.33.y-290kpc
 0.088160 -0.355943  0.397555 2 1425_12.09_10.39.y-290kpc
 0.353449 -0.287216  0.371189 2 1448_11.88_10.18.y-290kpc
 0.177159 -0.334468  0.372225 2 1450_11.76_10.34.y-290kpc
 0.405520 -0.259256  0.358197 2 1465_12.09_10.66.y-290kpc
 0.407911 -0.395326  0.499865 2 1472_11.91_10.25.y-290kpc
 0.410179 -0.229561  0.345486 2 1480_11.78_10.18.y-290kpc
 0.398285 -0.232479  0.350363 2 1483_12.07_10.56.y-290kpc
-0.486356  0.415640 -0.058488 2 1529_12.02_10.56.y-290kpc
-0.379353  0.365169 -0.088577 2 1532_11.99_10.65.y-290kpc
-0.343510  0.380195 -0.084015 2 1533_11.87_10.20.y-290kpc
-0.215109  0.481471 -0.035642 2 1537_12.09_10.66.y-290kpc
 0.082153 -0.111975 -0.135446 2 1568_12.02_10.43.y-290kpc
 0.033774  0.003633 -0.113701 2 1583_11.89_10.37.y-290kpc
 0.015599  0.026510 -0.117365 2 1617_12.10_10.55.y-290kpc
-0.008043  0.078290  0.096972 2 1629_11.97_10.33.y-290kpc
-0.023796  0.081582  0.140723 2 1630_11.84_10.34.y-290kpc
-0.160300  0.027304  0.325582 2 1657_12.19_10.56.y-290kpc
-0.409822 -0.094175  0.364887 2 1695_11.84_10.20.y-290kpc
-0.392288  0.014621  0.367237 2 1717_11.85_9.963.y-290kpc
-0.170603 -0.102332  0.410199 2 1781_11.89_10.13.y-290kpc
-0.020505 -0.001524  0.433248 2 1796_12.11_10.50.y-290kpc
-0.305530  0.333660  0.486838 2 1825_12.04_10.52.y-290kpc
-0.207613  0.259044  0.336471 2 1827_12.02_10.47.y-290kpc
-0.244293  0.239910  0.373659 2 1832_11.75_10.07.y-290kpc
 0.066872  0.255717  0.498361 2 1857_11.86_10.32.y-290kpc
