-0.287459 -0.216678 -0.423786 2 20_11.83_10.27.y-10kpc
-0.096708 -0.304798 -0.267673 2 184_11.84_10.06.y-10kpc
-0.379083 -0.422422 -0.017665 2 226_12.05_10.60.y-10kpc
-0.367787 -0.446208  0.314506 2 255_11.98_10.39.y-10kpc
-0.438448 -0.287089  0.152272 2 278_11.75_10.00.y-10kpc
-0.313603 -0.306624  0.062420 2 285_11.81_10.06.y-10kpc
-0.345374 -0.300416  0.084953 2 288_11.83_10.00.y-10kpc
-0.188485 -0.289963 -0.018369 2 341_12.06_10.45.y-10kpc
-0.265440 -0.322926  0.004493 2 356_11.88_10.12.y-10kpc
-0.131738 -0.459478  0.302746 2 388_11.97_10.12.y-10kpc
-0.431656 -0.165100  0.363664 2 507_11.77_9.929.y-10kpc
-0.340945 -0.177495  0.394820 2 520_12.13_10.63.y-10kpc
-0.182264 -0.219133  0.484221 2 533_11.96_10.31.y-10kpc
-0.271299 -0.164125  0.425795 2 640_11.81_10.13.y-10kpc
-0.234151 -0.186959  0.457998 2 649_11.97_10.35.y-10kpc
-0.191317 -0.193709  0.465038 2 663_12.06_10.56.y-10kpc
-0.047648 -0.300137 -0.371937 2 704_11.96_10.46.y-10kpc
-0.052922 -0.257165 -0.319943 2 716_11.89_10.28.y-10kpc
 0.380539 -0.318419 -0.387551 2 944_11.77_9.950.y-10kpc
-0.026663 -0.254242 -0.253652 2 1072_12.06_10.26.y-10kpc
 0.029158 -0.284218 -0.254484 2 1092_12.04_9.881.y-10kpc
 0.070007 -0.277187 -0.232975 2 1103_11.89_10.18.y-10kpc
 0.147784 -0.328011 -0.193537 2 1133_11.79_9.868.y-10kpc
 0.340445 -0.464559 -0.264684 2 1162_12.18_10.33.y-10kpc
 0.400946 -0.366297 -0.281623 2 1174_11.96_10.06.y-10kpc
-0.033309 -0.361062  0.031995 2 1189_11.88_10.04.y-10kpc
 0.185679 -0.450646 -0.153096 2 1194_11.97_10.19.y-10kpc
 0.315309 -0.177965  0.101245 2 1269_11.75_10.13.y-10kpc
 0.371934 -0.145174  0.156481 2 1307_11.98_10.44.y-10kpc
 0.062840 -0.369932  0.244487 2 1315_11.87_10.00.y-10kpc
 0.058803 -0.426027  0.477778 2 1345_11.82_10.47.y-10kpc
 0.087461 -0.344775  0.399593 2 1353_12.12_10.54.y-10kpc
 0.174083 -0.321064  0.374663 2 1370_11.75_10.12.y-10kpc
 0.354801 -0.273506  0.372911 2 1372_11.90_10.09.y-10kpc
 0.400900 -0.221023  0.350777 2 1411_12.08_10.57.y-10kpc
 0.413986 -0.216278  0.344681 2 1416_11.78_10.03.y-10kpc
 0.407577 -0.245608  0.358568 2 1429_12.07_10.56.y-10kpc
 0.418921 -0.158241  0.203421 2 1438_12.00_10.49.y-10kpc
 0.083847 -0.102570 -0.138987 2 1534_12.02_10.34.y-10kpc
 0.091298  0.114790 -0.166883 2 1556_12.07_10.59.y-10kpc
-0.308532  0.464845 -0.251722 2 1588_11.95_10.13.y-10kpc
-0.197074  0.465261 -0.260649 2 1594_12.10_10.66.y-10kpc
-0.129006  0.448640 -0.360803 2 1610_11.78_10.30.y-10kpc
 0.138098 -0.050643 -0.323295 2 1648_12.02_10.33.y-10kpc
 0.156156  0.038152 -0.459636 2 1652_12.07_10.27.y-10kpc
 0.136333  0.145735 -0.152158 2 1678_11.87_10.15.y-10kpc
 0.164534  0.301425 -0.233512 2 1815_12.18_10.39.y-10kpc
 0.176474  0.318010 -0.225896 2 1828_11.87_10.10.y-10kpc
-0.394260  0.025826  0.366716 2 1940_11.84_9.865.y-10kpc
-0.380182  0.377534 -0.091062 2 2055_11.98_10.41.y-10kpc
-0.488722  0.429086 -0.058907 2 2056_11.99_10.57.y-10kpc
-0.345159  0.393597 -0.084897 2 2058_11.85_10.19.y-10kpc
-0.215780  0.494875 -0.037457 2 2066_12.06_10.49.y-10kpc
-0.307885  0.344521  0.484824 2 2159_11.99_10.07.y-10kpc
 0.037220  0.013411 -0.116810 2 2181_11.91_10.23.y-10kpc
-0.173940 -0.095549  0.410602 2 2272_11.88_9.987.y-10kpc
-0.023001  0.007739  0.432689 2 2299_12.08_10.40.y-10kpc
 0.182686  0.010474  0.499036 2 2319_12.03_10.24.y-10kpc
 0.019994  0.036620 -0.116386 2 2322_12.22_10.58.y-10kpc
-0.007798  0.089347  0.097117 2 2336_11.98_10.34.y-10kpc
-0.023991  0.090779  0.141734 2 2358_11.90_10.15.y-10kpc
-0.165185  0.038618  0.327504 2 2425_12.22_10.56.y-10kpc
-0.208975  0.268332  0.337660 2 2472_11.98_10.29.y-10kpc
 0.184967  0.246680  0.475419 2 2486_11.90_9.798.y-10kpc
 0.069954  0.269211  0.499216 2 2491_11.79_10.05.y-10kpc
 0.253123  0.336911 -0.244093 2 2548_11.83_9.843.y-10kpc
 0.311637  0.329968 -0.126102 2 2571_11.93_10.39.y-10kpc
 0.375856  0.379249 -0.318033 2 2585_11.93_10.18.y-10kpc
 0.337061  0.414231 -0.321049 2 2693_11.76_10.03.y-10kpc
 0.303247  0.495114 -0.264823 2 2715_11.85_10.21.y-10kpc
 0.271732  0.441757 -0.243216 2 2779_11.78_9.940.y-10kpc
 0.289610  0.421999 -0.199169 2 2785_12.24_10.70.y-10kpc
 0.312223 -0.097080  0.072886 2 2842_11.97_10.24.y-10kpc
 0.353436  0.042189  0.101483 2 2849_12.20_10.69.y-10kpc
 0.351832  0.099745  0.058938 2 2853_11.85_10.21.y-10kpc
-0.287459 -0.218278 -0.423786 2 20_11.83_10.27.y-50kpc
-0.096708 -0.306398 -0.267673 2 184_11.84_10.06.y-50kpc
-0.379083 -0.424022 -0.017665 2 226_12.05_10.60.y-50kpc
-0.367787 -0.447808  0.314506 2 255_11.98_10.39.y-50kpc
-0.438448 -0.288689  0.152272 2 278_11.75_10.00.y-50kpc
-0.313603 -0.308224  0.062420 2 285_11.81_10.06.y-50kpc
-0.345374 -0.302016  0.084953 2 288_11.83_10.00.y-50kpc
-0.188485 -0.291563 -0.018369 2 341_12.06_10.45.y-50kpc
-0.265440 -0.324526  0.004493 2 356_11.88_10.12.y-50kpc
-0.131738 -0.461078  0.302746 2 388_11.97_10.12.y-50kpc
-0.431656 -0.166700  0.363664 2 507_11.77_9.929.y-50kpc
-0.340945 -0.179095  0.394820 2 520_12.13_10.63.y-50kpc
-0.182264 -0.220733  0.484221 2 533_11.96_10.31.y-50kpc
-0.271299 -0.165725  0.425795 2 640_11.81_10.13.y-50kpc
-0.234151 -0.188559  0.457998 2 649_11.97_10.35.y-50kpc
-0.191317 -0.195309  0.465038 2 663_12.06_10.56.y-50kpc
-0.047648 -0.301737 -0.371937 2 704_11.96_10.46.y-50kpc
-0.052922 -0.258765 -0.319943 2 716_11.89_10.28.y-50kpc
 0.380539 -0.320019 -0.387551 2 944_11.77_9.950.y-50kpc
-0.026663 -0.255842 -0.253652 2 1072_12.06_10.26.y-50kpc
 0.029158 -0.285818 -0.254484 2 1092_12.04_9.881.y-50kpc
 0.070007 -0.278787 -0.232975 2 1103_11.89_10.18.y-50kpc
 0.147784 -0.329611 -0.193537 2 1133_11.79_9.868.y-50kpc
 0.340445 -0.466159 -0.264684 2 1162_12.18_10.33.y-50kpc
 0.400946 -0.367897 -0.281623 2 1174_11.96_10.06.y-50kpc
-0.033309 -0.362662  0.031995 2 1189_11.88_10.04.y-50kpc
 0.185679 -0.452246 -0.153096 2 1194_11.97_10.19.y-50kpc
 0.315309 -0.179565  0.101245 2 1269_11.75_10.13.y-50kpc
 0.371934 -0.146774  0.156481 2 1307_11.98_10.44.y-50kpc
 0.062840 -0.371532  0.244487 2 1315_11.87_10.00.y-50kpc
 0.058803 -0.427627  0.477778 2 1345_11.82_10.47.y-50kpc
 0.087461 -0.346375  0.399593 2 1353_12.12_10.54.y-50kpc
 0.174083 -0.322664  0.374663 2 1370_11.75_10.12.y-50kpc
 0.354801 -0.275106  0.372911 2 1372_11.90_10.09.y-50kpc
 0.400900 -0.222623  0.350777 2 1411_12.08_10.57.y-50kpc
 0.413986 -0.217878  0.344681 2 1416_11.78_10.03.y-50kpc
 0.407577 -0.247208  0.358568 2 1429_12.07_10.56.y-50kpc
 0.418921 -0.159841  0.203421 2 1438_12.00_10.49.y-50kpc
 0.083847 -0.104170 -0.138987 2 1534_12.02_10.34.y-50kpc
 0.091298  0.113190 -0.166883 2 1556_12.07_10.59.y-50kpc
-0.308532  0.463245 -0.251722 2 1588_11.95_10.13.y-50kpc
-0.197074  0.463661 -0.260649 2 1594_12.10_10.66.y-50kpc
-0.129006  0.447040 -0.360803 2 1610_11.78_10.30.y-50kpc
 0.138098 -0.052243 -0.323295 2 1648_12.02_10.33.y-50kpc
 0.156156  0.036552 -0.459636 2 1652_12.07_10.27.y-50kpc
 0.136333  0.144135 -0.152158 2 1678_11.87_10.15.y-50kpc
 0.164534  0.299825 -0.233512 2 1815_12.18_10.39.y-50kpc
 0.176474  0.316410 -0.225896 2 1828_11.87_10.10.y-50kpc
-0.394260  0.024226  0.366716 2 1940_11.84_9.865.y-50kpc
-0.380182  0.375934 -0.091062 2 2055_11.98_10.41.y-50kpc
-0.488722  0.427486 -0.058907 2 2056_11.99_10.57.y-50kpc
-0.345159  0.391997 -0.084897 2 2058_11.85_10.19.y-50kpc
-0.215780  0.493275 -0.037457 2 2066_12.06_10.49.y-50kpc
-0.307885  0.342921  0.484824 2 2159_11.99_10.07.y-50kpc
 0.037220  0.011811 -0.116810 2 2181_11.91_10.23.y-50kpc
-0.173940 -0.097149  0.410602 2 2272_11.88_9.987.y-50kpc
-0.023001  0.006139  0.432689 2 2299_12.08_10.40.y-50kpc
 0.182686  0.008874  0.499036 2 2319_12.03_10.24.y-50kpc
 0.019994  0.035020 -0.116386 2 2322_12.22_10.58.y-50kpc
-0.007798  0.087747  0.097117 2 2336_11.98_10.34.y-50kpc
-0.023991  0.089179  0.141734 2 2358_11.90_10.15.y-50kpc
-0.165185  0.037018  0.327504 2 2425_12.22_10.56.y-50kpc
-0.208975  0.266732  0.337660 2 2472_11.98_10.29.y-50kpc
 0.184967  0.245080  0.475419 2 2486_11.90_9.798.y-50kpc
 0.069954  0.267611  0.499216 2 2491_11.79_10.05.y-50kpc
 0.253123  0.335311 -0.244093 2 2548_11.83_9.843.y-50kpc
 0.311637  0.328368 -0.126102 2 2571_11.93_10.39.y-50kpc
 0.375856  0.377649 -0.318033 2 2585_11.93_10.18.y-50kpc
 0.337061  0.412631 -0.321049 2 2693_11.76_10.03.y-50kpc
 0.303247  0.493514 -0.264823 2 2715_11.85_10.21.y-50kpc
 0.271732  0.440157 -0.243216 2 2779_11.78_9.940.y-50kpc
 0.289610  0.420399 -0.199169 2 2785_12.24_10.70.y-50kpc
 0.312223 -0.098680  0.072886 2 2842_11.97_10.24.y-50kpc
 0.353436  0.040589  0.101483 2 2849_12.20_10.69.y-50kpc
 0.351832  0.098145  0.058938 2 2853_11.85_10.21.y-50kpc
-0.287459 -0.219878 -0.423786 2 20_11.83_10.27.y-90kpc
-0.096708 -0.307998 -0.267673 2 184_11.84_10.06.y-90kpc
-0.379083 -0.425622 -0.017665 2 226_12.05_10.60.y-90kpc
-0.367787 -0.449408  0.314506 2 255_11.98_10.39.y-90kpc
-0.438448 -0.290289  0.152272 2 278_11.75_10.00.y-90kpc
-0.313603 -0.309824  0.062420 2 285_11.81_10.06.y-90kpc
-0.345374 -0.303616  0.084953 2 288_11.83_10.00.y-90kpc
-0.188485 -0.293163 -0.018369 2 341_12.06_10.45.y-90kpc
-0.265440 -0.326126  0.004493 2 356_11.88_10.12.y-90kpc
-0.131738 -0.462678  0.302746 2 388_11.97_10.12.y-90kpc
-0.431656 -0.168300  0.363664 2 507_11.77_9.929.y-90kpc
-0.340945 -0.180695  0.394820 2 520_12.13_10.63.y-90kpc
-0.182264 -0.222333  0.484221 2 533_11.96_10.31.y-90kpc
-0.271299 -0.167325  0.425795 2 640_11.81_10.13.y-90kpc
-0.234151 -0.190159  0.457998 2 649_11.97_10.35.y-90kpc
-0.191317 -0.196909  0.465038 2 663_12.06_10.56.y-90kpc
-0.047648 -0.303337 -0.371937 2 704_11.96_10.46.y-90kpc
-0.052922 -0.260365 -0.319943 2 716_11.89_10.28.y-90kpc
 0.380539 -0.321619 -0.387551 2 944_11.77_9.950.y-90kpc
-0.026663 -0.257442 -0.253652 2 1072_12.06_10.26.y-90kpc
 0.029158 -0.287418 -0.254484 2 1092_12.04_9.881.y-90kpc
 0.070007 -0.280387 -0.232975 2 1103_11.89_10.18.y-90kpc
 0.147784 -0.331211 -0.193537 2 1133_11.79_9.868.y-90kpc
 0.340445 -0.467759 -0.264684 2 1162_12.18_10.33.y-90kpc
 0.400946 -0.369497 -0.281623 2 1174_11.96_10.06.y-90kpc
-0.033309 -0.364262  0.031995 2 1189_11.88_10.04.y-90kpc
 0.185679 -0.453846 -0.153096 2 1194_11.97_10.19.y-90kpc
 0.315309 -0.181165  0.101245 2 1269_11.75_10.13.y-90kpc
 0.371934 -0.148374  0.156481 2 1307_11.98_10.44.y-90kpc
 0.062840 -0.373132  0.244487 2 1315_11.87_10.00.y-90kpc
 0.058803 -0.429227  0.477778 2 1345_11.82_10.47.y-90kpc
 0.087461 -0.347975  0.399593 2 1353_12.12_10.54.y-90kpc
 0.174083 -0.324264  0.374663 2 1370_11.75_10.12.y-90kpc
 0.354801 -0.276706  0.372911 2 1372_11.90_10.09.y-90kpc
 0.400900 -0.224223  0.350777 2 1411_12.08_10.57.y-90kpc
 0.413986 -0.219478  0.344681 2 1416_11.78_10.03.y-90kpc
 0.407577 -0.248808  0.358568 2 1429_12.07_10.56.y-90kpc
 0.418921 -0.161441  0.203421 2 1438_12.00_10.49.y-90kpc
 0.083847 -0.105770 -0.138987 2 1534_12.02_10.34.y-90kpc
 0.091298  0.111590 -0.166883 2 1556_12.07_10.59.y-90kpc
-0.308532  0.461645 -0.251722 2 1588_11.95_10.13.y-90kpc
-0.197074  0.462061 -0.260649 2 1594_12.10_10.66.y-90kpc
-0.129006  0.445440 -0.360803 2 1610_11.78_10.30.y-90kpc
 0.138098 -0.053843 -0.323295 2 1648_12.02_10.33.y-90kpc
 0.156156  0.034952 -0.459636 2 1652_12.07_10.27.y-90kpc
 0.136333  0.142535 -0.152158 2 1678_11.87_10.15.y-90kpc
 0.164534  0.298225 -0.233512 2 1815_12.18_10.39.y-90kpc
 0.176474  0.314810 -0.225896 2 1828_11.87_10.10.y-90kpc
-0.394260  0.022626  0.366716 2 1940_11.84_9.865.y-90kpc
-0.380182  0.374334 -0.091062 2 2055_11.98_10.41.y-90kpc
-0.488722  0.425886 -0.058907 2 2056_11.99_10.57.y-90kpc
-0.345159  0.390397 -0.084897 2 2058_11.85_10.19.y-90kpc
-0.215780  0.491675 -0.037457 2 2066_12.06_10.49.y-90kpc
-0.307885  0.341321  0.484824 2 2159_11.99_10.07.y-90kpc
 0.037220  0.010211 -0.116810 2 2181_11.91_10.23.y-90kpc
-0.173940 -0.098749  0.410602 2 2272_11.88_9.987.y-90kpc
-0.023001  0.004539  0.432689 2 2299_12.08_10.40.y-90kpc
 0.182686  0.007274  0.499036 2 2319_12.03_10.24.y-90kpc
 0.019994  0.033420 -0.116386 2 2322_12.22_10.58.y-90kpc
-0.007798  0.086147  0.097117 2 2336_11.98_10.34.y-90kpc
-0.023991  0.087579  0.141734 2 2358_11.90_10.15.y-90kpc
-0.165185  0.035418  0.327504 2 2425_12.22_10.56.y-90kpc
-0.208975  0.265132  0.337660 2 2472_11.98_10.29.y-90kpc
 0.184967  0.243480  0.475419 2 2486_11.90_9.798.y-90kpc
 0.069954  0.266011  0.499216 2 2491_11.79_10.05.y-90kpc
 0.253123  0.333711 -0.244093 2 2548_11.83_9.843.y-90kpc
 0.311637  0.326768 -0.126102 2 2571_11.93_10.39.y-90kpc
 0.375856  0.376049 -0.318033 2 2585_11.93_10.18.y-90kpc
 0.337061  0.411031 -0.321049 2 2693_11.76_10.03.y-90kpc
 0.303247  0.491914 -0.264823 2 2715_11.85_10.21.y-90kpc
 0.271732  0.438557 -0.243216 2 2779_11.78_9.940.y-90kpc
 0.289610  0.418799 -0.199169 2 2785_12.24_10.70.y-90kpc
 0.312223 -0.100280  0.072886 2 2842_11.97_10.24.y-90kpc
 0.353436  0.038989  0.101483 2 2849_12.20_10.69.y-90kpc
 0.351832  0.096545  0.058938 2 2853_11.85_10.21.y-90kpc
-0.287459 -0.221478 -0.423786 2 20_11.83_10.27.y-130kpc
-0.096708 -0.309598 -0.267673 2 184_11.84_10.06.y-130kpc
-0.379083 -0.427222 -0.017665 2 226_12.05_10.60.y-130kpc
-0.367787 -0.451008  0.314506 2 255_11.98_10.39.y-130kpc
-0.438448 -0.291889  0.152272 2 278_11.75_10.00.y-130kpc
-0.313603 -0.311424  0.062420 2 285_11.81_10.06.y-130kpc
-0.345374 -0.305216  0.084953 2 288_11.83_10.00.y-130kpc
-0.188485 -0.294763 -0.018369 2 341_12.06_10.45.y-130kpc
-0.265440 -0.327726  0.004493 2 356_11.88_10.12.y-130kpc
-0.131738 -0.464278  0.302746 2 388_11.97_10.12.y-130kpc
-0.431656 -0.169900  0.363664 2 507_11.77_9.929.y-130kpc
-0.340945 -0.182295  0.394820 2 520_12.13_10.63.y-130kpc
-0.182264 -0.223933  0.484221 2 533_11.96_10.31.y-130kpc
-0.271299 -0.168925  0.425795 2 640_11.81_10.13.y-130kpc
-0.234151 -0.191759  0.457998 2 649_11.97_10.35.y-130kpc
-0.191317 -0.198509  0.465038 2 663_12.06_10.56.y-130kpc
-0.047648 -0.304937 -0.371937 2 704_11.96_10.46.y-130kpc
-0.052922 -0.261965 -0.319943 2 716_11.89_10.28.y-130kpc
 0.380539 -0.323219 -0.387551 2 944_11.77_9.950.y-130kpc
-0.026663 -0.259042 -0.253652 2 1072_12.06_10.26.y-130kpc
 0.029158 -0.289018 -0.254484 2 1092_12.04_9.881.y-130kpc
 0.070007 -0.281987 -0.232975 2 1103_11.89_10.18.y-130kpc
 0.147784 -0.332811 -0.193537 2 1133_11.79_9.868.y-130kpc
 0.340445 -0.469359 -0.264684 2 1162_12.18_10.33.y-130kpc
 0.400946 -0.371097 -0.281623 2 1174_11.96_10.06.y-130kpc
-0.033309 -0.365862  0.031995 2 1189_11.88_10.04.y-130kpc
 0.185679 -0.455446 -0.153096 2 1194_11.97_10.19.y-130kpc
 0.315309 -0.182765  0.101245 2 1269_11.75_10.13.y-130kpc
 0.371934 -0.149974  0.156481 2 1307_11.98_10.44.y-130kpc
 0.062840 -0.374732  0.244487 2 1315_11.87_10.00.y-130kpc
 0.058803 -0.430827  0.477778 2 1345_11.82_10.47.y-130kpc
 0.087461 -0.349575  0.399593 2 1353_12.12_10.54.y-130kpc
 0.174083 -0.325864  0.374663 2 1370_11.75_10.12.y-130kpc
 0.354801 -0.278306  0.372911 2 1372_11.90_10.09.y-130kpc
 0.400900 -0.225823  0.350777 2 1411_12.08_10.57.y-130kpc
 0.413986 -0.221078  0.344681 2 1416_11.78_10.03.y-130kpc
 0.407577 -0.250408  0.358568 2 1429_12.07_10.56.y-130kpc
 0.418921 -0.163041  0.203421 2 1438_12.00_10.49.y-130kpc
 0.083847 -0.107370 -0.138987 2 1534_12.02_10.34.y-130kpc
 0.091298  0.109990 -0.166883 2 1556_12.07_10.59.y-130kpc
-0.308532  0.460045 -0.251722 2 1588_11.95_10.13.y-130kpc
-0.197074  0.460461 -0.260649 2 1594_12.10_10.66.y-130kpc
-0.129006  0.443840 -0.360803 2 1610_11.78_10.30.y-130kpc
 0.138098 -0.055443 -0.323295 2 1648_12.02_10.33.y-130kpc
 0.156156  0.033352 -0.459636 2 1652_12.07_10.27.y-130kpc
 0.136333  0.140935 -0.152158 2 1678_11.87_10.15.y-130kpc
 0.164534  0.296625 -0.233512 2 1815_12.18_10.39.y-130kpc
 0.176474  0.313210 -0.225896 2 1828_11.87_10.10.y-130kpc
-0.394260  0.021026  0.366716 2 1940_11.84_9.865.y-130kpc
-0.380182  0.372734 -0.091062 2 2055_11.98_10.41.y-130kpc
-0.488722  0.424286 -0.058907 2 2056_11.99_10.57.y-130kpc
-0.345159  0.388797 -0.084897 2 2058_11.85_10.19.y-130kpc
-0.215780  0.490075 -0.037457 2 2066_12.06_10.49.y-130kpc
-0.307885  0.339721  0.484824 2 2159_11.99_10.07.y-130kpc
 0.037220  0.008611 -0.116810 2 2181_11.91_10.23.y-130kpc
-0.173940 -0.100349  0.410602 2 2272_11.88_9.987.y-130kpc
-0.023001  0.002939  0.432689 2 2299_12.08_10.40.y-130kpc
 0.182686  0.005674  0.499036 2 2319_12.03_10.24.y-130kpc
 0.019994  0.031820 -0.116386 2 2322_12.22_10.58.y-130kpc
-0.007798  0.084547  0.097117 2 2336_11.98_10.34.y-130kpc
-0.023991  0.085980  0.141734 2 2358_11.90_10.15.y-130kpc
-0.165185  0.033818  0.327504 2 2425_12.22_10.56.y-130kpc
-0.208975  0.263532  0.337660 2 2472_11.98_10.29.y-130kpc
 0.184967  0.241880  0.475419 2 2486_11.90_9.798.y-130kpc
 0.069954  0.264411  0.499216 2 2491_11.79_10.05.y-130kpc
 0.253123  0.332111 -0.244093 2 2548_11.83_9.843.y-130kpc
 0.311637  0.325168 -0.126102 2 2571_11.93_10.39.y-130kpc
 0.375856  0.374449 -0.318033 2 2585_11.93_10.18.y-130kpc
 0.337061  0.409431 -0.321049 2 2693_11.76_10.03.y-130kpc
 0.303247  0.490314 -0.264823 2 2715_11.85_10.21.y-130kpc
 0.271732  0.436957 -0.243216 2 2779_11.78_9.940.y-130kpc
 0.289610  0.417199 -0.199169 2 2785_12.24_10.70.y-130kpc
 0.312223 -0.101880  0.072886 2 2842_11.97_10.24.y-130kpc
 0.353436  0.037389  0.101483 2 2849_12.20_10.69.y-130kpc
 0.351832  0.094945  0.058938 2 2853_11.85_10.21.y-130kpc
-0.287459 -0.223078 -0.423786 2 20_11.83_10.27.y-170kpc
-0.096708 -0.311198 -0.267673 2 184_11.84_10.06.y-170kpc
-0.379083 -0.428822 -0.017665 2 226_12.05_10.60.y-170kpc
-0.367787 -0.452608  0.314506 2 255_11.98_10.39.y-170kpc
-0.438448 -0.293489  0.152272 2 278_11.75_10.00.y-170kpc
-0.313603 -0.313024  0.062420 2 285_11.81_10.06.y-170kpc
-0.345374 -0.306816  0.084953 2 288_11.83_10.00.y-170kpc
-0.188485 -0.296363 -0.018369 2 341_12.06_10.45.y-170kpc
-0.265440 -0.329326  0.004493 2 356_11.88_10.12.y-170kpc
-0.131738 -0.465878  0.302746 2 388_11.97_10.12.y-170kpc
-0.431656 -0.171500  0.363664 2 507_11.77_9.929.y-170kpc
-0.340945 -0.183895  0.394820 2 520_12.13_10.63.y-170kpc
-0.182264 -0.225533  0.484221 2 533_11.96_10.31.y-170kpc
-0.271299 -0.170525  0.425795 2 640_11.81_10.13.y-170kpc
-0.234151 -0.193359  0.457998 2 649_11.97_10.35.y-170kpc
-0.191317 -0.200109  0.465038 2 663_12.06_10.56.y-170kpc
-0.047648 -0.306537 -0.371937 2 704_11.96_10.46.y-170kpc
-0.052922 -0.263565 -0.319943 2 716_11.89_10.28.y-170kpc
 0.380539 -0.324819 -0.387551 2 944_11.77_9.950.y-170kpc
-0.026663 -0.260642 -0.253652 2 1072_12.06_10.26.y-170kpc
 0.029158 -0.290618 -0.254484 2 1092_12.04_9.881.y-170kpc
 0.070007 -0.283587 -0.232975 2 1103_11.89_10.18.y-170kpc
 0.147784 -0.334411 -0.193537 2 1133_11.79_9.868.y-170kpc
 0.340445 -0.470959 -0.264684 2 1162_12.18_10.33.y-170kpc
 0.400946 -0.372697 -0.281623 2 1174_11.96_10.06.y-170kpc
-0.033309 -0.367462  0.031995 2 1189_11.88_10.04.y-170kpc
 0.185679 -0.457046 -0.153096 2 1194_11.97_10.19.y-170kpc
 0.315309 -0.184365  0.101245 2 1269_11.75_10.13.y-170kpc
 0.371934 -0.151574  0.156481 2 1307_11.98_10.44.y-170kpc
 0.062840 -0.376332  0.244487 2 1315_11.87_10.00.y-170kpc
 0.058803 -0.432427  0.477778 2 1345_11.82_10.47.y-170kpc
 0.087461 -0.351175  0.399593 2 1353_12.12_10.54.y-170kpc
 0.174083 -0.327464  0.374663 2 1370_11.75_10.12.y-170kpc
 0.354801 -0.279906  0.372911 2 1372_11.90_10.09.y-170kpc
 0.400900 -0.227423  0.350777 2 1411_12.08_10.57.y-170kpc
 0.413986 -0.222678  0.344681 2 1416_11.78_10.03.y-170kpc
 0.407577 -0.252008  0.358568 2 1429_12.07_10.56.y-170kpc
 0.418921 -0.164641  0.203421 2 1438_12.00_10.49.y-170kpc
 0.083847 -0.108970 -0.138987 2 1534_12.02_10.34.y-170kpc
 0.091298  0.108390 -0.166883 2 1556_12.07_10.59.y-170kpc
-0.308532  0.458445 -0.251722 2 1588_11.95_10.13.y-170kpc
-0.197074  0.458861 -0.260649 2 1594_12.10_10.66.y-170kpc
-0.129006  0.442240 -0.360803 2 1610_11.78_10.30.y-170kpc
 0.138098 -0.057043 -0.323295 2 1648_12.02_10.33.y-170kpc
 0.156156  0.031752 -0.459636 2 1652_12.07_10.27.y-170kpc
 0.136333  0.139335 -0.152158 2 1678_11.87_10.15.y-170kpc
 0.164534  0.295025 -0.233512 2 1815_12.18_10.39.y-170kpc
 0.176474  0.311610 -0.225896 2 1828_11.87_10.10.y-170kpc
-0.394260  0.019426  0.366716 2 1940_11.84_9.865.y-170kpc
-0.380182  0.371134 -0.091062 2 2055_11.98_10.41.y-170kpc
-0.488722  0.422686 -0.058907 2 2056_11.99_10.57.y-170kpc
-0.345159  0.387197 -0.084897 2 2058_11.85_10.19.y-170kpc
-0.215780  0.488475 -0.037457 2 2066_12.06_10.49.y-170kpc
-0.307885  0.338121  0.484824 2 2159_11.99_10.07.y-170kpc
 0.037220  0.007011 -0.116810 2 2181_11.91_10.23.y-170kpc
-0.173940 -0.101949  0.410602 2 2272_11.88_9.987.y-170kpc
-0.023001  0.001339  0.432689 2 2299_12.08_10.40.y-170kpc
 0.182686  0.004074  0.499036 2 2319_12.03_10.24.y-170kpc
 0.019994  0.030220 -0.116386 2 2322_12.22_10.58.y-170kpc
-0.007798  0.082947  0.097117 2 2336_11.98_10.34.y-170kpc
-0.023991  0.084379  0.141734 2 2358_11.90_10.15.y-170kpc
-0.165185  0.032218  0.327504 2 2425_12.22_10.56.y-170kpc
-0.208975  0.261932  0.337660 2 2472_11.98_10.29.y-170kpc
 0.184967  0.240280  0.475419 2 2486_11.90_9.798.y-170kpc
 0.069954  0.262811  0.499216 2 2491_11.79_10.05.y-170kpc
 0.253123  0.330511 -0.244093 2 2548_11.83_9.843.y-170kpc
 0.311637  0.323568 -0.126102 2 2571_11.93_10.39.y-170kpc
 0.375856  0.372849 -0.318033 2 2585_11.93_10.18.y-170kpc
 0.337061  0.407831 -0.321049 2 2693_11.76_10.03.y-170kpc
 0.303247  0.488714 -0.264823 2 2715_11.85_10.21.y-170kpc
 0.271732  0.435357 -0.243216 2 2779_11.78_9.940.y-170kpc
 0.289610  0.415599 -0.199169 2 2785_12.24_10.70.y-170kpc
 0.312223 -0.103480  0.072886 2 2842_11.97_10.24.y-170kpc
 0.353436  0.035789  0.101483 2 2849_12.20_10.69.y-170kpc
 0.351832  0.093345  0.058938 2 2853_11.85_10.21.y-170kpc
-0.287459 -0.224678 -0.423786 2 20_11.83_10.27.y-210kpc
-0.096708 -0.312798 -0.267673 2 184_11.84_10.06.y-210kpc
-0.379083 -0.430422 -0.017665 2 226_12.05_10.60.y-210kpc
-0.367787 -0.454208  0.314506 2 255_11.98_10.39.y-210kpc
-0.438448 -0.295089  0.152272 2 278_11.75_10.00.y-210kpc
-0.313603 -0.314624  0.062420 2 285_11.81_10.06.y-210kpc
-0.345374 -0.308416  0.084953 2 288_11.83_10.00.y-210kpc
-0.188485 -0.297963 -0.018369 2 341_12.06_10.45.y-210kpc
-0.265440 -0.330926  0.004493 2 356_11.88_10.12.y-210kpc
-0.131738 -0.467478  0.302746 2 388_11.97_10.12.y-210kpc
-0.431656 -0.173100  0.363664 2 507_11.77_9.929.y-210kpc
-0.340945 -0.185495  0.394820 2 520_12.13_10.63.y-210kpc
-0.182264 -0.227133  0.484221 2 533_11.96_10.31.y-210kpc
-0.271299 -0.172125  0.425795 2 640_11.81_10.13.y-210kpc
-0.234151 -0.194959  0.457998 2 649_11.97_10.35.y-210kpc
-0.191317 -0.201709  0.465038 2 663_12.06_10.56.y-210kpc
-0.047648 -0.308137 -0.371937 2 704_11.96_10.46.y-210kpc
-0.052922 -0.265165 -0.319943 2 716_11.89_10.28.y-210kpc
 0.380539 -0.326419 -0.387551 2 944_11.77_9.950.y-210kpc
-0.026663 -0.262242 -0.253652 2 1072_12.06_10.26.y-210kpc
 0.029158 -0.292218 -0.254484 2 1092_12.04_9.881.y-210kpc
 0.070007 -0.285187 -0.232975 2 1103_11.89_10.18.y-210kpc
 0.147784 -0.336011 -0.193537 2 1133_11.79_9.868.y-210kpc
 0.340445 -0.472559 -0.264684 2 1162_12.18_10.33.y-210kpc
 0.400946 -0.374297 -0.281623 2 1174_11.96_10.06.y-210kpc
-0.033309 -0.369062  0.031995 2 1189_11.88_10.04.y-210kpc
 0.185679 -0.458646 -0.153096 2 1194_11.97_10.19.y-210kpc
 0.315309 -0.185965  0.101245 2 1269_11.75_10.13.y-210kpc
 0.371934 -0.153174  0.156481 2 1307_11.98_10.44.y-210kpc
 0.062840 -0.377932  0.244487 2 1315_11.87_10.00.y-210kpc
 0.058803 -0.434027  0.477778 2 1345_11.82_10.47.y-210kpc
 0.087461 -0.352775  0.399593 2 1353_12.12_10.54.y-210kpc
 0.174083 -0.329064  0.374663 2 1370_11.75_10.12.y-210kpc
 0.354801 -0.281506  0.372911 2 1372_11.90_10.09.y-210kpc
 0.400900 -0.229023  0.350777 2 1411_12.08_10.57.y-210kpc
 0.413986 -0.224278  0.344681 2 1416_11.78_10.03.y-210kpc
 0.407577 -0.253608  0.358568 2 1429_12.07_10.56.y-210kpc
 0.418921 -0.166241  0.203421 2 1438_12.00_10.49.y-210kpc
 0.083847 -0.110570 -0.138987 2 1534_12.02_10.34.y-210kpc
 0.091298  0.106790 -0.166883 2 1556_12.07_10.59.y-210kpc
-0.308532  0.456845 -0.251722 2 1588_11.95_10.13.y-210kpc
-0.197074  0.457261 -0.260649 2 1594_12.10_10.66.y-210kpc
-0.129006  0.440640 -0.360803 2 1610_11.78_10.30.y-210kpc
 0.138098 -0.058643 -0.323295 2 1648_12.02_10.33.y-210kpc
 0.156156  0.030152 -0.459636 2 1652_12.07_10.27.y-210kpc
 0.136333  0.137735 -0.152158 2 1678_11.87_10.15.y-210kpc
 0.164534  0.293425 -0.233512 2 1815_12.18_10.39.y-210kpc
 0.176474  0.310010 -0.225896 2 1828_11.87_10.10.y-210kpc
-0.394260  0.017826  0.366716 2 1940_11.84_9.865.y-210kpc
-0.380182  0.369534 -0.091062 2 2055_11.98_10.41.y-210kpc
-0.488722  0.421086 -0.058907 2 2056_11.99_10.57.y-210kpc
-0.345159  0.385597 -0.084897 2 2058_11.85_10.19.y-210kpc
-0.215780  0.486875 -0.037457 2 2066_12.06_10.49.y-210kpc
-0.307885  0.336521  0.484824 2 2159_11.99_10.07.y-210kpc
 0.037220  0.005411 -0.116810 2 2181_11.91_10.23.y-210kpc
-0.173940 -0.103549  0.410602 2 2272_11.88_9.987.y-210kpc
-0.023001 -0.000261  0.432689 2 2299_12.08_10.40.y-210kpc
 0.182686  0.002474  0.499036 2 2319_12.03_10.24.y-210kpc
 0.019994  0.028620 -0.116386 2 2322_12.22_10.58.y-210kpc
-0.007798  0.081347  0.097117 2 2336_11.98_10.34.y-210kpc
-0.023991  0.082779  0.141734 2 2358_11.90_10.15.y-210kpc
-0.165185  0.030618  0.327504 2 2425_12.22_10.56.y-210kpc
-0.208975  0.260332  0.337660 2 2472_11.98_10.29.y-210kpc
 0.184967  0.238680  0.475419 2 2486_11.90_9.798.y-210kpc
 0.069954  0.261211  0.499216 2 2491_11.79_10.05.y-210kpc
 0.253123  0.328911 -0.244093 2 2548_11.83_9.843.y-210kpc
 0.311637  0.321968 -0.126102 2 2571_11.93_10.39.y-210kpc
 0.375856  0.371249 -0.318033 2 2585_11.93_10.18.y-210kpc
 0.337061  0.406231 -0.321049 2 2693_11.76_10.03.y-210kpc
 0.303247  0.487114 -0.264823 2 2715_11.85_10.21.y-210kpc
 0.271732  0.433757 -0.243216 2 2779_11.78_9.940.y-210kpc
 0.289610  0.413999 -0.199169 2 2785_12.24_10.70.y-210kpc
 0.312223 -0.105080  0.072886 2 2842_11.97_10.24.y-210kpc
 0.353436  0.034189  0.101483 2 2849_12.20_10.69.y-210kpc
 0.351832  0.091745  0.058938 2 2853_11.85_10.21.y-210kpc
-0.287459 -0.226278 -0.423786 2 20_11.83_10.27.y-250kpc
-0.096708 -0.314398 -0.267673 2 184_11.84_10.06.y-250kpc
-0.379083 -0.432022 -0.017665 2 226_12.05_10.60.y-250kpc
-0.367787 -0.455808  0.314506 2 255_11.98_10.39.y-250kpc
-0.438448 -0.296689  0.152272 2 278_11.75_10.00.y-250kpc
-0.313603 -0.316224  0.062420 2 285_11.81_10.06.y-250kpc
-0.345374 -0.310016  0.084953 2 288_11.83_10.00.y-250kpc
-0.188485 -0.299563 -0.018369 2 341_12.06_10.45.y-250kpc
-0.265440 -0.332526  0.004493 2 356_11.88_10.12.y-250kpc
-0.131738 -0.469078  0.302746 2 388_11.97_10.12.y-250kpc
-0.431656 -0.174700  0.363664 2 507_11.77_9.929.y-250kpc
-0.340945 -0.187095  0.394820 2 520_12.13_10.63.y-250kpc
-0.182264 -0.228733  0.484221 2 533_11.96_10.31.y-250kpc
-0.271299 -0.173725  0.425795 2 640_11.81_10.13.y-250kpc
-0.234151 -0.196559  0.457998 2 649_11.97_10.35.y-250kpc
-0.191317 -0.203309  0.465038 2 663_12.06_10.56.y-250kpc
-0.047648 -0.309737 -0.371937 2 704_11.96_10.46.y-250kpc
-0.052922 -0.266765 -0.319943 2 716_11.89_10.28.y-250kpc
 0.380539 -0.328019 -0.387551 2 944_11.77_9.950.y-250kpc
-0.026663 -0.263842 -0.253652 2 1072_12.06_10.26.y-250kpc
 0.029158 -0.293818 -0.254484 2 1092_12.04_9.881.y-250kpc
 0.070007 -0.286787 -0.232975 2 1103_11.89_10.18.y-250kpc
 0.147784 -0.337611 -0.193537 2 1133_11.79_9.868.y-250kpc
 0.340445 -0.474159 -0.264684 2 1162_12.18_10.33.y-250kpc
 0.400946 -0.375897 -0.281623 2 1174_11.96_10.06.y-250kpc
-0.033309 -0.370662  0.031995 2 1189_11.88_10.04.y-250kpc
 0.185679 -0.460246 -0.153096 2 1194_11.97_10.19.y-250kpc
 0.315309 -0.187565  0.101245 2 1269_11.75_10.13.y-250kpc
 0.371934 -0.154774  0.156481 2 1307_11.98_10.44.y-250kpc
 0.062840 -0.379532  0.244487 2 1315_11.87_10.00.y-250kpc
 0.058803 -0.435627  0.477778 2 1345_11.82_10.47.y-250kpc
 0.087461 -0.354375  0.399593 2 1353_12.12_10.54.y-250kpc
 0.174083 -0.330664  0.374663 2 1370_11.75_10.12.y-250kpc
 0.354801 -0.283106  0.372911 2 1372_11.90_10.09.y-250kpc
 0.400900 -0.230623  0.350777 2 1411_12.08_10.57.y-250kpc
 0.413986 -0.225878  0.344681 2 1416_11.78_10.03.y-250kpc
 0.407577 -0.255208  0.358568 2 1429_12.07_10.56.y-250kpc
 0.418921 -0.167841  0.203421 2 1438_12.00_10.49.y-250kpc
 0.083847 -0.112170 -0.138987 2 1534_12.02_10.34.y-250kpc
 0.091298  0.105190 -0.166883 2 1556_12.07_10.59.y-250kpc
-0.308532  0.455245 -0.251722 2 1588_11.95_10.13.y-250kpc
-0.197074  0.455661 -0.260649 2 1594_12.10_10.66.y-250kpc
-0.129006  0.439040 -0.360803 2 1610_11.78_10.30.y-250kpc
 0.138098 -0.060243 -0.323295 2 1648_12.02_10.33.y-250kpc
 0.156156  0.028552 -0.459636 2 1652_12.07_10.27.y-250kpc
 0.136333  0.136135 -0.152158 2 1678_11.87_10.15.y-250kpc
 0.164534  0.291825 -0.233512 2 1815_12.18_10.39.y-250kpc
 0.176474  0.308410 -0.225896 2 1828_11.87_10.10.y-250kpc
-0.394260  0.016226  0.366716 2 1940_11.84_9.865.y-250kpc
-0.380182  0.367934 -0.091062 2 2055_11.98_10.41.y-250kpc
-0.488722  0.419486 -0.058907 2 2056_11.99_10.57.y-250kpc
-0.345159  0.383997 -0.084897 2 2058_11.85_10.19.y-250kpc
-0.215780  0.485275 -0.037457 2 2066_12.06_10.49.y-250kpc
-0.307885  0.334921  0.484824 2 2159_11.99_10.07.y-250kpc
 0.037220  0.003811 -0.116810 2 2181_11.91_10.23.y-250kpc
-0.173940 -0.105149  0.410602 2 2272_11.88_9.987.y-250kpc
-0.023001 -0.001861  0.432689 2 2299_12.08_10.40.y-250kpc
 0.182686  0.000874  0.499036 2 2319_12.03_10.24.y-250kpc
 0.019994  0.027020 -0.116386 2 2322_12.22_10.58.y-250kpc
-0.007798  0.079747  0.097117 2 2336_11.98_10.34.y-250kpc
-0.023991  0.081180  0.141734 2 2358_11.90_10.15.y-250kpc
-0.165185  0.029018  0.327504 2 2425_12.22_10.56.y-250kpc
-0.208975  0.258732  0.337660 2 2472_11.98_10.29.y-250kpc
 0.184967  0.237080  0.475419 2 2486_11.90_9.798.y-250kpc
 0.069954  0.259611  0.499216 2 2491_11.79_10.05.y-250kpc
 0.253123  0.327311 -0.244093 2 2548_11.83_9.843.y-250kpc
 0.311637  0.320368 -0.126102 2 2571_11.93_10.39.y-250kpc
 0.375856  0.369649 -0.318033 2 2585_11.93_10.18.y-250kpc
 0.337061  0.404631 -0.321049 2 2693_11.76_10.03.y-250kpc
 0.303247  0.485514 -0.264823 2 2715_11.85_10.21.y-250kpc
 0.271732  0.432157 -0.243216 2 2779_11.78_9.940.y-250kpc
 0.289610  0.412399 -0.199169 2 2785_12.24_10.70.y-250kpc
 0.312223 -0.106680  0.072886 2 2842_11.97_10.24.y-250kpc
 0.353436  0.032589  0.101483 2 2849_12.20_10.69.y-250kpc
 0.351832  0.090145  0.058938 2 2853_11.85_10.21.y-250kpc
-0.287459 -0.227878 -0.423786 2 20_11.83_10.27.y-290kpc
-0.096708 -0.315998 -0.267673 2 184_11.84_10.06.y-290kpc
-0.379083 -0.433622 -0.017665 2 226_12.05_10.60.y-290kpc
-0.367787 -0.457408  0.314506 2 255_11.98_10.39.y-290kpc
-0.438448 -0.298289  0.152272 2 278_11.75_10.00.y-290kpc
-0.313603 -0.317824  0.062420 2 285_11.81_10.06.y-290kpc
-0.345374 -0.311616  0.084953 2 288_11.83_10.00.y-290kpc
-0.188485 -0.301163 -0.018369 2 341_12.06_10.45.y-290kpc
-0.265440 -0.334126  0.004493 2 356_11.88_10.12.y-290kpc
-0.131738 -0.470678  0.302746 2 388_11.97_10.12.y-290kpc
-0.431656 -0.176300  0.363664 2 507_11.77_9.929.y-290kpc
-0.340945 -0.188695  0.394820 2 520_12.13_10.63.y-290kpc
-0.182264 -0.230333  0.484221 2 533_11.96_10.31.y-290kpc
-0.271299 -0.175325  0.425795 2 640_11.81_10.13.y-290kpc
-0.234151 -0.198159  0.457998 2 649_11.97_10.35.y-290kpc
-0.191317 -0.204909  0.465038 2 663_12.06_10.56.y-290kpc
-0.047648 -0.311337 -0.371937 2 704_11.96_10.46.y-290kpc
-0.052922 -0.268365 -0.319943 2 716_11.89_10.28.y-290kpc
 0.380539 -0.329619 -0.387551 2 944_11.77_9.950.y-290kpc
-0.026663 -0.265442 -0.253652 2 1072_12.06_10.26.y-290kpc
 0.029158 -0.295418 -0.254484 2 1092_12.04_9.881.y-290kpc
 0.070007 -0.288387 -0.232975 2 1103_11.89_10.18.y-290kpc
 0.147784 -0.339211 -0.193537 2 1133_11.79_9.868.y-290kpc
 0.340445 -0.475759 -0.264684 2 1162_12.18_10.33.y-290kpc
 0.400946 -0.377497 -0.281623 2 1174_11.96_10.06.y-290kpc
-0.033309 -0.372262  0.031995 2 1189_11.88_10.04.y-290kpc
 0.185679 -0.461846 -0.153096 2 1194_11.97_10.19.y-290kpc
 0.315309 -0.189165  0.101245 2 1269_11.75_10.13.y-290kpc
 0.371934 -0.156374  0.156481 2 1307_11.98_10.44.y-290kpc
 0.062840 -0.381132  0.244487 2 1315_11.87_10.00.y-290kpc
 0.058803 -0.437227  0.477778 2 1345_11.82_10.47.y-290kpc
 0.087461 -0.355975  0.399593 2 1353_12.12_10.54.y-290kpc
 0.174083 -0.332264  0.374663 2 1370_11.75_10.12.y-290kpc
 0.354801 -0.284706  0.372911 2 1372_11.90_10.09.y-290kpc
 0.400900 -0.232223  0.350777 2 1411_12.08_10.57.y-290kpc
 0.413986 -0.227478  0.344681 2 1416_11.78_10.03.y-290kpc
 0.407577 -0.256808  0.358568 2 1429_12.07_10.56.y-290kpc
 0.418921 -0.169441  0.203421 2 1438_12.00_10.49.y-290kpc
 0.083847 -0.113770 -0.138987 2 1534_12.02_10.34.y-290kpc
 0.091298  0.103590 -0.166883 2 1556_12.07_10.59.y-290kpc
-0.308532  0.453645 -0.251722 2 1588_11.95_10.13.y-290kpc
-0.197074  0.454061 -0.260649 2 1594_12.10_10.66.y-290kpc
-0.129006  0.437440 -0.360803 2 1610_11.78_10.30.y-290kpc
 0.138098 -0.061843 -0.323295 2 1648_12.02_10.33.y-290kpc
 0.156156  0.026952 -0.459636 2 1652_12.07_10.27.y-290kpc
 0.136333  0.134535 -0.152158 2 1678_11.87_10.15.y-290kpc
 0.164534  0.290225 -0.233512 2 1815_12.18_10.39.y-290kpc
 0.176474  0.306810 -0.225896 2 1828_11.87_10.10.y-290kpc
-0.394260  0.014626  0.366716 2 1940_11.84_9.865.y-290kpc
-0.380182  0.366334 -0.091062 2 2055_11.98_10.41.y-290kpc
-0.488722  0.417886 -0.058907 2 2056_11.99_10.57.y-290kpc
-0.345159  0.382397 -0.084897 2 2058_11.85_10.19.y-290kpc
-0.215780  0.483675 -0.037457 2 2066_12.06_10.49.y-290kpc
-0.307885  0.333321  0.484824 2 2159_11.99_10.07.y-290kpc
 0.037220  0.002211 -0.116810 2 2181_11.91_10.23.y-290kpc
-0.173940 -0.106749  0.410602 2 2272_11.88_9.987.y-290kpc
-0.023001 -0.003461  0.432689 2 2299_12.08_10.40.y-290kpc
 0.182686 -0.000726  0.499036 2 2319_12.03_10.24.y-290kpc
 0.019994  0.025420 -0.116386 2 2322_12.22_10.58.y-290kpc
-0.007798  0.078147  0.097117 2 2336_11.98_10.34.y-290kpc
-0.023991  0.079579  0.141734 2 2358_11.90_10.15.y-290kpc
-0.165185  0.027418  0.327504 2 2425_12.22_10.56.y-290kpc
-0.208975  0.257132  0.337660 2 2472_11.98_10.29.y-290kpc
 0.184967  0.235480  0.475419 2 2486_11.90_9.798.y-290kpc
 0.069954  0.258011  0.499216 2 2491_11.79_10.05.y-290kpc
 0.253123  0.325711 -0.244093 2 2548_11.83_9.843.y-290kpc
 0.311637  0.318768 -0.126102 2 2571_11.93_10.39.y-290kpc
 0.375856  0.368049 -0.318033 2 2585_11.93_10.18.y-290kpc
 0.337061  0.403031 -0.321049 2 2693_11.76_10.03.y-290kpc
 0.303247  0.483914 -0.264823 2 2715_11.85_10.21.y-290kpc
 0.271732  0.430557 -0.243216 2 2779_11.78_9.940.y-290kpc
 0.289610  0.410799 -0.199169 2 2785_12.24_10.70.y-290kpc
 0.312223 -0.108280  0.072886 2 2842_11.97_10.24.y-290kpc
 0.353436  0.030989  0.101483 2 2849_12.20_10.69.y-290kpc
 0.351832  0.088545  0.058938 2 2853_11.85_10.21.y-290kpc
