-0.288626 -0.215529 -0.419041 2 8_11.83_10.25.y+10kpc
-0.278829 -0.187781 -0.468647 2 19_11.77_9.934.y+10kpc
-0.151312 -0.305398 -0.263022 2 84_12.13_10.74.y+10kpc
-0.048737 -0.299065 -0.375889 2 99_11.97_10.39.y+10kpc
-0.052249 -0.251930 -0.324501 2 112_11.91_10.33.y+10kpc
-0.103456 -0.305629 -0.266893 2 153_11.82_10.19.y+10kpc
-0.024313 -0.248317 -0.249652 2 245_12.00_10.15.y+10kpc
 0.033843 -0.281331 -0.250115 2 321_12.07_9.916.y+10kpc
 0.072925 -0.274944 -0.232618 2 325_11.89_10.15.y+10kpc
 0.378811 -0.316309 -0.392897 2 397_11.82_9.966.y+10kpc
 0.307298 -0.499278 -0.263609 2 418_11.83_10.44.y+10kpc
 0.344038 -0.462008 -0.263513 2 431_12.17_10.39.y+10kpc
 0.151308 -0.327311 -0.188466 2 433_11.77_9.873.y+10kpc
 0.185649 -0.446862 -0.148137 2 434_11.97_10.39.y+10kpc
 0.181524 -0.230361 -0.214402 2 463_11.82_9.800.y+10kpc
 0.407959 -0.365483 -0.279335 2 502_11.96_10.40.y+10kpc
 0.088213  0.114236 -0.166674 2 555_12.05_10.64.y+10kpc
-0.312443  0.461017 -0.248965 2 587_11.92_10.33.y+10kpc
-0.133257  0.443707 -0.361409 2 600_11.80_10.15.y+10kpc
-0.197213  0.463844 -0.260147 2 612_12.11_10.71.y+10kpc
 0.139391 -0.049027 -0.324262 2 642_12.01_10.33.y+10kpc
 0.156518  0.039150 -0.460981 2 649_12.03_10.48.y+10kpc
 0.137418  0.143153 -0.151452 2 663_11.88_10.39.y+10kpc
 0.164063  0.294775 -0.232133 2 716_11.99_10.49.y+10kpc
 0.173638  0.315645 -0.227927 2 717_11.88_10.25.y+10kpc
 0.256130  0.333159 -0.245307 2 814_11.80_9.878.y+10kpc
 0.434716  0.349941 -0.361694 2 840_12.22_10.65.y+10kpc
 0.383285  0.377238 -0.319017 2 859_11.97_10.33.y+10kpc
 0.384358  0.356763 -0.238142 2 863_11.81_10.10.y+10kpc
 0.294037  0.422386 -0.198279 2 968_12.23_10.62.y+10kpc
-0.379453 -0.422755 -0.018373 2 999_12.07_10.39.y+10kpc
-0.313032 -0.304327  0.060105 2 1012_11.83_10.17.y+10kpc
-0.344324 -0.296071  0.081346 2 1014_11.87_10.29.y+10kpc
-0.269331 -0.322411  0.004231 2 1017_11.90_10.33.y+10kpc
-0.433346 -0.288551  0.149077 2 1027_11.78_10.32.y+10kpc
-0.366791 -0.447266  0.313809 2 1029_12.00_10.44.y+10kpc
-0.429597 -0.160829  0.362184 2 1140_11.76_9.903.y+10kpc
-0.340838 -0.173497  0.394395 2 1150_12.14_10.60.y+10kpc
-0.270005 -0.161908  0.425088 2 1164_11.87_10.24.y+10kpc
-0.189064 -0.289233 -0.018992 2 1184_12.07_10.43.y+10kpc
-0.128218 -0.461319  0.302790 2 1245_11.95_10.39.y+10kpc
-0.159825 -0.394206  0.308357 2 1246_11.76_10.18.y+10kpc
-0.181993 -0.215983  0.483305 2 1269_11.95_10.31.y+10kpc
-0.232734 -0.185879  0.458300 2 1307_11.98_10.35.y+10kpc
-0.192250 -0.193936  0.462531 2 1309_12.01_10.47.y+10kpc
-0.032371 -0.362521  0.032550 2 1334_11.82_10.20.y+10kpc
 0.375097 -0.142266  0.152442 2 1366_11.97_10.27.y+10kpc
 0.416618 -0.158298  0.202643 2 1392_12.04_10.58.y+10kpc
 0.065352 -0.370446  0.244655 2 1421_11.88_10.36.y+10kpc
 0.061084 -0.427766  0.473632 2 1422_11.83_10.33.y+10kpc
 0.088160 -0.343943  0.397555 2 1425_12.09_10.39.y+10kpc
 0.353449 -0.275216  0.371189 2 1448_11.88_10.18.y+10kpc
 0.177159 -0.322468  0.372225 2 1450_11.76_10.34.y+10kpc
 0.405520 -0.247256  0.358197 2 1465_12.09_10.66.y+10kpc
 0.407911 -0.383326  0.499865 2 1472_11.91_10.25.y+10kpc
 0.410179 -0.217561  0.345486 2 1480_11.78_10.18.y+10kpc
 0.398285 -0.220479  0.350363 2 1483_12.07_10.56.y+10kpc
-0.486356  0.427640 -0.058488 2 1529_12.02_10.56.y+10kpc
-0.379353  0.377169 -0.088577 2 1532_11.99_10.65.y+10kpc
-0.343510  0.392195 -0.084015 2 1533_11.87_10.20.y+10kpc
-0.215109  0.493471 -0.035642 2 1537_12.09_10.66.y+10kpc
 0.082153 -0.099975 -0.135446 2 1568_12.02_10.43.y+10kpc
 0.033774  0.015633 -0.113701 2 1583_11.89_10.37.y+10kpc
 0.015599  0.038510 -0.117365 2 1617_12.10_10.55.y+10kpc
-0.008043  0.090290  0.096972 2 1629_11.97_10.33.y+10kpc
-0.023796  0.093582  0.140723 2 1630_11.84_10.34.y+10kpc
-0.160300  0.039304  0.325582 2 1657_12.19_10.56.y+10kpc
-0.409822 -0.082175  0.364887 2 1695_11.84_10.20.y+10kpc
-0.392288  0.026621  0.367237 2 1717_11.85_9.963.y+10kpc
-0.170603 -0.090332  0.410199 2 1781_11.89_10.13.y+10kpc
-0.020505  0.010476  0.433248 2 1796_12.11_10.50.y+10kpc
-0.305530  0.345660  0.486838 2 1825_12.04_10.52.y+10kpc
-0.207613  0.271044  0.336471 2 1827_12.02_10.47.y+10kpc
-0.244293  0.251910  0.373659 2 1832_11.75_10.07.y+10kpc
 0.066872  0.267717  0.498361 2 1857_11.86_10.32.y+10kpc
-0.288626 -0.213929 -0.419041 2 8_11.83_10.25.y+50kpc
-0.278829 -0.186181 -0.468647 2 19_11.77_9.934.y+50kpc
-0.151312 -0.303798 -0.263022 2 84_12.13_10.74.y+50kpc
-0.048737 -0.297465 -0.375889 2 99_11.97_10.39.y+50kpc
-0.052249 -0.250330 -0.324501 2 112_11.91_10.33.y+50kpc
-0.103456 -0.304029 -0.266893 2 153_11.82_10.19.y+50kpc
-0.024313 -0.246717 -0.249652 2 245_12.00_10.15.y+50kpc
 0.033843 -0.279731 -0.250115 2 321_12.07_9.916.y+50kpc
 0.072925 -0.273344 -0.232618 2 325_11.89_10.15.y+50kpc
 0.378811 -0.314709 -0.392897 2 397_11.82_9.966.y+50kpc
 0.307298 -0.497678 -0.263609 2 418_11.83_10.44.y+50kpc
 0.344038 -0.460408 -0.263513 2 431_12.17_10.39.y+50kpc
 0.151308 -0.325711 -0.188466 2 433_11.77_9.873.y+50kpc
 0.185649 -0.445262 -0.148137 2 434_11.97_10.39.y+50kpc
 0.181524 -0.228761 -0.214402 2 463_11.82_9.800.y+50kpc
 0.407959 -0.363883 -0.279335 2 502_11.96_10.40.y+50kpc
 0.088213  0.115836 -0.166674 2 555_12.05_10.64.y+50kpc
-0.312443  0.462617 -0.248965 2 587_11.92_10.33.y+50kpc
-0.133257  0.445307 -0.361409 2 600_11.80_10.15.y+50kpc
-0.197213  0.465444 -0.260147 2 612_12.11_10.71.y+50kpc
 0.139391 -0.047427 -0.324262 2 642_12.01_10.33.y+50kpc
 0.156518  0.040750 -0.460981 2 649_12.03_10.48.y+50kpc
 0.137418  0.144753 -0.151452 2 663_11.88_10.39.y+50kpc
 0.164063  0.296375 -0.232133 2 716_11.99_10.49.y+50kpc
 0.173638  0.317245 -0.227927 2 717_11.88_10.25.y+50kpc
 0.256130  0.334759 -0.245307 2 814_11.80_9.878.y+50kpc
 0.434716  0.351541 -0.361694 2 840_12.22_10.65.y+50kpc
 0.383285  0.378838 -0.319017 2 859_11.97_10.33.y+50kpc
 0.384358  0.358363 -0.238142 2 863_11.81_10.10.y+50kpc
 0.294037  0.423986 -0.198279 2 968_12.23_10.62.y+50kpc
-0.379453 -0.421155 -0.018373 2 999_12.07_10.39.y+50kpc
-0.313032 -0.302727  0.060105 2 1012_11.83_10.17.y+50kpc
-0.344324 -0.294471  0.081346 2 1014_11.87_10.29.y+50kpc
-0.269331 -0.320811  0.004231 2 1017_11.90_10.33.y+50kpc
-0.433346 -0.286951  0.149077 2 1027_11.78_10.32.y+50kpc
-0.366791 -0.445666  0.313809 2 1029_12.00_10.44.y+50kpc
-0.429597 -0.159229  0.362184 2 1140_11.76_9.903.y+50kpc
-0.340838 -0.171897  0.394395 2 1150_12.14_10.60.y+50kpc
-0.270005 -0.160308  0.425088 2 1164_11.87_10.24.y+50kpc
-0.189064 -0.287633 -0.018992 2 1184_12.07_10.43.y+50kpc
-0.128218 -0.459719  0.302790 2 1245_11.95_10.39.y+50kpc
-0.159825 -0.392606  0.308357 2 1246_11.76_10.18.y+50kpc
-0.181993 -0.214383  0.483305 2 1269_11.95_10.31.y+50kpc
-0.232734 -0.184279  0.458300 2 1307_11.98_10.35.y+50kpc
-0.192250 -0.192336  0.462531 2 1309_12.01_10.47.y+50kpc
-0.032371 -0.360921  0.032550 2 1334_11.82_10.20.y+50kpc
 0.375097 -0.140666  0.152442 2 1366_11.97_10.27.y+50kpc
 0.416618 -0.156698  0.202643 2 1392_12.04_10.58.y+50kpc
 0.065352 -0.368846  0.244655 2 1421_11.88_10.36.y+50kpc
 0.061084 -0.426166  0.473632 2 1422_11.83_10.33.y+50kpc
 0.088160 -0.342343  0.397555 2 1425_12.09_10.39.y+50kpc
 0.353449 -0.273616  0.371189 2 1448_11.88_10.18.y+50kpc
 0.177159 -0.320868  0.372225 2 1450_11.76_10.34.y+50kpc
 0.405520 -0.245656  0.358197 2 1465_12.09_10.66.y+50kpc
 0.407911 -0.381726  0.499865 2 1472_11.91_10.25.y+50kpc
 0.410179 -0.215961  0.345486 2 1480_11.78_10.18.y+50kpc
 0.398285 -0.218879  0.350363 2 1483_12.07_10.56.y+50kpc
-0.486356  0.429240 -0.058488 2 1529_12.02_10.56.y+50kpc
-0.379353  0.378769 -0.088577 2 1532_11.99_10.65.y+50kpc
-0.343510  0.393795 -0.084015 2 1533_11.87_10.20.y+50kpc
-0.215109  0.495071 -0.035642 2 1537_12.09_10.66.y+50kpc
 0.082153 -0.098375 -0.135446 2 1568_12.02_10.43.y+50kpc
 0.033774  0.017233 -0.113701 2 1583_11.89_10.37.y+50kpc
 0.015599  0.040110 -0.117365 2 1617_12.10_10.55.y+50kpc
-0.008043  0.091890  0.096972 2 1629_11.97_10.33.y+50kpc
-0.023796  0.095182  0.140723 2 1630_11.84_10.34.y+50kpc
-0.160300  0.040904  0.325582 2 1657_12.19_10.56.y+50kpc
-0.409822 -0.080575  0.364887 2 1695_11.84_10.20.y+50kpc
-0.392288  0.028221  0.367237 2 1717_11.85_9.963.y+50kpc
-0.170603 -0.088732  0.410199 2 1781_11.89_10.13.y+50kpc
-0.020505  0.012076  0.433248 2 1796_12.11_10.50.y+50kpc
-0.305530  0.347260  0.486838 2 1825_12.04_10.52.y+50kpc
-0.207613  0.272644  0.336471 2 1827_12.02_10.47.y+50kpc
-0.244293  0.253510  0.373659 2 1832_11.75_10.07.y+50kpc
 0.066872  0.269317  0.498361 2 1857_11.86_10.32.y+50kpc
-0.288626 -0.212329 -0.419041 2 8_11.83_10.25.y+90kpc
-0.278829 -0.184581 -0.468647 2 19_11.77_9.934.y+90kpc
-0.151312 -0.302198 -0.263022 2 84_12.13_10.74.y+90kpc
-0.048737 -0.295865 -0.375889 2 99_11.97_10.39.y+90kpc
-0.052249 -0.248730 -0.324501 2 112_11.91_10.33.y+90kpc
-0.103456 -0.302429 -0.266893 2 153_11.82_10.19.y+90kpc
-0.024313 -0.245117 -0.249652 2 245_12.00_10.15.y+90kpc
 0.033843 -0.278131 -0.250115 2 321_12.07_9.916.y+90kpc
 0.072925 -0.271744 -0.232618 2 325_11.89_10.15.y+90kpc
 0.378811 -0.313109 -0.392897 2 397_11.82_9.966.y+90kpc
 0.307298 -0.496078 -0.263609 2 418_11.83_10.44.y+90kpc
 0.344038 -0.458808 -0.263513 2 431_12.17_10.39.y+90kpc
 0.151308 -0.324111 -0.188466 2 433_11.77_9.873.y+90kpc
 0.185649 -0.443662 -0.148137 2 434_11.97_10.39.y+90kpc
 0.181524 -0.227161 -0.214402 2 463_11.82_9.800.y+90kpc
 0.407959 -0.362283 -0.279335 2 502_11.96_10.40.y+90kpc
 0.088213  0.117436 -0.166674 2 555_12.05_10.64.y+90kpc
-0.312443  0.464217 -0.248965 2 587_11.92_10.33.y+90kpc
-0.133257  0.446907 -0.361409 2 600_11.80_10.15.y+90kpc
-0.197213  0.467044 -0.260147 2 612_12.11_10.71.y+90kpc
 0.139391 -0.045827 -0.324262 2 642_12.01_10.33.y+90kpc
 0.156518  0.042350 -0.460981 2 649_12.03_10.48.y+90kpc
 0.137418  0.146353 -0.151452 2 663_11.88_10.39.y+90kpc
 0.164063  0.297975 -0.232133 2 716_11.99_10.49.y+90kpc
 0.173638  0.318845 -0.227927 2 717_11.88_10.25.y+90kpc
 0.256130  0.336359 -0.245307 2 814_11.80_9.878.y+90kpc
 0.434716  0.353141 -0.361694 2 840_12.22_10.65.y+90kpc
 0.383285  0.380438 -0.319017 2 859_11.97_10.33.y+90kpc
 0.384358  0.359963 -0.238142 2 863_11.81_10.10.y+90kpc
 0.294037  0.425586 -0.198279 2 968_12.23_10.62.y+90kpc
-0.379453 -0.419555 -0.018373 2 999_12.07_10.39.y+90kpc
-0.313032 -0.301127  0.060105 2 1012_11.83_10.17.y+90kpc
-0.344324 -0.292871  0.081346 2 1014_11.87_10.29.y+90kpc
-0.269331 -0.319211  0.004231 2 1017_11.90_10.33.y+90kpc
-0.433346 -0.285351  0.149077 2 1027_11.78_10.32.y+90kpc
-0.366791 -0.444066  0.313809 2 1029_12.00_10.44.y+90kpc
-0.429597 -0.157629  0.362184 2 1140_11.76_9.903.y+90kpc
-0.340838 -0.170297  0.394395 2 1150_12.14_10.60.y+90kpc
-0.270005 -0.158708  0.425088 2 1164_11.87_10.24.y+90kpc
-0.189064 -0.286033 -0.018992 2 1184_12.07_10.43.y+90kpc
-0.128218 -0.458119  0.302790 2 1245_11.95_10.39.y+90kpc
-0.159825 -0.391006  0.308357 2 1246_11.76_10.18.y+90kpc
-0.181993 -0.212783  0.483305 2 1269_11.95_10.31.y+90kpc
-0.232734 -0.182679  0.458300 2 1307_11.98_10.35.y+90kpc
-0.192250 -0.190736  0.462531 2 1309_12.01_10.47.y+90kpc
-0.032371 -0.359321  0.032550 2 1334_11.82_10.20.y+90kpc
 0.375097 -0.139066  0.152442 2 1366_11.97_10.27.y+90kpc
 0.416618 -0.155098  0.202643 2 1392_12.04_10.58.y+90kpc
 0.065352 -0.367246  0.244655 2 1421_11.88_10.36.y+90kpc
 0.061084 -0.424566  0.473632 2 1422_11.83_10.33.y+90kpc
 0.088160 -0.340743  0.397555 2 1425_12.09_10.39.y+90kpc
 0.353449 -0.272016  0.371189 2 1448_11.88_10.18.y+90kpc
 0.177159 -0.319268  0.372225 2 1450_11.76_10.34.y+90kpc
 0.405520 -0.244056  0.358197 2 1465_12.09_10.66.y+90kpc
 0.407911 -0.380126  0.499865 2 1472_11.91_10.25.y+90kpc
 0.410179 -0.214361  0.345486 2 1480_11.78_10.18.y+90kpc
 0.398285 -0.217279  0.350363 2 1483_12.07_10.56.y+90kpc
-0.486356  0.430840 -0.058488 2 1529_12.02_10.56.y+90kpc
-0.379353  0.380369 -0.088577 2 1532_11.99_10.65.y+90kpc
-0.343510  0.395395 -0.084015 2 1533_11.87_10.20.y+90kpc
-0.215109  0.496671 -0.035642 2 1537_12.09_10.66.y+90kpc
 0.082153 -0.096775 -0.135446 2 1568_12.02_10.43.y+90kpc
 0.033774  0.018833 -0.113701 2 1583_11.89_10.37.y+90kpc
 0.015599  0.041710 -0.117365 2 1617_12.10_10.55.y+90kpc
-0.008043  0.093490  0.096972 2 1629_11.97_10.33.y+90kpc
-0.023796  0.096782  0.140723 2 1630_11.84_10.34.y+90kpc
-0.160300  0.042504  0.325582 2 1657_12.19_10.56.y+90kpc
-0.409822 -0.078975  0.364887 2 1695_11.84_10.20.y+90kpc
-0.392288  0.029821  0.367237 2 1717_11.85_9.963.y+90kpc
-0.170603 -0.087132  0.410199 2 1781_11.89_10.13.y+90kpc
-0.020505  0.013676  0.433248 2 1796_12.11_10.50.y+90kpc
-0.305530  0.348860  0.486838 2 1825_12.04_10.52.y+90kpc
-0.207613  0.274244  0.336471 2 1827_12.02_10.47.y+90kpc
-0.244293  0.255110  0.373659 2 1832_11.75_10.07.y+90kpc
 0.066872  0.270917  0.498361 2 1857_11.86_10.32.y+90kpc
-0.288626 -0.210729 -0.419041 2 8_11.83_10.25.y+130kpc
-0.278829 -0.182981 -0.468647 2 19_11.77_9.934.y+130kpc
-0.151312 -0.300598 -0.263022 2 84_12.13_10.74.y+130kpc
-0.048737 -0.294265 -0.375889 2 99_11.97_10.39.y+130kpc
-0.052249 -0.247130 -0.324501 2 112_11.91_10.33.y+130kpc
-0.103456 -0.300829 -0.266893 2 153_11.82_10.19.y+130kpc
-0.024313 -0.243517 -0.249652 2 245_12.00_10.15.y+130kpc
 0.033843 -0.276531 -0.250115 2 321_12.07_9.916.y+130kpc
 0.072925 -0.270144 -0.232618 2 325_11.89_10.15.y+130kpc
 0.378811 -0.311509 -0.392897 2 397_11.82_9.966.y+130kpc
 0.307298 -0.494478 -0.263609 2 418_11.83_10.44.y+130kpc
 0.344038 -0.457208 -0.263513 2 431_12.17_10.39.y+130kpc
 0.151308 -0.322511 -0.188466 2 433_11.77_9.873.y+130kpc
 0.185649 -0.442062 -0.148137 2 434_11.97_10.39.y+130kpc
 0.181524 -0.225561 -0.214402 2 463_11.82_9.800.y+130kpc
 0.407959 -0.360683 -0.279335 2 502_11.96_10.40.y+130kpc
 0.088213  0.119036 -0.166674 2 555_12.05_10.64.y+130kpc
-0.312443  0.465817 -0.248965 2 587_11.92_10.33.y+130kpc
-0.133257  0.448507 -0.361409 2 600_11.80_10.15.y+130kpc
-0.197213  0.468644 -0.260147 2 612_12.11_10.71.y+130kpc
 0.139391 -0.044227 -0.324262 2 642_12.01_10.33.y+130kpc
 0.156518  0.043950 -0.460981 2 649_12.03_10.48.y+130kpc
 0.137418  0.147953 -0.151452 2 663_11.88_10.39.y+130kpc
 0.164063  0.299575 -0.232133 2 716_11.99_10.49.y+130kpc
 0.173638  0.320445 -0.227927 2 717_11.88_10.25.y+130kpc
 0.256130  0.337959 -0.245307 2 814_11.80_9.878.y+130kpc
 0.434716  0.354741 -0.361694 2 840_12.22_10.65.y+130kpc
 0.383285  0.382038 -0.319017 2 859_11.97_10.33.y+130kpc
 0.384358  0.361563 -0.238142 2 863_11.81_10.10.y+130kpc
 0.294037  0.427186 -0.198279 2 968_12.23_10.62.y+130kpc
-0.379453 -0.417955 -0.018373 2 999_12.07_10.39.y+130kpc
-0.313032 -0.299527  0.060105 2 1012_11.83_10.17.y+130kpc
-0.344324 -0.291271  0.081346 2 1014_11.87_10.29.y+130kpc
-0.269331 -0.317611  0.004231 2 1017_11.90_10.33.y+130kpc
-0.433346 -0.283751  0.149077 2 1027_11.78_10.32.y+130kpc
-0.366791 -0.442466  0.313809 2 1029_12.00_10.44.y+130kpc
-0.429597 -0.156029  0.362184 2 1140_11.76_9.903.y+130kpc
-0.340838 -0.168697  0.394395 2 1150_12.14_10.60.y+130kpc
-0.270005 -0.157108  0.425088 2 1164_11.87_10.24.y+130kpc
-0.189064 -0.284433 -0.018992 2 1184_12.07_10.43.y+130kpc
-0.128218 -0.456519  0.302790 2 1245_11.95_10.39.y+130kpc
-0.159825 -0.389406  0.308357 2 1246_11.76_10.18.y+130kpc
-0.181993 -0.211183  0.483305 2 1269_11.95_10.31.y+130kpc
-0.232734 -0.181079  0.458300 2 1307_11.98_10.35.y+130kpc
-0.192250 -0.189136  0.462531 2 1309_12.01_10.47.y+130kpc
-0.032371 -0.357721  0.032550 2 1334_11.82_10.20.y+130kpc
 0.375097 -0.137466  0.152442 2 1366_11.97_10.27.y+130kpc
 0.416618 -0.153498  0.202643 2 1392_12.04_10.58.y+130kpc
 0.065352 -0.365646  0.244655 2 1421_11.88_10.36.y+130kpc
 0.061084 -0.422966  0.473632 2 1422_11.83_10.33.y+130kpc
 0.088160 -0.339143  0.397555 2 1425_12.09_10.39.y+130kpc
 0.353449 -0.270416  0.371189 2 1448_11.88_10.18.y+130kpc
 0.177159 -0.317668  0.372225 2 1450_11.76_10.34.y+130kpc
 0.405520 -0.242456  0.358197 2 1465_12.09_10.66.y+130kpc
 0.407911 -0.378526  0.499865 2 1472_11.91_10.25.y+130kpc
 0.410179 -0.212761  0.345486 2 1480_11.78_10.18.y+130kpc
 0.398285 -0.215679  0.350363 2 1483_12.07_10.56.y+130kpc
-0.486356  0.432440 -0.058488 2 1529_12.02_10.56.y+130kpc
-0.379353  0.381969 -0.088577 2 1532_11.99_10.65.y+130kpc
-0.343510  0.396995 -0.084015 2 1533_11.87_10.20.y+130kpc
-0.215109  0.498271 -0.035642 2 1537_12.09_10.66.y+130kpc
 0.082153 -0.095175 -0.135446 2 1568_12.02_10.43.y+130kpc
 0.033774  0.020433 -0.113701 2 1583_11.89_10.37.y+130kpc
 0.015599  0.043310 -0.117365 2 1617_12.10_10.55.y+130kpc
-0.008043  0.095090  0.096972 2 1629_11.97_10.33.y+130kpc
-0.023796  0.098382  0.140723 2 1630_11.84_10.34.y+130kpc
-0.160300  0.044104  0.325582 2 1657_12.19_10.56.y+130kpc
-0.409822 -0.077375  0.364887 2 1695_11.84_10.20.y+130kpc
-0.392288  0.031421  0.367237 2 1717_11.85_9.963.y+130kpc
-0.170603 -0.085532  0.410199 2 1781_11.89_10.13.y+130kpc
-0.020505  0.015276  0.433248 2 1796_12.11_10.50.y+130kpc
-0.305530  0.350460  0.486838 2 1825_12.04_10.52.y+130kpc
-0.207613  0.275844  0.336471 2 1827_12.02_10.47.y+130kpc
-0.244293  0.256710  0.373659 2 1832_11.75_10.07.y+130kpc
 0.066872  0.272517  0.498361 2 1857_11.86_10.32.y+130kpc
-0.288626 -0.209129 -0.419041 2 8_11.83_10.25.y+170kpc
-0.278829 -0.181381 -0.468647 2 19_11.77_9.934.y+170kpc
-0.151312 -0.298998 -0.263022 2 84_12.13_10.74.y+170kpc
-0.048737 -0.292665 -0.375889 2 99_11.97_10.39.y+170kpc
-0.052249 -0.245530 -0.324501 2 112_11.91_10.33.y+170kpc
-0.103456 -0.299229 -0.266893 2 153_11.82_10.19.y+170kpc
-0.024313 -0.241917 -0.249652 2 245_12.00_10.15.y+170kpc
 0.033843 -0.274931 -0.250115 2 321_12.07_9.916.y+170kpc
 0.072925 -0.268544 -0.232618 2 325_11.89_10.15.y+170kpc
 0.378811 -0.309909 -0.392897 2 397_11.82_9.966.y+170kpc
 0.307298 -0.492878 -0.263609 2 418_11.83_10.44.y+170kpc
 0.344038 -0.455608 -0.263513 2 431_12.17_10.39.y+170kpc
 0.151308 -0.320911 -0.188466 2 433_11.77_9.873.y+170kpc
 0.185649 -0.440462 -0.148137 2 434_11.97_10.39.y+170kpc
 0.181524 -0.223961 -0.214402 2 463_11.82_9.800.y+170kpc
 0.407959 -0.359083 -0.279335 2 502_11.96_10.40.y+170kpc
 0.088213  0.120636 -0.166674 2 555_12.05_10.64.y+170kpc
-0.312443  0.467417 -0.248965 2 587_11.92_10.33.y+170kpc
-0.133257  0.450107 -0.361409 2 600_11.80_10.15.y+170kpc
-0.197213  0.470244 -0.260147 2 612_12.11_10.71.y+170kpc
 0.139391 -0.042627 -0.324262 2 642_12.01_10.33.y+170kpc
 0.156518  0.045550 -0.460981 2 649_12.03_10.48.y+170kpc
 0.137418  0.149553 -0.151452 2 663_11.88_10.39.y+170kpc
 0.164063  0.301175 -0.232133 2 716_11.99_10.49.y+170kpc
 0.173638  0.322045 -0.227927 2 717_11.88_10.25.y+170kpc
 0.256130  0.339559 -0.245307 2 814_11.80_9.878.y+170kpc
 0.434716  0.356341 -0.361694 2 840_12.22_10.65.y+170kpc
 0.383285  0.383638 -0.319017 2 859_11.97_10.33.y+170kpc
 0.384358  0.363163 -0.238142 2 863_11.81_10.10.y+170kpc
 0.294037  0.428786 -0.198279 2 968_12.23_10.62.y+170kpc
-0.379453 -0.416355 -0.018373 2 999_12.07_10.39.y+170kpc
-0.313032 -0.297927  0.060105 2 1012_11.83_10.17.y+170kpc
-0.344324 -0.289671  0.081346 2 1014_11.87_10.29.y+170kpc
-0.269331 -0.316011  0.004231 2 1017_11.90_10.33.y+170kpc
-0.433346 -0.282151  0.149077 2 1027_11.78_10.32.y+170kpc
-0.366791 -0.440866  0.313809 2 1029_12.00_10.44.y+170kpc
-0.429597 -0.154429  0.362184 2 1140_11.76_9.903.y+170kpc
-0.340838 -0.167097  0.394395 2 1150_12.14_10.60.y+170kpc
-0.270005 -0.155508  0.425088 2 1164_11.87_10.24.y+170kpc
-0.189064 -0.282833 -0.018992 2 1184_12.07_10.43.y+170kpc
-0.128218 -0.454919  0.302790 2 1245_11.95_10.39.y+170kpc
-0.159825 -0.387806  0.308357 2 1246_11.76_10.18.y+170kpc
-0.181993 -0.209583  0.483305 2 1269_11.95_10.31.y+170kpc
-0.232734 -0.179479  0.458300 2 1307_11.98_10.35.y+170kpc
-0.192250 -0.187536  0.462531 2 1309_12.01_10.47.y+170kpc
-0.032371 -0.356121  0.032550 2 1334_11.82_10.20.y+170kpc
 0.375097 -0.135866  0.152442 2 1366_11.97_10.27.y+170kpc
 0.416618 -0.151898  0.202643 2 1392_12.04_10.58.y+170kpc
 0.065352 -0.364046  0.244655 2 1421_11.88_10.36.y+170kpc
 0.061084 -0.421366  0.473632 2 1422_11.83_10.33.y+170kpc
 0.088160 -0.337543  0.397555 2 1425_12.09_10.39.y+170kpc
 0.353449 -0.268816  0.371189 2 1448_11.88_10.18.y+170kpc
 0.177159 -0.316068  0.372225 2 1450_11.76_10.34.y+170kpc
 0.405520 -0.240856  0.358197 2 1465_12.09_10.66.y+170kpc
 0.407911 -0.376926  0.499865 2 1472_11.91_10.25.y+170kpc
 0.410179 -0.211161  0.345486 2 1480_11.78_10.18.y+170kpc
 0.398285 -0.214079  0.350363 2 1483_12.07_10.56.y+170kpc
-0.486356  0.434040 -0.058488 2 1529_12.02_10.56.y+170kpc
-0.379353  0.383569 -0.088577 2 1532_11.99_10.65.y+170kpc
-0.343510  0.398595 -0.084015 2 1533_11.87_10.20.y+170kpc
-0.215109  0.499871 -0.035642 2 1537_12.09_10.66.y+170kpc
 0.082153 -0.093575 -0.135446 2 1568_12.02_10.43.y+170kpc
 0.033774  0.022033 -0.113701 2 1583_11.89_10.37.y+170kpc
 0.015599  0.044910 -0.117365 2 1617_12.10_10.55.y+170kpc
-0.008043  0.096690  0.096972 2 1629_11.97_10.33.y+170kpc
-0.023796  0.099982  0.140723 2 1630_11.84_10.34.y+170kpc
-0.160300  0.045704  0.325582 2 1657_12.19_10.56.y+170kpc
-0.409822 -0.075775  0.364887 2 1695_11.84_10.20.y+170kpc
-0.392288  0.033021  0.367237 2 1717_11.85_9.963.y+170kpc
-0.170603 -0.083932  0.410199 2 1781_11.89_10.13.y+170kpc
-0.020505  0.016876  0.433248 2 1796_12.11_10.50.y+170kpc
-0.305530  0.352060  0.486838 2 1825_12.04_10.52.y+170kpc
-0.207613  0.277444  0.336471 2 1827_12.02_10.47.y+170kpc
-0.244293  0.258310  0.373659 2 1832_11.75_10.07.y+170kpc
 0.066872  0.274117  0.498361 2 1857_11.86_10.32.y+170kpc
-0.288626 -0.207529 -0.419041 2 8_11.83_10.25.y+210kpc
-0.278829 -0.179781 -0.468647 2 19_11.77_9.934.y+210kpc
-0.151312 -0.297398 -0.263022 2 84_12.13_10.74.y+210kpc
-0.048737 -0.291065 -0.375889 2 99_11.97_10.39.y+210kpc
-0.052249 -0.243930 -0.324501 2 112_11.91_10.33.y+210kpc
-0.103456 -0.297629 -0.266893 2 153_11.82_10.19.y+210kpc
-0.024313 -0.240317 -0.249652 2 245_12.00_10.15.y+210kpc
 0.033843 -0.273331 -0.250115 2 321_12.07_9.916.y+210kpc
 0.072925 -0.266944 -0.232618 2 325_11.89_10.15.y+210kpc
 0.378811 -0.308309 -0.392897 2 397_11.82_9.966.y+210kpc
 0.307298 -0.491278 -0.263609 2 418_11.83_10.44.y+210kpc
 0.344038 -0.454008 -0.263513 2 431_12.17_10.39.y+210kpc
 0.151308 -0.319311 -0.188466 2 433_11.77_9.873.y+210kpc
 0.185649 -0.438862 -0.148137 2 434_11.97_10.39.y+210kpc
 0.181524 -0.222361 -0.214402 2 463_11.82_9.800.y+210kpc
 0.407959 -0.357483 -0.279335 2 502_11.96_10.40.y+210kpc
 0.088213  0.122236 -0.166674 2 555_12.05_10.64.y+210kpc
-0.312443  0.469017 -0.248965 2 587_11.92_10.33.y+210kpc
-0.133257  0.451707 -0.361409 2 600_11.80_10.15.y+210kpc
-0.197213  0.471844 -0.260147 2 612_12.11_10.71.y+210kpc
 0.139391 -0.041027 -0.324262 2 642_12.01_10.33.y+210kpc
 0.156518  0.047150 -0.460981 2 649_12.03_10.48.y+210kpc
 0.137418  0.151153 -0.151452 2 663_11.88_10.39.y+210kpc
 0.164063  0.302775 -0.232133 2 716_11.99_10.49.y+210kpc
 0.173638  0.323645 -0.227927 2 717_11.88_10.25.y+210kpc
 0.256130  0.341159 -0.245307 2 814_11.80_9.878.y+210kpc
 0.434716  0.357941 -0.361694 2 840_12.22_10.65.y+210kpc
 0.383285  0.385238 -0.319017 2 859_11.97_10.33.y+210kpc
 0.384358  0.364763 -0.238142 2 863_11.81_10.10.y+210kpc
 0.294037  0.430386 -0.198279 2 968_12.23_10.62.y+210kpc
-0.379453 -0.414755 -0.018373 2 999_12.07_10.39.y+210kpc
-0.313032 -0.296327  0.060105 2 1012_11.83_10.17.y+210kpc
-0.344324 -0.288071  0.081346 2 1014_11.87_10.29.y+210kpc
-0.269331 -0.314411  0.004231 2 1017_11.90_10.33.y+210kpc
-0.433346 -0.280551  0.149077 2 1027_11.78_10.32.y+210kpc
-0.366791 -0.439266  0.313809 2 1029_12.00_10.44.y+210kpc
-0.429597 -0.152829  0.362184 2 1140_11.76_9.903.y+210kpc
-0.340838 -0.165497  0.394395 2 1150_12.14_10.60.y+210kpc
-0.270005 -0.153908  0.425088 2 1164_11.87_10.24.y+210kpc
-0.189064 -0.281233 -0.018992 2 1184_12.07_10.43.y+210kpc
-0.128218 -0.453319  0.302790 2 1245_11.95_10.39.y+210kpc
-0.159825 -0.386206  0.308357 2 1246_11.76_10.18.y+210kpc
-0.181993 -0.207983  0.483305 2 1269_11.95_10.31.y+210kpc
-0.232734 -0.177879  0.458300 2 1307_11.98_10.35.y+210kpc
-0.192250 -0.185936  0.462531 2 1309_12.01_10.47.y+210kpc
-0.032371 -0.354521  0.032550 2 1334_11.82_10.20.y+210kpc
 0.375097 -0.134266  0.152442 2 1366_11.97_10.27.y+210kpc
 0.416618 -0.150298  0.202643 2 1392_12.04_10.58.y+210kpc
 0.065352 -0.362446  0.244655 2 1421_11.88_10.36.y+210kpc
 0.061084 -0.419766  0.473632 2 1422_11.83_10.33.y+210kpc
 0.088160 -0.335943  0.397555 2 1425_12.09_10.39.y+210kpc
 0.353449 -0.267216  0.371189 2 1448_11.88_10.18.y+210kpc
 0.177159 -0.314468  0.372225 2 1450_11.76_10.34.y+210kpc
 0.405520 -0.239256  0.358197 2 1465_12.09_10.66.y+210kpc
 0.407911 -0.375326  0.499865 2 1472_11.91_10.25.y+210kpc
 0.410179 -0.209561  0.345486 2 1480_11.78_10.18.y+210kpc
 0.398285 -0.212479  0.350363 2 1483_12.07_10.56.y+210kpc
-0.486356  0.435640 -0.058488 2 1529_12.02_10.56.y+210kpc
-0.379353  0.385169 -0.088577 2 1532_11.99_10.65.y+210kpc
-0.343510  0.400195 -0.084015 2 1533_11.87_10.20.y+210kpc
-0.215109 -0.498529 -0.035642 2 1537_12.09_10.66.y+210kpc
 0.082153 -0.091975 -0.135446 2 1568_12.02_10.43.y+210kpc
 0.033774  0.023633 -0.113701 2 1583_11.89_10.37.y+210kpc
 0.015599  0.046510 -0.117365 2 1617_12.10_10.55.y+210kpc
-0.008043  0.098290  0.096972 2 1629_11.97_10.33.y+210kpc
-0.023796  0.101582  0.140723 2 1630_11.84_10.34.y+210kpc
-0.160300  0.047304  0.325582 2 1657_12.19_10.56.y+210kpc
-0.409822 -0.074175  0.364887 2 1695_11.84_10.20.y+210kpc
-0.392288  0.034621  0.367237 2 1717_11.85_9.963.y+210kpc
-0.170603 -0.082332  0.410199 2 1781_11.89_10.13.y+210kpc
-0.020505  0.018476  0.433248 2 1796_12.11_10.50.y+210kpc
-0.305530  0.353660  0.486838 2 1825_12.04_10.52.y+210kpc
-0.207613  0.279044  0.336471 2 1827_12.02_10.47.y+210kpc
-0.244293  0.259910  0.373659 2 1832_11.75_10.07.y+210kpc
 0.066872  0.275717  0.498361 2 1857_11.86_10.32.y+210kpc
-0.288626 -0.205929 -0.419041 2 8_11.83_10.25.y+250kpc
-0.278829 -0.178181 -0.468647 2 19_11.77_9.934.y+250kpc
-0.151312 -0.295798 -0.263022 2 84_12.13_10.74.y+250kpc
-0.048737 -0.289465 -0.375889 2 99_11.97_10.39.y+250kpc
-0.052249 -0.242330 -0.324501 2 112_11.91_10.33.y+250kpc
-0.103456 -0.296029 -0.266893 2 153_11.82_10.19.y+250kpc
-0.024313 -0.238717 -0.249652 2 245_12.00_10.15.y+250kpc
 0.033843 -0.271731 -0.250115 2 321_12.07_9.916.y+250kpc
 0.072925 -0.265344 -0.232618 2 325_11.89_10.15.y+250kpc
 0.378811 -0.306709 -0.392897 2 397_11.82_9.966.y+250kpc
 0.307298 -0.489678 -0.263609 2 418_11.83_10.44.y+250kpc
 0.344038 -0.452408 -0.263513 2 431_12.17_10.39.y+250kpc
 0.151308 -0.317711 -0.188466 2 433_11.77_9.873.y+250kpc
 0.185649 -0.437262 -0.148137 2 434_11.97_10.39.y+250kpc
 0.181524 -0.220761 -0.214402 2 463_11.82_9.800.y+250kpc
 0.407959 -0.355883 -0.279335 2 502_11.96_10.40.y+250kpc
 0.088213  0.123836 -0.166674 2 555_12.05_10.64.y+250kpc
-0.312443  0.470617 -0.248965 2 587_11.92_10.33.y+250kpc
-0.133257  0.453307 -0.361409 2 600_11.80_10.15.y+250kpc
-0.197213  0.473444 -0.260147 2 612_12.11_10.71.y+250kpc
 0.139391 -0.039427 -0.324262 2 642_12.01_10.33.y+250kpc
 0.156518  0.048750 -0.460981 2 649_12.03_10.48.y+250kpc
 0.137418  0.152753 -0.151452 2 663_11.88_10.39.y+250kpc
 0.164063  0.304375 -0.232133 2 716_11.99_10.49.y+250kpc
 0.173638  0.325245 -0.227927 2 717_11.88_10.25.y+250kpc
 0.256130  0.342759 -0.245307 2 814_11.80_9.878.y+250kpc
 0.434716  0.359541 -0.361694 2 840_12.22_10.65.y+250kpc
 0.383285  0.386838 -0.319017 2 859_11.97_10.33.y+250kpc
 0.384358  0.366363 -0.238142 2 863_11.81_10.10.y+250kpc
 0.294037  0.431986 -0.198279 2 968_12.23_10.62.y+250kpc
-0.379453 -0.413155 -0.018373 2 999_12.07_10.39.y+250kpc
-0.313032 -0.294727  0.060105 2 1012_11.83_10.17.y+250kpc
-0.344324 -0.286471  0.081346 2 1014_11.87_10.29.y+250kpc
-0.269331 -0.312811  0.004231 2 1017_11.90_10.33.y+250kpc
-0.433346 -0.278951  0.149077 2 1027_11.78_10.32.y+250kpc
-0.366791 -0.437666  0.313809 2 1029_12.00_10.44.y+250kpc
-0.429597 -0.151229  0.362184 2 1140_11.76_9.903.y+250kpc
-0.340838 -0.163897  0.394395 2 1150_12.14_10.60.y+250kpc
-0.270005 -0.152308  0.425088 2 1164_11.87_10.24.y+250kpc
-0.189064 -0.279633 -0.018992 2 1184_12.07_10.43.y+250kpc
-0.128218 -0.451719  0.302790 2 1245_11.95_10.39.y+250kpc
-0.159825 -0.384606  0.308357 2 1246_11.76_10.18.y+250kpc
-0.181993 -0.206383  0.483305 2 1269_11.95_10.31.y+250kpc
-0.232734 -0.176279  0.458300 2 1307_11.98_10.35.y+250kpc
-0.192250 -0.184336  0.462531 2 1309_12.01_10.47.y+250kpc
-0.032371 -0.352921  0.032550 2 1334_11.82_10.20.y+250kpc
 0.375097 -0.132666  0.152442 2 1366_11.97_10.27.y+250kpc
 0.416618 -0.148698  0.202643 2 1392_12.04_10.58.y+250kpc
 0.065352 -0.360846  0.244655 2 1421_11.88_10.36.y+250kpc
 0.061084 -0.418166  0.473632 2 1422_11.83_10.33.y+250kpc
 0.088160 -0.334343  0.397555 2 1425_12.09_10.39.y+250kpc
 0.353449 -0.265616  0.371189 2 1448_11.88_10.18.y+250kpc
 0.177159 -0.312868  0.372225 2 1450_11.76_10.34.y+250kpc
 0.405520 -0.237656  0.358197 2 1465_12.09_10.66.y+250kpc
 0.407911 -0.373726  0.499865 2 1472_11.91_10.25.y+250kpc
 0.410179 -0.207961  0.345486 2 1480_11.78_10.18.y+250kpc
 0.398285 -0.210879  0.350363 2 1483_12.07_10.56.y+250kpc
-0.486356  0.437240 -0.058488 2 1529_12.02_10.56.y+250kpc
-0.379353  0.386769 -0.088577 2 1532_11.99_10.65.y+250kpc
-0.343510  0.401795 -0.084015 2 1533_11.87_10.20.y+250kpc
-0.215109 -0.496929 -0.035642 2 1537_12.09_10.66.y+250kpc
 0.082153 -0.090375 -0.135446 2 1568_12.02_10.43.y+250kpc
 0.033774  0.025233 -0.113701 2 1583_11.89_10.37.y+250kpc
 0.015599  0.048110 -0.117365 2 1617_12.10_10.55.y+250kpc
-0.008043  0.099890  0.096972 2 1629_11.97_10.33.y+250kpc
-0.023796  0.103182  0.140723 2 1630_11.84_10.34.y+250kpc
-0.160300  0.048904  0.325582 2 1657_12.19_10.56.y+250kpc
-0.409822 -0.072576  0.364887 2 1695_11.84_10.20.y+250kpc
-0.392288  0.036221  0.367237 2 1717_11.85_9.963.y+250kpc
-0.170603 -0.080732  0.410199 2 1781_11.89_10.13.y+250kpc
-0.020505  0.020076  0.433248 2 1796_12.11_10.50.y+250kpc
-0.305530  0.355260  0.486838 2 1825_12.04_10.52.y+250kpc
-0.207613  0.280644  0.336471 2 1827_12.02_10.47.y+250kpc
-0.244293  0.261510  0.373659 2 1832_11.75_10.07.y+250kpc
 0.066872  0.277317  0.498361 2 1857_11.86_10.32.y+250kpc
-0.288626 -0.204329 -0.419041 2 8_11.83_10.25.y+290kpc
-0.278829 -0.176581 -0.468647 2 19_11.77_9.934.y+290kpc
-0.151312 -0.294198 -0.263022 2 84_12.13_10.74.y+290kpc
-0.048737 -0.287865 -0.375889 2 99_11.97_10.39.y+290kpc
-0.052249 -0.240730 -0.324501 2 112_11.91_10.33.y+290kpc
-0.103456 -0.294429 -0.266893 2 153_11.82_10.19.y+290kpc
-0.024313 -0.237117 -0.249652 2 245_12.00_10.15.y+290kpc
 0.033843 -0.270131 -0.250115 2 321_12.07_9.916.y+290kpc
 0.072925 -0.263744 -0.232618 2 325_11.89_10.15.y+290kpc
 0.378811 -0.305109 -0.392897 2 397_11.82_9.966.y+290kpc
 0.307298 -0.488078 -0.263609 2 418_11.83_10.44.y+290kpc
 0.344038 -0.450808 -0.263513 2 431_12.17_10.39.y+290kpc
 0.151308 -0.316111 -0.188466 2 433_11.77_9.873.y+290kpc
 0.185649 -0.435662 -0.148137 2 434_11.97_10.39.y+290kpc
 0.181524 -0.219161 -0.214402 2 463_11.82_9.800.y+290kpc
 0.407959 -0.354283 -0.279335 2 502_11.96_10.40.y+290kpc
 0.088213  0.125436 -0.166674 2 555_12.05_10.64.y+290kpc
-0.312443  0.472217 -0.248965 2 587_11.92_10.33.y+290kpc
-0.133257  0.454907 -0.361409 2 600_11.80_10.15.y+290kpc
-0.197213  0.475044 -0.260147 2 612_12.11_10.71.y+290kpc
 0.139391 -0.037827 -0.324262 2 642_12.01_10.33.y+290kpc
 0.156518  0.050350 -0.460981 2 649_12.03_10.48.y+290kpc
 0.137418  0.154353 -0.151452 2 663_11.88_10.39.y+290kpc
 0.164063  0.305975 -0.232133 2 716_11.99_10.49.y+290kpc
 0.173638  0.326845 -0.227927 2 717_11.88_10.25.y+290kpc
 0.256130  0.344359 -0.245307 2 814_11.80_9.878.y+290kpc
 0.434716  0.361141 -0.361694 2 840_12.22_10.65.y+290kpc
 0.383285  0.388438 -0.319017 2 859_11.97_10.33.y+290kpc
 0.384358  0.367963 -0.238142 2 863_11.81_10.10.y+290kpc
 0.294037  0.433586 -0.198279 2 968_12.23_10.62.y+290kpc
-0.379453 -0.411555 -0.018373 2 999_12.07_10.39.y+290kpc
-0.313032 -0.293127  0.060105 2 1012_11.83_10.17.y+290kpc
-0.344324 -0.284871  0.081346 2 1014_11.87_10.29.y+290kpc
-0.269331 -0.311211  0.004231 2 1017_11.90_10.33.y+290kpc
-0.433346 -0.277351  0.149077 2 1027_11.78_10.32.y+290kpc
-0.366791 -0.436066  0.313809 2 1029_12.00_10.44.y+290kpc
-0.429597 -0.149629  0.362184 2 1140_11.76_9.903.y+290kpc
-0.340838 -0.162297  0.394395 2 1150_12.14_10.60.y+290kpc
-0.270005 -0.150708  0.425088 2 1164_11.87_10.24.y+290kpc
-0.189064 -0.278033 -0.018992 2 1184_12.07_10.43.y+290kpc
-0.128218 -0.450119  0.302790 2 1245_11.95_10.39.y+290kpc
-0.159825 -0.383006  0.308357 2 1246_11.76_10.18.y+290kpc
-0.181993 -0.204783  0.483305 2 1269_11.95_10.31.y+290kpc
-0.232734 -0.174679  0.458300 2 1307_11.98_10.35.y+290kpc
-0.192250 -0.182736  0.462531 2 1309_12.01_10.47.y+290kpc
-0.032371 -0.351321  0.032550 2 1334_11.82_10.20.y+290kpc
 0.375097 -0.131066  0.152442 2 1366_11.97_10.27.y+290kpc
 0.416618 -0.147098  0.202643 2 1392_12.04_10.58.y+290kpc
 0.065352 -0.359246  0.244655 2 1421_11.88_10.36.y+290kpc
 0.061084 -0.416566  0.473632 2 1422_11.83_10.33.y+290kpc
 0.088160 -0.332743  0.397555 2 1425_12.09_10.39.y+290kpc
 0.353449 -0.264016  0.371189 2 1448_11.88_10.18.y+290kpc
 0.177159 -0.311268  0.372225 2 1450_11.76_10.34.y+290kpc
 0.405520 -0.236056  0.358197 2 1465_12.09_10.66.y+290kpc
 0.407911 -0.372126  0.499865 2 1472_11.91_10.25.y+290kpc
 0.410179 -0.206361  0.345486 2 1480_11.78_10.18.y+290kpc
 0.398285 -0.209279  0.350363 2 1483_12.07_10.56.y+290kpc
-0.486356  0.438840 -0.058488 2 1529_12.02_10.56.y+290kpc
-0.379353  0.388369 -0.088577 2 1532_11.99_10.65.y+290kpc
-0.343510  0.403395 -0.084015 2 1533_11.87_10.20.y+290kpc
-0.215109 -0.495329 -0.035642 2 1537_12.09_10.66.y+290kpc
 0.082153 -0.088775 -0.135446 2 1568_12.02_10.43.y+290kpc
 0.033774  0.026833 -0.113701 2 1583_11.89_10.37.y+290kpc
 0.015599  0.049710 -0.117365 2 1617_12.10_10.55.y+290kpc
-0.008043  0.101490  0.096972 2 1629_11.97_10.33.y+290kpc
-0.023796  0.104782  0.140723 2 1630_11.84_10.34.y+290kpc
-0.160300  0.050504  0.325582 2 1657_12.19_10.56.y+290kpc
-0.409822 -0.070975  0.364887 2 1695_11.84_10.20.y+290kpc
-0.392288  0.037821  0.367237 2 1717_11.85_9.963.y+290kpc
-0.170603 -0.079132  0.410199 2 1781_11.89_10.13.y+290kpc
-0.020505  0.021676  0.433248 2 1796_12.11_10.50.y+290kpc
-0.305530  0.356860  0.486838 2 1825_12.04_10.52.y+290kpc
-0.207613  0.282244  0.336471 2 1827_12.02_10.47.y+290kpc
-0.244293  0.263110  0.373659 2 1832_11.75_10.07.y+290kpc
 0.066872  0.278917  0.498361 2 1857_11.86_10.32.y+290kpc
