-0.056651 -0.298371 -0.294192 2 26_10.88_8.401.y+10kpc
-0.035664 -0.343293 -0.321426 2 35_10.97_8.441.y+10kpc
-0.457324 -0.354170 -0.253039 2 197_11.23_8.681.y+10kpc
-0.402449 -0.326601 -0.223713 2 252_11.14_8.654.y+10kpc
-0.492084 -0.383441  0.018592 2 267_10.94_8.871.y+10kpc
-0.197889 -0.476750 -0.070081 2 315_11.24_8.594.y+10kpc
-0.313282 -0.327636  0.031479 2 373_10.89_8.791.y+10kpc
-0.159749 -0.204215 -0.484544 2 561_10.80_8.481.y+10kpc
-0.244532 -0.236928 -0.396779 2 700_11.20_8.320.y+10kpc
-0.162795 -0.270629 -0.021604 2 742_10.90_8.758.y+10kpc
-0.172470 -0.274058  0.013468 2 749_10.80_8.400.y+10kpc
-0.166463 -0.199334 -0.373156 2 956_10.91_8.480.y+10kpc
-0.492530 -0.079901 -0.388404 2 1006_11.18_8.375.y+10kpc
-0.305642  0.008007 -0.228559 2 1028_10.96_8.632.y+10kpc
 0.013074 -0.178683 -0.193808 2 1065_10.86_8.303.y+10kpc
-0.463822  0.360719 -0.446244 2 1127_11.19_8.561.y+10kpc
-0.395393  0.299121 -0.127896 2 1187_10.97_8.377.y+10kpc
-0.189637  0.168306 -0.349919 2 1197_11.12_9.221.y+10kpc
-0.140650  0.352807  0.052038 2 1237_10.91_8.415.y+10kpc
-0.182949  0.436614 -0.347454 2 1296_11.02_8.661.y+10kpc
-0.424039  0.476176 -0.195469 2 1376_11.03_8.535.y+10kpc
-0.287994  0.466158 -0.252371 2 1436_11.13_8.701.y+10kpc
-0.185501  0.406412 -0.052259 2 1461_11.15_8.921.y+10kpc
-0.385025 -0.317543  0.111265 2 1473_11.21_9.244.y+10kpc
-0.411961 -0.482484  0.390788 2 1603_10.95_8.704.y+10kpc
-0.471001 -0.469515  0.422529 2 1610_11.08_8.715.y+10kpc
-0.309600 -0.499071  0.176377 2 1681_11.17_9.155.y+10kpc
-0.288193 -0.261470  0.336645 2 1728_10.89_8.490.y+10kpc
-0.292654 -0.220179  0.366622 2 1733_10.90_8.446.y+10kpc
-0.210088 -0.244341  0.115007 2 1795_10.85_8.437.y+10kpc
-0.233069 -0.361172  0.264312 2 1822_11.08_8.355.y+10kpc
-0.098453 -0.281795  0.192721 2 1874_11.10_8.368.y+10kpc
 0.036319 -0.290065  0.269159 2 1880_10.84_8.618.y+10kpc
 0.031736 -0.456874  0.395220 2 1957_11.23_8.523.y+10kpc
-0.185038 -0.193924  0.474636 2 2016_11.01_8.418.y+10kpc
-0.466066 -0.153392  0.330813 2 2042_10.94_8.522.y+10kpc
-0.390922 -0.158153  0.378499 2 2180_11.09_8.485.y+10kpc
-0.385020 -0.041315  0.411572 2 2210_10.88_8.303.y+10kpc
 0.010184 -0.060097  0.212831 2 2255_10.86_8.686.y+10kpc
-0.084648 -0.049358  0.409543 2 2402_11.21_8.320.y+10kpc
-0.351044  0.093249  0.387699 2 2492_10.80_8.377.y+10kpc
-0.315152  0.327293  0.237768 2 2533_10.87_8.396.y+10kpc
-0.273348  0.359922  0.221103 2 2538_10.93_8.359.y+10kpc
-0.359771  0.434074  0.133725 2 2560_10.99_8.531.y+10kpc
-0.345261  0.465133  0.320272 2 2570_10.85_8.384.y+10kpc
-0.357567  0.291168  0.426059 2 2618_10.86_8.318.y+10kpc
-0.359457  0.499483  0.462297 2 2663_11.14_8.729.y+10kpc
-0.178942  0.157151  0.325283 2 2724_11.04_9.160.y+10kpc
-0.122928  0.044728  0.370066 2 2798_10.78_8.354.y+10kpc
-0.070453  0.445444  0.232189 2 2871_10.83_8.326.y+10kpc
-0.108102  0.363276  0.280138 2 2890_10.99_8.469.y+10kpc
 0.015680  0.302115  0.490891 2 2954_11.08_8.950.y+10kpc
 0.037681 -0.411378 -0.280934 2 3001_10.88_8.656.y+10kpc
 0.284210 -0.435926 -0.369440 2 3019_11.17_8.795.y+10kpc
 0.399478 -0.428219 -0.469639 2 3131_11.17_8.467.y+10kpc
 0.479194 -0.320784 -0.263886 2 3208_10.97_8.373.y+10kpc
 0.119095 -0.210433 -0.209150 2 3229_11.14_8.633.y+10kpc
 0.132976 -0.067970 -0.325354 2 3252_11.04_8.396.y+10kpc
 0.186176 -0.268590 -0.217617 2 3311_10.96_8.407.y+10kpc
 0.404476 -0.234054 -0.410181 2 3376_11.16_8.314.y+10kpc
 0.406395 -0.196347 -0.437451 2 3396_11.00_8.445.y+10kpc
 0.148450  0.025298 -0.448926 2 3439_10.89_8.766.y+10kpc
 0.158202  0.068767 -0.452669 2 3463_10.82_8.319.y+10kpc
 0.142978  0.294814 -0.431397 2 3573_10.98_8.635.y+10kpc
 0.168705  0.366796 -0.223856 2 3616_11.03_8.998.y+10kpc
 0.428922  0.073632 -0.254805 2 3710_10.97_8.767.y+10kpc
 0.187391  0.181274 -0.427465 2 3729_11.07_8.469.y+10kpc
 0.387485  0.217665 -0.377807 2 3747_10.85_8.370.y+10kpc
 0.406662  0.118570 -0.434243 2 3758_11.09_9.230.y+10kpc
 0.436220  0.321974 -0.335914 2 3793_11.20_8.887.y+10kpc
 0.122864  0.439837 -0.259996 2 4054_11.07_8.443.y+10kpc
 0.167267  0.401085 -0.240517 2 4100_11.01_8.714.y+10kpc
 0.260490  0.437824 -0.355761 2 4207_11.06_8.525.y+10kpc
 0.256603  0.410585 -0.249742 2 4327_11.15_8.514.y+10kpc
 0.322015  0.494575 -0.253540 2 4377_11.07_8.561.y+10kpc
-0.056651 -0.296771 -0.294192 2 26_10.88_8.401.y+50kpc
-0.035664 -0.341693 -0.321426 2 35_10.97_8.441.y+50kpc
-0.457324 -0.352570 -0.253039 2 197_11.23_8.681.y+50kpc
-0.402449 -0.325001 -0.223713 2 252_11.14_8.654.y+50kpc
-0.492084 -0.381841  0.018592 2 267_10.94_8.871.y+50kpc
-0.197889 -0.475150 -0.070081 2 315_11.24_8.594.y+50kpc
-0.313282 -0.326036  0.031479 2 373_10.89_8.791.y+50kpc
-0.159749 -0.202615 -0.484544 2 561_10.80_8.481.y+50kpc
-0.244532 -0.235328 -0.396779 2 700_11.20_8.320.y+50kpc
-0.162795 -0.269029 -0.021604 2 742_10.90_8.758.y+50kpc
-0.172470 -0.272458  0.013468 2 749_10.80_8.400.y+50kpc
-0.166463 -0.197734 -0.373156 2 956_10.91_8.480.y+50kpc
-0.492530 -0.078301 -0.388404 2 1006_11.18_8.375.y+50kpc
-0.305642  0.009607 -0.228559 2 1028_10.96_8.632.y+50kpc
 0.013074 -0.177083 -0.193808 2 1065_10.86_8.303.y+50kpc
-0.463822  0.362319 -0.446244 2 1127_11.19_8.561.y+50kpc
-0.395393  0.300721 -0.127896 2 1187_10.97_8.377.y+50kpc
-0.189637  0.169906 -0.349919 2 1197_11.12_9.221.y+50kpc
-0.140650  0.354407  0.052038 2 1237_10.91_8.415.y+50kpc
-0.182949  0.438214 -0.347454 2 1296_11.02_8.661.y+50kpc
-0.424039  0.477776 -0.195469 2 1376_11.03_8.535.y+50kpc
-0.287994  0.467758 -0.252371 2 1436_11.13_8.701.y+50kpc
-0.185501  0.408012 -0.052259 2 1461_11.15_8.921.y+50kpc
-0.385025 -0.315943  0.111265 2 1473_11.21_9.244.y+50kpc
-0.411961 -0.480884  0.390788 2 1603_10.95_8.704.y+50kpc
-0.471001 -0.467915  0.422529 2 1610_11.08_8.715.y+50kpc
-0.309600 -0.497471  0.176377 2 1681_11.17_9.155.y+50kpc
-0.288193 -0.259870  0.336645 2 1728_10.89_8.490.y+50kpc
-0.292654 -0.218579  0.366622 2 1733_10.90_8.446.y+50kpc
-0.210088 -0.242741  0.115007 2 1795_10.85_8.437.y+50kpc
-0.233069 -0.359572  0.264312 2 1822_11.08_8.355.y+50kpc
-0.098453 -0.280195  0.192721 2 1874_11.10_8.368.y+50kpc
 0.036319 -0.288465  0.269159 2 1880_10.84_8.618.y+50kpc
 0.031736 -0.455274  0.395220 2 1957_11.23_8.523.y+50kpc
-0.185038 -0.192324  0.474636 2 2016_11.01_8.418.y+50kpc
-0.466066 -0.151792  0.330813 2 2042_10.94_8.522.y+50kpc
-0.390922 -0.156553  0.378499 2 2180_11.09_8.485.y+50kpc
-0.385020 -0.039715  0.411572 2 2210_10.88_8.303.y+50kpc
 0.010184 -0.058497  0.212831 2 2255_10.86_8.686.y+50kpc
-0.084648 -0.047758  0.409543 2 2402_11.21_8.320.y+50kpc
-0.351044  0.094849  0.387699 2 2492_10.80_8.377.y+50kpc
-0.315152  0.328893  0.237768 2 2533_10.87_8.396.y+50kpc
-0.273348  0.361522  0.221103 2 2538_10.93_8.359.y+50kpc
-0.359771  0.435674  0.133725 2 2560_10.99_8.531.y+50kpc
-0.345261  0.466733  0.320272 2 2570_10.85_8.384.y+50kpc
-0.357567  0.292768  0.426059 2 2618_10.86_8.318.y+50kpc
-0.359457 -0.498917  0.462297 2 2663_11.14_8.729.y+50kpc
-0.178942  0.158751  0.325283 2 2724_11.04_9.160.y+50kpc
-0.122928  0.046328  0.370066 2 2798_10.78_8.354.y+50kpc
-0.070453  0.447044  0.232189 2 2871_10.83_8.326.y+50kpc
-0.108102  0.364876  0.280138 2 2890_10.99_8.469.y+50kpc
 0.015680  0.303715  0.490891 2 2954_11.08_8.950.y+50kpc
 0.037681 -0.409778 -0.280934 2 3001_10.88_8.656.y+50kpc
 0.284210 -0.434326 -0.369440 2 3019_11.17_8.795.y+50kpc
 0.399478 -0.426619 -0.469639 2 3131_11.17_8.467.y+50kpc
 0.479194 -0.319184 -0.263886 2 3208_10.97_8.373.y+50kpc
 0.119095 -0.208833 -0.209150 2 3229_11.14_8.633.y+50kpc
 0.132976 -0.066370 -0.325354 2 3252_11.04_8.396.y+50kpc
 0.186176 -0.266990 -0.217617 2 3311_10.96_8.407.y+50kpc
 0.404476 -0.232454 -0.410181 2 3376_11.16_8.314.y+50kpc
 0.406395 -0.194747 -0.437451 2 3396_11.00_8.445.y+50kpc
 0.148450  0.026897 -0.448926 2 3439_10.89_8.766.y+50kpc
 0.158202  0.070367 -0.452669 2 3463_10.82_8.319.y+50kpc
 0.142978  0.296414 -0.431397 2 3573_10.98_8.635.y+50kpc
 0.168705  0.368396 -0.223856 2 3616_11.03_8.998.y+50kpc
 0.428922  0.075232 -0.254805 2 3710_10.97_8.767.y+50kpc
 0.187391  0.182874 -0.427465 2 3729_11.07_8.469.y+50kpc
 0.387485  0.219265 -0.377807 2 3747_10.85_8.370.y+50kpc
 0.406662  0.120170 -0.434243 2 3758_11.09_9.230.y+50kpc
 0.436220  0.323574 -0.335914 2 3793_11.20_8.887.y+50kpc
 0.122864  0.441437 -0.259996 2 4054_11.07_8.443.y+50kpc
 0.167267  0.402685 -0.240517 2 4100_11.01_8.714.y+50kpc
 0.260490  0.439424 -0.355761 2 4207_11.06_8.525.y+50kpc
 0.256603  0.412185 -0.249742 2 4327_11.15_8.514.y+50kpc
 0.322015  0.496175 -0.253540 2 4377_11.07_8.561.y+50kpc
-0.056651 -0.295171 -0.294192 2 26_10.88_8.401.y+90kpc
-0.035664 -0.340093 -0.321426 2 35_10.97_8.441.y+90kpc
-0.457324 -0.350970 -0.253039 2 197_11.23_8.681.y+90kpc
-0.402449 -0.323401 -0.223713 2 252_11.14_8.654.y+90kpc
-0.492084 -0.380241  0.018592 2 267_10.94_8.871.y+90kpc
-0.197889 -0.473550 -0.070081 2 315_11.24_8.594.y+90kpc
-0.313282 -0.324436  0.031479 2 373_10.89_8.791.y+90kpc
-0.159749 -0.201015 -0.484544 2 561_10.80_8.481.y+90kpc
-0.244532 -0.233728 -0.396779 2 700_11.20_8.320.y+90kpc
-0.162795 -0.267429 -0.021604 2 742_10.90_8.758.y+90kpc
-0.172470 -0.270858  0.013468 2 749_10.80_8.400.y+90kpc
-0.166463 -0.196134 -0.373156 2 956_10.91_8.480.y+90kpc
-0.492530 -0.076701 -0.388404 2 1006_11.18_8.375.y+90kpc
-0.305642  0.011207 -0.228559 2 1028_10.96_8.632.y+90kpc
 0.013074 -0.175483 -0.193808 2 1065_10.86_8.303.y+90kpc
-0.463822  0.363919 -0.446244 2 1127_11.19_8.561.y+90kpc
-0.395393  0.302321 -0.127896 2 1187_10.97_8.377.y+90kpc
-0.189637  0.171506 -0.349919 2 1197_11.12_9.221.y+90kpc
-0.140650  0.356007  0.052038 2 1237_10.91_8.415.y+90kpc
-0.182949  0.439814 -0.347454 2 1296_11.02_8.661.y+90kpc
-0.424039  0.479376 -0.195469 2 1376_11.03_8.535.y+90kpc
-0.287994  0.469358 -0.252371 2 1436_11.13_8.701.y+90kpc
-0.185501  0.409612 -0.052259 2 1461_11.15_8.921.y+90kpc
-0.385025 -0.314343  0.111265 2 1473_11.21_9.244.y+90kpc
-0.411961 -0.479284  0.390788 2 1603_10.95_8.704.y+90kpc
-0.471001 -0.466315  0.422529 2 1610_11.08_8.715.y+90kpc
-0.309600 -0.495871  0.176377 2 1681_11.17_9.155.y+90kpc
-0.288193 -0.258270  0.336645 2 1728_10.89_8.490.y+90kpc
-0.292654 -0.216979  0.366622 2 1733_10.90_8.446.y+90kpc
-0.210088 -0.241141  0.115007 2 1795_10.85_8.437.y+90kpc
-0.233069 -0.357972  0.264312 2 1822_11.08_8.355.y+90kpc
-0.098453 -0.278595  0.192721 2 1874_11.10_8.368.y+90kpc
 0.036319 -0.286865  0.269159 2 1880_10.84_8.618.y+90kpc
 0.031736 -0.453674  0.395220 2 1957_11.23_8.523.y+90kpc
-0.185038 -0.190724  0.474636 2 2016_11.01_8.418.y+90kpc
-0.466066 -0.150192  0.330813 2 2042_10.94_8.522.y+90kpc
-0.390922 -0.154953  0.378499 2 2180_11.09_8.485.y+90kpc
-0.385020 -0.038115  0.411572 2 2210_10.88_8.303.y+90kpc
 0.010184 -0.056897  0.212831 2 2255_10.86_8.686.y+90kpc
-0.084648 -0.046158  0.409543 2 2402_11.21_8.320.y+90kpc
-0.351044  0.096449  0.387699 2 2492_10.80_8.377.y+90kpc
-0.315152  0.330493  0.237768 2 2533_10.87_8.396.y+90kpc
-0.273348  0.363122  0.221103 2 2538_10.93_8.359.y+90kpc
-0.359771  0.437274  0.133725 2 2560_10.99_8.531.y+90kpc
-0.345261  0.468333  0.320272 2 2570_10.85_8.384.y+90kpc
-0.357567  0.294368  0.426059 2 2618_10.86_8.318.y+90kpc
-0.359457 -0.497317  0.462297 2 2663_11.14_8.729.y+90kpc
-0.178942  0.160351  0.325283 2 2724_11.04_9.160.y+90kpc
-0.122928  0.047928  0.370066 2 2798_10.78_8.354.y+90kpc
-0.070453  0.448644  0.232189 2 2871_10.83_8.326.y+90kpc
-0.108102  0.366476  0.280138 2 2890_10.99_8.469.y+90kpc
 0.015680  0.305315  0.490891 2 2954_11.08_8.950.y+90kpc
 0.037681 -0.408178 -0.280934 2 3001_10.88_8.656.y+90kpc
 0.284210 -0.432726 -0.369440 2 3019_11.17_8.795.y+90kpc
 0.399478 -0.425019 -0.469639 2 3131_11.17_8.467.y+90kpc
 0.479194 -0.317584 -0.263886 2 3208_10.97_8.373.y+90kpc
 0.119095 -0.207233 -0.209150 2 3229_11.14_8.633.y+90kpc
 0.132976 -0.064770 -0.325354 2 3252_11.04_8.396.y+90kpc
 0.186176 -0.265390 -0.217617 2 3311_10.96_8.407.y+90kpc
 0.404476 -0.230854 -0.410181 2 3376_11.16_8.314.y+90kpc
 0.406395 -0.193147 -0.437451 2 3396_11.00_8.445.y+90kpc
 0.148450  0.028497 -0.448926 2 3439_10.89_8.766.y+90kpc
 0.158202  0.071968 -0.452669 2 3463_10.82_8.319.y+90kpc
 0.142978  0.298014 -0.431397 2 3573_10.98_8.635.y+90kpc
 0.168705  0.369996 -0.223856 2 3616_11.03_8.998.y+90kpc
 0.428922  0.076832 -0.254805 2 3710_10.97_8.767.y+90kpc
 0.187391  0.184474 -0.427465 2 3729_11.07_8.469.y+90kpc
 0.387485  0.220865 -0.377807 2 3747_10.85_8.370.y+90kpc
 0.406662  0.121770 -0.434243 2 3758_11.09_9.230.y+90kpc
 0.436220  0.325174 -0.335914 2 3793_11.20_8.887.y+90kpc
 0.122864  0.443037 -0.259996 2 4054_11.07_8.443.y+90kpc
 0.167267  0.404285 -0.240517 2 4100_11.01_8.714.y+90kpc
 0.260490  0.441024 -0.355761 2 4207_11.06_8.525.y+90kpc
 0.256603  0.413785 -0.249742 2 4327_11.15_8.514.y+90kpc
 0.322015  0.497775 -0.253540 2 4377_11.07_8.561.y+90kpc
-0.056651 -0.293571 -0.294192 2 26_10.88_8.401.y+130kpc
-0.035664 -0.338493 -0.321426 2 35_10.97_8.441.y+130kpc
-0.457324 -0.349370 -0.253039 2 197_11.23_8.681.y+130kpc
-0.402449 -0.321801 -0.223713 2 252_11.14_8.654.y+130kpc
-0.492084 -0.378641  0.018592 2 267_10.94_8.871.y+130kpc
-0.197889 -0.471950 -0.070081 2 315_11.24_8.594.y+130kpc
-0.313282 -0.322836  0.031479 2 373_10.89_8.791.y+130kpc
-0.159749 -0.199415 -0.484544 2 561_10.80_8.481.y+130kpc
-0.244532 -0.232128 -0.396779 2 700_11.20_8.320.y+130kpc
-0.162795 -0.265829 -0.021604 2 742_10.90_8.758.y+130kpc
-0.172470 -0.269258  0.013468 2 749_10.80_8.400.y+130kpc
-0.166463 -0.194534 -0.373156 2 956_10.91_8.480.y+130kpc
-0.492530 -0.075101 -0.388404 2 1006_11.18_8.375.y+130kpc
-0.305642  0.012807 -0.228559 2 1028_10.96_8.632.y+130kpc
 0.013074 -0.173883 -0.193808 2 1065_10.86_8.303.y+130kpc
-0.463822  0.365519 -0.446244 2 1127_11.19_8.561.y+130kpc
-0.395393  0.303921 -0.127896 2 1187_10.97_8.377.y+130kpc
-0.189637  0.173106 -0.349919 2 1197_11.12_9.221.y+130kpc
-0.140650  0.357607  0.052038 2 1237_10.91_8.415.y+130kpc
-0.182949  0.441414 -0.347454 2 1296_11.02_8.661.y+130kpc
-0.424039  0.480976 -0.195469 2 1376_11.03_8.535.y+130kpc
-0.287994  0.470958 -0.252371 2 1436_11.13_8.701.y+130kpc
-0.185501  0.411212 -0.052259 2 1461_11.15_8.921.y+130kpc
-0.385025 -0.312743  0.111265 2 1473_11.21_9.244.y+130kpc
-0.411961 -0.477684  0.390788 2 1603_10.95_8.704.y+130kpc
-0.471001 -0.464715  0.422529 2 1610_11.08_8.715.y+130kpc
-0.309600 -0.494271  0.176377 2 1681_11.17_9.155.y+130kpc
-0.288193 -0.256670  0.336645 2 1728_10.89_8.490.y+130kpc
-0.292654 -0.215379  0.366622 2 1733_10.90_8.446.y+130kpc
-0.210088 -0.239541  0.115007 2 1795_10.85_8.437.y+130kpc
-0.233069 -0.356372  0.264312 2 1822_11.08_8.355.y+130kpc
-0.098453 -0.276995  0.192721 2 1874_11.10_8.368.y+130kpc
 0.036319 -0.285265  0.269159 2 1880_10.84_8.618.y+130kpc
 0.031736 -0.452074  0.395220 2 1957_11.23_8.523.y+130kpc
-0.185038 -0.189124  0.474636 2 2016_11.01_8.418.y+130kpc
-0.466066 -0.148592  0.330813 2 2042_10.94_8.522.y+130kpc
-0.390922 -0.153353  0.378499 2 2180_11.09_8.485.y+130kpc
-0.385020 -0.036515  0.411572 2 2210_10.88_8.303.y+130kpc
 0.010184 -0.055297  0.212831 2 2255_10.86_8.686.y+130kpc
-0.084648 -0.044558  0.409543 2 2402_11.21_8.320.y+130kpc
-0.351044  0.098049  0.387699 2 2492_10.80_8.377.y+130kpc
-0.315152  0.332093  0.237768 2 2533_10.87_8.396.y+130kpc
-0.273348  0.364722  0.221103 2 2538_10.93_8.359.y+130kpc
-0.359771  0.438874  0.133725 2 2560_10.99_8.531.y+130kpc
-0.345261  0.469933  0.320272 2 2570_10.85_8.384.y+130kpc
-0.357567  0.295968  0.426059 2 2618_10.86_8.318.y+130kpc
-0.359457 -0.495717  0.462297 2 2663_11.14_8.729.y+130kpc
-0.178942  0.161951  0.325283 2 2724_11.04_9.160.y+130kpc
-0.122928  0.049528  0.370066 2 2798_10.78_8.354.y+130kpc
-0.070453  0.450244  0.232189 2 2871_10.83_8.326.y+130kpc
-0.108102  0.368076  0.280138 2 2890_10.99_8.469.y+130kpc
 0.015680  0.306915  0.490891 2 2954_11.08_8.950.y+130kpc
 0.037681 -0.406578 -0.280934 2 3001_10.88_8.656.y+130kpc
 0.284210 -0.431126 -0.369440 2 3019_11.17_8.795.y+130kpc
 0.399478 -0.423419 -0.469639 2 3131_11.17_8.467.y+130kpc
 0.479194 -0.315984 -0.263886 2 3208_10.97_8.373.y+130kpc
 0.119095 -0.205633 -0.209150 2 3229_11.14_8.633.y+130kpc
 0.132976 -0.063170 -0.325354 2 3252_11.04_8.396.y+130kpc
 0.186176 -0.263790 -0.217617 2 3311_10.96_8.407.y+130kpc
 0.404476 -0.229254 -0.410181 2 3376_11.16_8.314.y+130kpc
 0.406395 -0.191547 -0.437451 2 3396_11.00_8.445.y+130kpc
 0.148450  0.030097 -0.448926 2 3439_10.89_8.766.y+130kpc
 0.158202  0.073567 -0.452669 2 3463_10.82_8.319.y+130kpc
 0.142978  0.299614 -0.431397 2 3573_10.98_8.635.y+130kpc
 0.168705  0.371596 -0.223856 2 3616_11.03_8.998.y+130kpc
 0.428922  0.078432 -0.254805 2 3710_10.97_8.767.y+130kpc
 0.187391  0.186074 -0.427465 2 3729_11.07_8.469.y+130kpc
 0.387485  0.222465 -0.377807 2 3747_10.85_8.370.y+130kpc
 0.406662  0.123370 -0.434243 2 3758_11.09_9.230.y+130kpc
 0.436220  0.326774 -0.335914 2 3793_11.20_8.887.y+130kpc
 0.122864  0.444637 -0.259996 2 4054_11.07_8.443.y+130kpc
 0.167267  0.405885 -0.240517 2 4100_11.01_8.714.y+130kpc
 0.260490  0.442624 -0.355761 2 4207_11.06_8.525.y+130kpc
 0.256603  0.415385 -0.249742 2 4327_11.15_8.514.y+130kpc
 0.322015  0.499375 -0.253540 2 4377_11.07_8.561.y+130kpc
-0.056651 -0.291971 -0.294192 2 26_10.88_8.401.y+170kpc
-0.035664 -0.336893 -0.321426 2 35_10.97_8.441.y+170kpc
-0.457324 -0.347770 -0.253039 2 197_11.23_8.681.y+170kpc
-0.402449 -0.320201 -0.223713 2 252_11.14_8.654.y+170kpc
-0.492084 -0.377041  0.018592 2 267_10.94_8.871.y+170kpc
-0.197889 -0.470350 -0.070081 2 315_11.24_8.594.y+170kpc
-0.313282 -0.321236  0.031479 2 373_10.89_8.791.y+170kpc
-0.159749 -0.197815 -0.484544 2 561_10.80_8.481.y+170kpc
-0.244532 -0.230528 -0.396779 2 700_11.20_8.320.y+170kpc
-0.162795 -0.264229 -0.021604 2 742_10.90_8.758.y+170kpc
-0.172470 -0.267658  0.013468 2 749_10.80_8.400.y+170kpc
-0.166463 -0.192934 -0.373156 2 956_10.91_8.480.y+170kpc
-0.492530 -0.073501 -0.388404 2 1006_11.18_8.375.y+170kpc
-0.305642  0.014407 -0.228559 2 1028_10.96_8.632.y+170kpc
 0.013074 -0.172283 -0.193808 2 1065_10.86_8.303.y+170kpc
-0.463822  0.367119 -0.446244 2 1127_11.19_8.561.y+170kpc
-0.395393  0.305521 -0.127896 2 1187_10.97_8.377.y+170kpc
-0.189637  0.174706 -0.349919 2 1197_11.12_9.221.y+170kpc
-0.140650  0.359207  0.052038 2 1237_10.91_8.415.y+170kpc
-0.182949  0.443014 -0.347454 2 1296_11.02_8.661.y+170kpc
-0.424039  0.482576 -0.195469 2 1376_11.03_8.535.y+170kpc
-0.287994  0.472558 -0.252371 2 1436_11.13_8.701.y+170kpc
-0.185501  0.412812 -0.052259 2 1461_11.15_8.921.y+170kpc
-0.385025 -0.311143  0.111265 2 1473_11.21_9.244.y+170kpc
-0.411961 -0.476084  0.390788 2 1603_10.95_8.704.y+170kpc
-0.471001 -0.463115  0.422529 2 1610_11.08_8.715.y+170kpc
-0.309600 -0.492671  0.176377 2 1681_11.17_9.155.y+170kpc
-0.288193 -0.255070  0.336645 2 1728_10.89_8.490.y+170kpc
-0.292654 -0.213779  0.366622 2 1733_10.90_8.446.y+170kpc
-0.210088 -0.237941  0.115007 2 1795_10.85_8.437.y+170kpc
-0.233069 -0.354772  0.264312 2 1822_11.08_8.355.y+170kpc
-0.098453 -0.275395  0.192721 2 1874_11.10_8.368.y+170kpc
 0.036319 -0.283665  0.269159 2 1880_10.84_8.618.y+170kpc
 0.031736 -0.450474  0.395220 2 1957_11.23_8.523.y+170kpc
-0.185038 -0.187524  0.474636 2 2016_11.01_8.418.y+170kpc
-0.466066 -0.146992  0.330813 2 2042_10.94_8.522.y+170kpc
-0.390922 -0.151753  0.378499 2 2180_11.09_8.485.y+170kpc
-0.385020 -0.034915  0.411572 2 2210_10.88_8.303.y+170kpc
 0.010184 -0.053697  0.212831 2 2255_10.86_8.686.y+170kpc
-0.084648 -0.042958  0.409543 2 2402_11.21_8.320.y+170kpc
-0.351044  0.099649  0.387699 2 2492_10.80_8.377.y+170kpc
-0.315152  0.333693  0.237768 2 2533_10.87_8.396.y+170kpc
-0.273348  0.366322  0.221103 2 2538_10.93_8.359.y+170kpc
-0.359771  0.440474  0.133725 2 2560_10.99_8.531.y+170kpc
-0.345261  0.471533  0.320272 2 2570_10.85_8.384.y+170kpc
-0.357567  0.297568  0.426059 2 2618_10.86_8.318.y+170kpc
-0.359457 -0.494117  0.462297 2 2663_11.14_8.729.y+170kpc
-0.178942  0.163551  0.325283 2 2724_11.04_9.160.y+170kpc
-0.122928  0.051128  0.370066 2 2798_10.78_8.354.y+170kpc
-0.070453  0.451844  0.232189 2 2871_10.83_8.326.y+170kpc
-0.108102  0.369676  0.280138 2 2890_10.99_8.469.y+170kpc
 0.015680  0.308515  0.490891 2 2954_11.08_8.950.y+170kpc
 0.037681 -0.404978 -0.280934 2 3001_10.88_8.656.y+170kpc
 0.284210 -0.429526 -0.369440 2 3019_11.17_8.795.y+170kpc
 0.399478 -0.421819 -0.469639 2 3131_11.17_8.467.y+170kpc
 0.479194 -0.314384 -0.263886 2 3208_10.97_8.373.y+170kpc
 0.119095 -0.204033 -0.209150 2 3229_11.14_8.633.y+170kpc
 0.132976 -0.061570 -0.325354 2 3252_11.04_8.396.y+170kpc
 0.186176 -0.262190 -0.217617 2 3311_10.96_8.407.y+170kpc
 0.404476 -0.227654 -0.410181 2 3376_11.16_8.314.y+170kpc
 0.406395 -0.189947 -0.437451 2 3396_11.00_8.445.y+170kpc
 0.148450  0.031697 -0.448926 2 3439_10.89_8.766.y+170kpc
 0.158202  0.075167 -0.452669 2 3463_10.82_8.319.y+170kpc
 0.142978  0.301214 -0.431397 2 3573_10.98_8.635.y+170kpc
 0.168705  0.373196 -0.223856 2 3616_11.03_8.998.y+170kpc
 0.428922  0.080032 -0.254805 2 3710_10.97_8.767.y+170kpc
 0.187391  0.187674 -0.427465 2 3729_11.07_8.469.y+170kpc
 0.387485  0.224065 -0.377807 2 3747_10.85_8.370.y+170kpc
 0.406662  0.124970 -0.434243 2 3758_11.09_9.230.y+170kpc
 0.436220  0.328374 -0.335914 2 3793_11.20_8.887.y+170kpc
 0.122864  0.446237 -0.259996 2 4054_11.07_8.443.y+170kpc
 0.167267  0.407485 -0.240517 2 4100_11.01_8.714.y+170kpc
 0.260490  0.444224 -0.355761 2 4207_11.06_8.525.y+170kpc
 0.256603  0.416985 -0.249742 2 4327_11.15_8.514.y+170kpc
 0.322015 -0.499025 -0.253540 2 4377_11.07_8.561.y+170kpc
-0.056651 -0.290371 -0.294192 2 26_10.88_8.401.y+210kpc
-0.035664 -0.335293 -0.321426 2 35_10.97_8.441.y+210kpc
-0.457324 -0.346170 -0.253039 2 197_11.23_8.681.y+210kpc
-0.402449 -0.318601 -0.223713 2 252_11.14_8.654.y+210kpc
-0.492084 -0.375441  0.018592 2 267_10.94_8.871.y+210kpc
-0.197889 -0.468750 -0.070081 2 315_11.24_8.594.y+210kpc
-0.313282 -0.319636  0.031479 2 373_10.89_8.791.y+210kpc
-0.159749 -0.196215 -0.484544 2 561_10.80_8.481.y+210kpc
-0.244532 -0.228928 -0.396779 2 700_11.20_8.320.y+210kpc
-0.162795 -0.262629 -0.021604 2 742_10.90_8.758.y+210kpc
-0.172470 -0.266058  0.013468 2 749_10.80_8.400.y+210kpc
-0.166463 -0.191334 -0.373156 2 956_10.91_8.480.y+210kpc
-0.492530 -0.071901 -0.388404 2 1006_11.18_8.375.y+210kpc
-0.305642  0.016007 -0.228559 2 1028_10.96_8.632.y+210kpc
 0.013074 -0.170683 -0.193808 2 1065_10.86_8.303.y+210kpc
-0.463822  0.368719 -0.446244 2 1127_11.19_8.561.y+210kpc
-0.395393  0.307121 -0.127896 2 1187_10.97_8.377.y+210kpc
-0.189637  0.176306 -0.349919 2 1197_11.12_9.221.y+210kpc
-0.140650  0.360807  0.052038 2 1237_10.91_8.415.y+210kpc
-0.182949  0.444614 -0.347454 2 1296_11.02_8.661.y+210kpc
-0.424039  0.484176 -0.195469 2 1376_11.03_8.535.y+210kpc
-0.287994  0.474158 -0.252371 2 1436_11.13_8.701.y+210kpc
-0.185501  0.414412 -0.052259 2 1461_11.15_8.921.y+210kpc
-0.385025 -0.309543  0.111265 2 1473_11.21_9.244.y+210kpc
-0.411961 -0.474484  0.390788 2 1603_10.95_8.704.y+210kpc
-0.471001 -0.461515  0.422529 2 1610_11.08_8.715.y+210kpc
-0.309600 -0.491071  0.176377 2 1681_11.17_9.155.y+210kpc
-0.288193 -0.253470  0.336645 2 1728_10.89_8.490.y+210kpc
-0.292654 -0.212179  0.366622 2 1733_10.90_8.446.y+210kpc
-0.210088 -0.236341  0.115007 2 1795_10.85_8.437.y+210kpc
-0.233069 -0.353172  0.264312 2 1822_11.08_8.355.y+210kpc
-0.098453 -0.273795  0.192721 2 1874_11.10_8.368.y+210kpc
 0.036319 -0.282065  0.269159 2 1880_10.84_8.618.y+210kpc
 0.031736 -0.448874  0.395220 2 1957_11.23_8.523.y+210kpc
-0.185038 -0.185924  0.474636 2 2016_11.01_8.418.y+210kpc
-0.466066 -0.145392  0.330813 2 2042_10.94_8.522.y+210kpc
-0.390922 -0.150153  0.378499 2 2180_11.09_8.485.y+210kpc
-0.385020 -0.033315  0.411572 2 2210_10.88_8.303.y+210kpc
 0.010184 -0.052097  0.212831 2 2255_10.86_8.686.y+210kpc
-0.084648 -0.041358  0.409543 2 2402_11.21_8.320.y+210kpc
-0.351044  0.101249  0.387699 2 2492_10.80_8.377.y+210kpc
-0.315152  0.335293  0.237768 2 2533_10.87_8.396.y+210kpc
-0.273348  0.367922  0.221103 2 2538_10.93_8.359.y+210kpc
-0.359771  0.442074  0.133725 2 2560_10.99_8.531.y+210kpc
-0.345261  0.473133  0.320272 2 2570_10.85_8.384.y+210kpc
-0.357567  0.299168  0.426059 2 2618_10.86_8.318.y+210kpc
-0.359457 -0.492517  0.462297 2 2663_11.14_8.729.y+210kpc
-0.178942  0.165151  0.325283 2 2724_11.04_9.160.y+210kpc
-0.122928  0.052728  0.370066 2 2798_10.78_8.354.y+210kpc
-0.070453  0.453444  0.232189 2 2871_10.83_8.326.y+210kpc
-0.108102  0.371276  0.280138 2 2890_10.99_8.469.y+210kpc
 0.015680  0.310115  0.490891 2 2954_11.08_8.950.y+210kpc
 0.037681 -0.403378 -0.280934 2 3001_10.88_8.656.y+210kpc
 0.284210 -0.427926 -0.369440 2 3019_11.17_8.795.y+210kpc
 0.399478 -0.420219 -0.469639 2 3131_11.17_8.467.y+210kpc
 0.479194 -0.312784 -0.263886 2 3208_10.97_8.373.y+210kpc
 0.119095 -0.202433 -0.209150 2 3229_11.14_8.633.y+210kpc
 0.132976 -0.059970 -0.325354 2 3252_11.04_8.396.y+210kpc
 0.186176 -0.260590 -0.217617 2 3311_10.96_8.407.y+210kpc
 0.404476 -0.226054 -0.410181 2 3376_11.16_8.314.y+210kpc
 0.406395 -0.188347 -0.437451 2 3396_11.00_8.445.y+210kpc
 0.148450  0.033298 -0.448926 2 3439_10.89_8.766.y+210kpc
 0.158202  0.076768 -0.452669 2 3463_10.82_8.319.y+210kpc
 0.142978  0.302814 -0.431397 2 3573_10.98_8.635.y+210kpc
 0.168705  0.374796 -0.223856 2 3616_11.03_8.998.y+210kpc
 0.428922  0.081632 -0.254805 2 3710_10.97_8.767.y+210kpc
 0.187391  0.189274 -0.427465 2 3729_11.07_8.469.y+210kpc
 0.387485  0.225665 -0.377807 2 3747_10.85_8.370.y+210kpc
 0.406662  0.126570 -0.434243 2 3758_11.09_9.230.y+210kpc
 0.436220  0.329974 -0.335914 2 3793_11.20_8.887.y+210kpc
 0.122864  0.447837 -0.259996 2 4054_11.07_8.443.y+210kpc
 0.167267  0.409085 -0.240517 2 4100_11.01_8.714.y+210kpc
 0.260490  0.445824 -0.355761 2 4207_11.06_8.525.y+210kpc
 0.256603  0.418585 -0.249742 2 4327_11.15_8.514.y+210kpc
 0.322015 -0.497425 -0.253540 2 4377_11.07_8.561.y+210kpc
-0.056651 -0.288771 -0.294192 2 26_10.88_8.401.y+250kpc
-0.035664 -0.333693 -0.321426 2 35_10.97_8.441.y+250kpc
-0.457324 -0.344570 -0.253039 2 197_11.23_8.681.y+250kpc
-0.402449 -0.317001 -0.223713 2 252_11.14_8.654.y+250kpc
-0.492084 -0.373841  0.018592 2 267_10.94_8.871.y+250kpc
-0.197889 -0.467150 -0.070081 2 315_11.24_8.594.y+250kpc
-0.313282 -0.318036  0.031479 2 373_10.89_8.791.y+250kpc
-0.159749 -0.194615 -0.484544 2 561_10.80_8.481.y+250kpc
-0.244532 -0.227328 -0.396779 2 700_11.20_8.320.y+250kpc
-0.162795 -0.261029 -0.021604 2 742_10.90_8.758.y+250kpc
-0.172470 -0.264458  0.013468 2 749_10.80_8.400.y+250kpc
-0.166463 -0.189734 -0.373156 2 956_10.91_8.480.y+250kpc
-0.492530 -0.070301 -0.388404 2 1006_11.18_8.375.y+250kpc
-0.305642  0.017607 -0.228559 2 1028_10.96_8.632.y+250kpc
 0.013074 -0.169083 -0.193808 2 1065_10.86_8.303.y+250kpc
-0.463822  0.370319 -0.446244 2 1127_11.19_8.561.y+250kpc
-0.395393  0.308721 -0.127896 2 1187_10.97_8.377.y+250kpc
-0.189637  0.177906 -0.349919 2 1197_11.12_9.221.y+250kpc
-0.140650  0.362407  0.052038 2 1237_10.91_8.415.y+250kpc
-0.182949  0.446214 -0.347454 2 1296_11.02_8.661.y+250kpc
-0.424039  0.485776 -0.195469 2 1376_11.03_8.535.y+250kpc
-0.287994  0.475758 -0.252371 2 1436_11.13_8.701.y+250kpc
-0.185501  0.416012 -0.052259 2 1461_11.15_8.921.y+250kpc
-0.385025 -0.307943  0.111265 2 1473_11.21_9.244.y+250kpc
-0.411961 -0.472884  0.390788 2 1603_10.95_8.704.y+250kpc
-0.471001 -0.459915  0.422529 2 1610_11.08_8.715.y+250kpc
-0.309600 -0.489471  0.176377 2 1681_11.17_9.155.y+250kpc
-0.288193 -0.251870  0.336645 2 1728_10.89_8.490.y+250kpc
-0.292654 -0.210579  0.366622 2 1733_10.90_8.446.y+250kpc
-0.210088 -0.234741  0.115007 2 1795_10.85_8.437.y+250kpc
-0.233069 -0.351572  0.264312 2 1822_11.08_8.355.y+250kpc
-0.098453 -0.272195  0.192721 2 1874_11.10_8.368.y+250kpc
 0.036319 -0.280465  0.269159 2 1880_10.84_8.618.y+250kpc
 0.031736 -0.447274  0.395220 2 1957_11.23_8.523.y+250kpc
-0.185038 -0.184324  0.474636 2 2016_11.01_8.418.y+250kpc
-0.466066 -0.143792  0.330813 2 2042_10.94_8.522.y+250kpc
-0.390922 -0.148553  0.378499 2 2180_11.09_8.485.y+250kpc
-0.385020 -0.031715  0.411572 2 2210_10.88_8.303.y+250kpc
 0.010184 -0.050497  0.212831 2 2255_10.86_8.686.y+250kpc
-0.084648 -0.039758  0.409543 2 2402_11.21_8.320.y+250kpc
-0.351044  0.102849  0.387699 2 2492_10.80_8.377.y+250kpc
-0.315152  0.336893  0.237768 2 2533_10.87_8.396.y+250kpc
-0.273348  0.369522  0.221103 2 2538_10.93_8.359.y+250kpc
-0.359771  0.443674  0.133725 2 2560_10.99_8.531.y+250kpc
-0.345261  0.474733  0.320272 2 2570_10.85_8.384.y+250kpc
-0.357567  0.300768  0.426059 2 2618_10.86_8.318.y+250kpc
-0.359457 -0.490917  0.462297 2 2663_11.14_8.729.y+250kpc
-0.178942  0.166751  0.325283 2 2724_11.04_9.160.y+250kpc
-0.122928  0.054328  0.370066 2 2798_10.78_8.354.y+250kpc
-0.070453  0.455044  0.232189 2 2871_10.83_8.326.y+250kpc
-0.108102  0.372876  0.280138 2 2890_10.99_8.469.y+250kpc
 0.015680  0.311715  0.490891 2 2954_11.08_8.950.y+250kpc
 0.037681 -0.401778 -0.280934 2 3001_10.88_8.656.y+250kpc
 0.284210 -0.426326 -0.369440 2 3019_11.17_8.795.y+250kpc
 0.399478 -0.418619 -0.469639 2 3131_11.17_8.467.y+250kpc
 0.479194 -0.311184 -0.263886 2 3208_10.97_8.373.y+250kpc
 0.119095 -0.200833 -0.209150 2 3229_11.14_8.633.y+250kpc
 0.132976 -0.058370 -0.325354 2 3252_11.04_8.396.y+250kpc
 0.186176 -0.258990 -0.217617 2 3311_10.96_8.407.y+250kpc
 0.404476 -0.224454 -0.410181 2 3376_11.16_8.314.y+250kpc
 0.406395 -0.186747 -0.437451 2 3396_11.00_8.445.y+250kpc
 0.148450  0.034897 -0.448926 2 3439_10.89_8.766.y+250kpc
 0.158202  0.078367 -0.452669 2 3463_10.82_8.319.y+250kpc
 0.142978  0.304414 -0.431397 2 3573_10.98_8.635.y+250kpc
 0.168705  0.376396 -0.223856 2 3616_11.03_8.998.y+250kpc
 0.428922  0.083232 -0.254805 2 3710_10.97_8.767.y+250kpc
 0.187391  0.190874 -0.427465 2 3729_11.07_8.469.y+250kpc
 0.387485  0.227265 -0.377807 2 3747_10.85_8.370.y+250kpc
 0.406662  0.128170 -0.434243 2 3758_11.09_9.230.y+250kpc
 0.436220  0.331574 -0.335914 2 3793_11.20_8.887.y+250kpc
 0.122864  0.449437 -0.259996 2 4054_11.07_8.443.y+250kpc
 0.167267  0.410685 -0.240517 2 4100_11.01_8.714.y+250kpc
 0.260490  0.447424 -0.355761 2 4207_11.06_8.525.y+250kpc
 0.256603  0.420185 -0.249742 2 4327_11.15_8.514.y+250kpc
 0.322015 -0.495825 -0.253540 2 4377_11.07_8.561.y+250kpc
-0.056651 -0.287171 -0.294192 2 26_10.88_8.401.y+290kpc
-0.035664 -0.332093 -0.321426 2 35_10.97_8.441.y+290kpc
-0.457324 -0.342970 -0.253039 2 197_11.23_8.681.y+290kpc
-0.402449 -0.315401 -0.223713 2 252_11.14_8.654.y+290kpc
-0.492084 -0.372241  0.018592 2 267_10.94_8.871.y+290kpc
-0.197889 -0.465550 -0.070081 2 315_11.24_8.594.y+290kpc
-0.313282 -0.316436  0.031479 2 373_10.89_8.791.y+290kpc
-0.159749 -0.193015 -0.484544 2 561_10.80_8.481.y+290kpc
-0.244532 -0.225728 -0.396779 2 700_11.20_8.320.y+290kpc
-0.162795 -0.259429 -0.021604 2 742_10.90_8.758.y+290kpc
-0.172470 -0.262858  0.013468 2 749_10.80_8.400.y+290kpc
-0.166463 -0.188134 -0.373156 2 956_10.91_8.480.y+290kpc
-0.492530 -0.068701 -0.388404 2 1006_11.18_8.375.y+290kpc
-0.305642  0.019207 -0.228559 2 1028_10.96_8.632.y+290kpc
 0.013074 -0.167483 -0.193808 2 1065_10.86_8.303.y+290kpc
-0.463822  0.371919 -0.446244 2 1127_11.19_8.561.y+290kpc
-0.395393  0.310321 -0.127896 2 1187_10.97_8.377.y+290kpc
-0.189637  0.179506 -0.349919 2 1197_11.12_9.221.y+290kpc
-0.140650  0.364007  0.052038 2 1237_10.91_8.415.y+290kpc
-0.182949  0.447814 -0.347454 2 1296_11.02_8.661.y+290kpc
-0.424039  0.487376 -0.195469 2 1376_11.03_8.535.y+290kpc
-0.287994  0.477358 -0.252371 2 1436_11.13_8.701.y+290kpc
-0.185501  0.417612 -0.052259 2 1461_11.15_8.921.y+290kpc
-0.385025 -0.306343  0.111265 2 1473_11.21_9.244.y+290kpc
-0.411961 -0.471284  0.390788 2 1603_10.95_8.704.y+290kpc
-0.471001 -0.458315  0.422529 2 1610_11.08_8.715.y+290kpc
-0.309600 -0.487871  0.176377 2 1681_11.17_9.155.y+290kpc
-0.288193 -0.250270  0.336645 2 1728_10.89_8.490.y+290kpc
-0.292654 -0.208979  0.366622 2 1733_10.90_8.446.y+290kpc
-0.210088 -0.233141  0.115007 2 1795_10.85_8.437.y+290kpc
-0.233069 -0.349972  0.264312 2 1822_11.08_8.355.y+290kpc
-0.098453 -0.270595  0.192721 2 1874_11.10_8.368.y+290kpc
 0.036319 -0.278865  0.269159 2 1880_10.84_8.618.y+290kpc
 0.031736 -0.445674  0.395220 2 1957_11.23_8.523.y+290kpc
-0.185038 -0.182724  0.474636 2 2016_11.01_8.418.y+290kpc
-0.466066 -0.142192  0.330813 2 2042_10.94_8.522.y+290kpc
-0.390922 -0.146953  0.378499 2 2180_11.09_8.485.y+290kpc
-0.385020 -0.030115  0.411572 2 2210_10.88_8.303.y+290kpc
 0.010184 -0.048897  0.212831 2 2255_10.86_8.686.y+290kpc
-0.084648 -0.038158  0.409543 2 2402_11.21_8.320.y+290kpc
-0.351044  0.104449  0.387699 2 2492_10.80_8.377.y+290kpc
-0.315152  0.338493  0.237768 2 2533_10.87_8.396.y+290kpc
-0.273348  0.371122  0.221103 2 2538_10.93_8.359.y+290kpc
-0.359771  0.445274  0.133725 2 2560_10.99_8.531.y+290kpc
-0.345261  0.476333  0.320272 2 2570_10.85_8.384.y+290kpc
-0.357567  0.302368  0.426059 2 2618_10.86_8.318.y+290kpc
-0.359457 -0.489317  0.462297 2 2663_11.14_8.729.y+290kpc
-0.178942  0.168351  0.325283 2 2724_11.04_9.160.y+290kpc
-0.122928  0.055928  0.370066 2 2798_10.78_8.354.y+290kpc
-0.070453  0.456644  0.232189 2 2871_10.83_8.326.y+290kpc
-0.108102  0.374476  0.280138 2 2890_10.99_8.469.y+290kpc
 0.015680  0.313315  0.490891 2 2954_11.08_8.950.y+290kpc
 0.037681 -0.400178 -0.280934 2 3001_10.88_8.656.y+290kpc
 0.284210 -0.424726 -0.369440 2 3019_11.17_8.795.y+290kpc
 0.399478 -0.417019 -0.469639 2 3131_11.17_8.467.y+290kpc
 0.479194 -0.309584 -0.263886 2 3208_10.97_8.373.y+290kpc
 0.119095 -0.199233 -0.209150 2 3229_11.14_8.633.y+290kpc
 0.132976 -0.056770 -0.325354 2 3252_11.04_8.396.y+290kpc
 0.186176 -0.257390 -0.217617 2 3311_10.96_8.407.y+290kpc
 0.404476 -0.222854 -0.410181 2 3376_11.16_8.314.y+290kpc
 0.406395 -0.185147 -0.437451 2 3396_11.00_8.445.y+290kpc
 0.148450  0.036498 -0.448926 2 3439_10.89_8.766.y+290kpc
 0.158202  0.079967 -0.452669 2 3463_10.82_8.319.y+290kpc
 0.142978  0.306014 -0.431397 2 3573_10.98_8.635.y+290kpc
 0.168705  0.377996 -0.223856 2 3616_11.03_8.998.y+290kpc
 0.428922  0.084832 -0.254805 2 3710_10.97_8.767.y+290kpc
 0.187391  0.192474 -0.427465 2 3729_11.07_8.469.y+290kpc
 0.387485  0.228865 -0.377807 2 3747_10.85_8.370.y+290kpc
 0.406662  0.129770 -0.434243 2 3758_11.09_9.230.y+290kpc
 0.436220  0.333174 -0.335914 2 3793_11.20_8.887.y+290kpc
 0.122864  0.451037 -0.259996 2 4054_11.07_8.443.y+290kpc
 0.167267  0.412285 -0.240517 2 4100_11.01_8.714.y+290kpc
 0.260490  0.449024 -0.355761 2 4207_11.06_8.525.y+290kpc
 0.256603  0.421785 -0.249742 2 4327_11.15_8.514.y+290kpc
 0.322015 -0.494225 -0.253540 2 4377_11.07_8.561.y+290kpc
