-0.287059 -0.216278 -0.423786 2 20_11.83_10.27.x+10kpc
-0.096308 -0.304398 -0.267673 2 184_11.84_10.06.x+10kpc
-0.378683 -0.422022 -0.017665 2 226_12.05_10.60.x+10kpc
-0.367387 -0.445808  0.314506 2 255_11.98_10.39.x+10kpc
-0.438048 -0.286689  0.152272 2 278_11.75_10.00.x+10kpc
-0.313203 -0.306224  0.062420 2 285_11.81_10.06.x+10kpc
-0.344974 -0.300016  0.084953 2 288_11.83_10.00.x+10kpc
-0.188085 -0.289563 -0.018369 2 341_12.06_10.45.x+10kpc
-0.265040 -0.322526  0.004493 2 356_11.88_10.12.x+10kpc
-0.131338 -0.459078  0.302746 2 388_11.97_10.12.x+10kpc
-0.431256 -0.164700  0.363664 2 507_11.77_9.929.x+10kpc
-0.340545 -0.177095  0.394820 2 520_12.13_10.63.x+10kpc
-0.181864 -0.218733  0.484221 2 533_11.96_10.31.x+10kpc
-0.270899 -0.163725  0.425795 2 640_11.81_10.13.x+10kpc
-0.233751 -0.186559  0.457998 2 649_11.97_10.35.x+10kpc
-0.190917 -0.193309  0.465038 2 663_12.06_10.56.x+10kpc
-0.047248 -0.299737 -0.371937 2 704_11.96_10.46.x+10kpc
-0.052522 -0.256765 -0.319943 2 716_11.89_10.28.x+10kpc
 0.380939 -0.318019 -0.387551 2 944_11.77_9.950.x+10kpc
-0.026263 -0.253842 -0.253652 2 1072_12.06_10.26.x+10kpc
 0.029558 -0.283818 -0.254484 2 1092_12.04_9.881.x+10kpc
 0.070407 -0.276787 -0.232975 2 1103_11.89_10.18.x+10kpc
 0.148184 -0.327611 -0.193537 2 1133_11.79_9.868.x+10kpc
 0.340845 -0.464159 -0.264684 2 1162_12.18_10.33.x+10kpc
 0.401346 -0.365897 -0.281623 2 1174_11.96_10.06.x+10kpc
-0.032909 -0.360662  0.031995 2 1189_11.88_10.04.x+10kpc
 0.186079 -0.450246 -0.153096 2 1194_11.97_10.19.x+10kpc
 0.315709 -0.177565  0.101245 2 1269_11.75_10.13.x+10kpc
 0.372334 -0.144774  0.156481 2 1307_11.98_10.44.x+10kpc
 0.063240 -0.369532  0.244487 2 1315_11.87_10.00.x+10kpc
 0.059203 -0.425627  0.477778 2 1345_11.82_10.47.x+10kpc
 0.087861 -0.344375  0.399593 2 1353_12.12_10.54.x+10kpc
 0.174483 -0.320664  0.374663 2 1370_11.75_10.12.x+10kpc
 0.355201 -0.273106  0.372911 2 1372_11.90_10.09.x+10kpc
 0.401300 -0.220623  0.350777 2 1411_12.08_10.57.x+10kpc
 0.414386 -0.215878  0.344681 2 1416_11.78_10.03.x+10kpc
 0.407977 -0.245208  0.358568 2 1429_12.07_10.56.x+10kpc
 0.419321 -0.157841  0.203421 2 1438_12.00_10.49.x+10kpc
 0.084247 -0.102170 -0.138987 2 1534_12.02_10.34.x+10kpc
 0.091698  0.115190 -0.166883 2 1556_12.07_10.59.x+10kpc
-0.308132  0.465245 -0.251722 2 1588_11.95_10.13.x+10kpc
-0.196674  0.465661 -0.260649 2 1594_12.10_10.66.x+10kpc
-0.128606  0.449040 -0.360803 2 1610_11.78_10.30.x+10kpc
 0.138498 -0.050243 -0.323295 2 1648_12.02_10.33.x+10kpc
 0.156556  0.038552 -0.459636 2 1652_12.07_10.27.x+10kpc
 0.136733  0.146135 -0.152158 2 1678_11.87_10.15.x+10kpc
 0.164934  0.301825 -0.233512 2 1815_12.18_10.39.x+10kpc
 0.176874  0.318410 -0.225896 2 1828_11.87_10.10.x+10kpc
-0.393860  0.026226  0.366716 2 1940_11.84_9.865.x+10kpc
-0.379782  0.377934 -0.091062 2 2055_11.98_10.41.x+10kpc
-0.488322  0.429486 -0.058907 2 2056_11.99_10.57.x+10kpc
-0.344759  0.393997 -0.084897 2 2058_11.85_10.19.x+10kpc
-0.215380  0.495275 -0.037457 2 2066_12.06_10.49.x+10kpc
-0.307485  0.344921  0.484824 2 2159_11.99_10.07.x+10kpc
 0.037620  0.013811 -0.116810 2 2181_11.91_10.23.x+10kpc
-0.173540 -0.095149  0.410602 2 2272_11.88_9.987.x+10kpc
-0.022601  0.008139  0.432689 2 2299_12.08_10.40.x+10kpc
 0.183086  0.010874  0.499036 2 2319_12.03_10.24.x+10kpc
 0.020394  0.037020 -0.116386 2 2322_12.22_10.58.x+10kpc
-0.007398  0.089747  0.097117 2 2336_11.98_10.34.x+10kpc
-0.023591  0.091179  0.141734 2 2358_11.90_10.15.x+10kpc
-0.164785  0.039018  0.327504 2 2425_12.22_10.56.x+10kpc
-0.208575  0.268732  0.337660 2 2472_11.98_10.29.x+10kpc
 0.185367  0.247080  0.475419 2 2486_11.90_9.798.x+10kpc
 0.070354  0.269611  0.499216 2 2491_11.79_10.05.x+10kpc
 0.253523  0.337311 -0.244093 2 2548_11.83_9.843.x+10kpc
 0.312037  0.330368 -0.126102 2 2571_11.93_10.39.x+10kpc
 0.376256  0.379649 -0.318033 2 2585_11.93_10.18.x+10kpc
 0.337461  0.414631 -0.321049 2 2693_11.76_10.03.x+10kpc
 0.303647  0.495514 -0.264823 2 2715_11.85_10.21.x+10kpc
 0.272132  0.442157 -0.243216 2 2779_11.78_9.940.x+10kpc
 0.290010  0.422399 -0.199169 2 2785_12.24_10.70.x+10kpc
 0.312623 -0.096680  0.072886 2 2842_11.97_10.24.x+10kpc
 0.353836  0.042589  0.101483 2 2849_12.20_10.69.x+10kpc
 0.352232  0.100145  0.058938 2 2853_11.85_10.21.x+10kpc
-0.285459 -0.216278 -0.423786 2 20_11.83_10.27.x+50kpc
-0.094708 -0.304398 -0.267673 2 184_11.84_10.06.x+50kpc
-0.377083 -0.422022 -0.017665 2 226_12.05_10.60.x+50kpc
-0.365787 -0.445808  0.314506 2 255_11.98_10.39.x+50kpc
-0.436448 -0.286689  0.152272 2 278_11.75_10.00.x+50kpc
-0.311603 -0.306224  0.062420 2 285_11.81_10.06.x+50kpc
-0.343374 -0.300016  0.084953 2 288_11.83_10.00.x+50kpc
-0.186485 -0.289563 -0.018369 2 341_12.06_10.45.x+50kpc
-0.263440 -0.322526  0.004493 2 356_11.88_10.12.x+50kpc
-0.129738 -0.459078  0.302746 2 388_11.97_10.12.x+50kpc
-0.429656 -0.164700  0.363664 2 507_11.77_9.929.x+50kpc
-0.338945 -0.177095  0.394820 2 520_12.13_10.63.x+50kpc
-0.180264 -0.218733  0.484221 2 533_11.96_10.31.x+50kpc
-0.269299 -0.163725  0.425795 2 640_11.81_10.13.x+50kpc
-0.232151 -0.186559  0.457998 2 649_11.97_10.35.x+50kpc
-0.189317 -0.193309  0.465038 2 663_12.06_10.56.x+50kpc
-0.045648 -0.299737 -0.371937 2 704_11.96_10.46.x+50kpc
-0.050922 -0.256765 -0.319943 2 716_11.89_10.28.x+50kpc
 0.382539 -0.318019 -0.387551 2 944_11.77_9.950.x+50kpc
-0.024663 -0.253842 -0.253652 2 1072_12.06_10.26.x+50kpc
 0.031158 -0.283818 -0.254484 2 1092_12.04_9.881.x+50kpc
 0.072007 -0.276787 -0.232975 2 1103_11.89_10.18.x+50kpc
 0.149784 -0.327611 -0.193537 2 1133_11.79_9.868.x+50kpc
 0.342445 -0.464159 -0.264684 2 1162_12.18_10.33.x+50kpc
 0.402946 -0.365897 -0.281623 2 1174_11.96_10.06.x+50kpc
-0.031309 -0.360662  0.031995 2 1189_11.88_10.04.x+50kpc
 0.187679 -0.450246 -0.153096 2 1194_11.97_10.19.x+50kpc
 0.317309 -0.177565  0.101245 2 1269_11.75_10.13.x+50kpc
 0.373934 -0.144774  0.156481 2 1307_11.98_10.44.x+50kpc
 0.064840 -0.369532  0.244487 2 1315_11.87_10.00.x+50kpc
 0.060803 -0.425627  0.477778 2 1345_11.82_10.47.x+50kpc
 0.089461 -0.344375  0.399593 2 1353_12.12_10.54.x+50kpc
 0.176083 -0.320664  0.374663 2 1370_11.75_10.12.x+50kpc
 0.356801 -0.273106  0.372911 2 1372_11.90_10.09.x+50kpc
 0.402900 -0.220623  0.350777 2 1411_12.08_10.57.x+50kpc
 0.415986 -0.215878  0.344681 2 1416_11.78_10.03.x+50kpc
 0.409577 -0.245208  0.358568 2 1429_12.07_10.56.x+50kpc
 0.420921 -0.157841  0.203421 2 1438_12.00_10.49.x+50kpc
 0.085847 -0.102170 -0.138987 2 1534_12.02_10.34.x+50kpc
 0.093298  0.115190 -0.166883 2 1556_12.07_10.59.x+50kpc
-0.306532  0.465245 -0.251722 2 1588_11.95_10.13.x+50kpc
-0.195074  0.465661 -0.260649 2 1594_12.10_10.66.x+50kpc
-0.127006  0.449040 -0.360803 2 1610_11.78_10.30.x+50kpc
 0.140098 -0.050243 -0.323295 2 1648_12.02_10.33.x+50kpc
 0.158156  0.038552 -0.459636 2 1652_12.07_10.27.x+50kpc
 0.138333  0.146135 -0.152158 2 1678_11.87_10.15.x+50kpc
 0.166534  0.301825 -0.233512 2 1815_12.18_10.39.x+50kpc
 0.178474  0.318410 -0.225896 2 1828_11.87_10.10.x+50kpc
-0.392260  0.026226  0.366716 2 1940_11.84_9.865.x+50kpc
-0.378182  0.377934 -0.091062 2 2055_11.98_10.41.x+50kpc
-0.486722  0.429486 -0.058907 2 2056_11.99_10.57.x+50kpc
-0.343159  0.393997 -0.084897 2 2058_11.85_10.19.x+50kpc
-0.213780  0.495275 -0.037457 2 2066_12.06_10.49.x+50kpc
-0.305885  0.344921  0.484824 2 2159_11.99_10.07.x+50kpc
 0.039220  0.013811 -0.116810 2 2181_11.91_10.23.x+50kpc
-0.171940 -0.095149  0.410602 2 2272_11.88_9.987.x+50kpc
-0.021001  0.008139  0.432689 2 2299_12.08_10.40.x+50kpc
 0.184686  0.010874  0.499036 2 2319_12.03_10.24.x+50kpc
 0.021995  0.037020 -0.116386 2 2322_12.22_10.58.x+50kpc
-0.005798  0.089747  0.097117 2 2336_11.98_10.34.x+50kpc
-0.021991  0.091179  0.141734 2 2358_11.90_10.15.x+50kpc
-0.163185  0.039018  0.327504 2 2425_12.22_10.56.x+50kpc
-0.206975  0.268732  0.337660 2 2472_11.98_10.29.x+50kpc
 0.186967  0.247080  0.475419 2 2486_11.90_9.798.x+50kpc
 0.071954  0.269611  0.499216 2 2491_11.79_10.05.x+50kpc
 0.255123  0.337311 -0.244093 2 2548_11.83_9.843.x+50kpc
 0.313637  0.330368 -0.126102 2 2571_11.93_10.39.x+50kpc
 0.377856  0.379649 -0.318033 2 2585_11.93_10.18.x+50kpc
 0.339061  0.414631 -0.321049 2 2693_11.76_10.03.x+50kpc
 0.305247  0.495514 -0.264823 2 2715_11.85_10.21.x+50kpc
 0.273732  0.442157 -0.243216 2 2779_11.78_9.940.x+50kpc
 0.291610  0.422399 -0.199169 2 2785_12.24_10.70.x+50kpc
 0.314223 -0.096680  0.072886 2 2842_11.97_10.24.x+50kpc
 0.355436  0.042589  0.101483 2 2849_12.20_10.69.x+50kpc
 0.353832  0.100145  0.058938 2 2853_11.85_10.21.x+50kpc
-0.283859 -0.216278 -0.423786 2 20_11.83_10.27.x+90kpc
-0.093108 -0.304398 -0.267673 2 184_11.84_10.06.x+90kpc
-0.375483 -0.422022 -0.017665 2 226_12.05_10.60.x+90kpc
-0.364187 -0.445808  0.314506 2 255_11.98_10.39.x+90kpc
-0.434848 -0.286689  0.152272 2 278_11.75_10.00.x+90kpc
-0.310003 -0.306224  0.062420 2 285_11.81_10.06.x+90kpc
-0.341774 -0.300016  0.084953 2 288_11.83_10.00.x+90kpc
-0.184885 -0.289563 -0.018369 2 341_12.06_10.45.x+90kpc
-0.261840 -0.322526  0.004493 2 356_11.88_10.12.x+90kpc
-0.128138 -0.459078  0.302746 2 388_11.97_10.12.x+90kpc
-0.428056 -0.164700  0.363664 2 507_11.77_9.929.x+90kpc
-0.337345 -0.177095  0.394820 2 520_12.13_10.63.x+90kpc
-0.178664 -0.218733  0.484221 2 533_11.96_10.31.x+90kpc
-0.267699 -0.163725  0.425795 2 640_11.81_10.13.x+90kpc
-0.230551 -0.186559  0.457998 2 649_11.97_10.35.x+90kpc
-0.187717 -0.193309  0.465038 2 663_12.06_10.56.x+90kpc
-0.044048 -0.299737 -0.371937 2 704_11.96_10.46.x+90kpc
-0.049322 -0.256765 -0.319943 2 716_11.89_10.28.x+90kpc
 0.384139 -0.318019 -0.387551 2 944_11.77_9.950.x+90kpc
-0.023063 -0.253842 -0.253652 2 1072_12.06_10.26.x+90kpc
 0.032758 -0.283818 -0.254484 2 1092_12.04_9.881.x+90kpc
 0.073607 -0.276787 -0.232975 2 1103_11.89_10.18.x+90kpc
 0.151384 -0.327611 -0.193537 2 1133_11.79_9.868.x+90kpc
 0.344045 -0.464159 -0.264684 2 1162_12.18_10.33.x+90kpc
 0.404546 -0.365897 -0.281623 2 1174_11.96_10.06.x+90kpc
-0.029709 -0.360662  0.031995 2 1189_11.88_10.04.x+90kpc
 0.189279 -0.450246 -0.153096 2 1194_11.97_10.19.x+90kpc
 0.318909 -0.177565  0.101245 2 1269_11.75_10.13.x+90kpc
 0.375534 -0.144774  0.156481 2 1307_11.98_10.44.x+90kpc
 0.066440 -0.369532  0.244487 2 1315_11.87_10.00.x+90kpc
 0.062403 -0.425627  0.477778 2 1345_11.82_10.47.x+90kpc
 0.091061 -0.344375  0.399593 2 1353_12.12_10.54.x+90kpc
 0.177683 -0.320664  0.374663 2 1370_11.75_10.12.x+90kpc
 0.358401 -0.273106  0.372911 2 1372_11.90_10.09.x+90kpc
 0.404500 -0.220623  0.350777 2 1411_12.08_10.57.x+90kpc
 0.417586 -0.215878  0.344681 2 1416_11.78_10.03.x+90kpc
 0.411177 -0.245208  0.358568 2 1429_12.07_10.56.x+90kpc
 0.422521 -0.157841  0.203421 2 1438_12.00_10.49.x+90kpc
 0.087447 -0.102170 -0.138987 2 1534_12.02_10.34.x+90kpc
 0.094898  0.115190 -0.166883 2 1556_12.07_10.59.x+90kpc
-0.304932  0.465245 -0.251722 2 1588_11.95_10.13.x+90kpc
-0.193474  0.465661 -0.260649 2 1594_12.10_10.66.x+90kpc
-0.125406  0.449040 -0.360803 2 1610_11.78_10.30.x+90kpc
 0.141698 -0.050243 -0.323295 2 1648_12.02_10.33.x+90kpc
 0.159756  0.038552 -0.459636 2 1652_12.07_10.27.x+90kpc
 0.139933  0.146135 -0.152158 2 1678_11.87_10.15.x+90kpc
 0.168134  0.301825 -0.233512 2 1815_12.18_10.39.x+90kpc
 0.180074  0.318410 -0.225896 2 1828_11.87_10.10.x+90kpc
-0.390660  0.026226  0.366716 2 1940_11.84_9.865.x+90kpc
-0.376582  0.377934 -0.091062 2 2055_11.98_10.41.x+90kpc
-0.485122  0.429486 -0.058907 2 2056_11.99_10.57.x+90kpc
-0.341559  0.393997 -0.084897 2 2058_11.85_10.19.x+90kpc
-0.212180  0.495275 -0.037457 2 2066_12.06_10.49.x+90kpc
-0.304285  0.344921  0.484824 2 2159_11.99_10.07.x+90kpc
 0.040820  0.013811 -0.116810 2 2181_11.91_10.23.x+90kpc
-0.170340 -0.095149  0.410602 2 2272_11.88_9.987.x+90kpc
-0.019401  0.008139  0.432689 2 2299_12.08_10.40.x+90kpc
 0.186286  0.010874  0.499036 2 2319_12.03_10.24.x+90kpc
 0.023594  0.037020 -0.116386 2 2322_12.22_10.58.x+90kpc
-0.004198  0.089747  0.097117 2 2336_11.98_10.34.x+90kpc
-0.020391  0.091179  0.141734 2 2358_11.90_10.15.x+90kpc
-0.161585  0.039018  0.327504 2 2425_12.22_10.56.x+90kpc
-0.205375  0.268732  0.337660 2 2472_11.98_10.29.x+90kpc
 0.188567  0.247080  0.475419 2 2486_11.90_9.798.x+90kpc
 0.073554  0.269611  0.499216 2 2491_11.79_10.05.x+90kpc
 0.256723  0.337311 -0.244093 2 2548_11.83_9.843.x+90kpc
 0.315237  0.330368 -0.126102 2 2571_11.93_10.39.x+90kpc
 0.379456  0.379649 -0.318033 2 2585_11.93_10.18.x+90kpc
 0.340661  0.414631 -0.321049 2 2693_11.76_10.03.x+90kpc
 0.306847  0.495514 -0.264823 2 2715_11.85_10.21.x+90kpc
 0.275332  0.442157 -0.243216 2 2779_11.78_9.940.x+90kpc
 0.293210  0.422399 -0.199169 2 2785_12.24_10.70.x+90kpc
 0.315823 -0.096680  0.072886 2 2842_11.97_10.24.x+90kpc
 0.357036  0.042589  0.101483 2 2849_12.20_10.69.x+90kpc
 0.355432  0.100145  0.058938 2 2853_11.85_10.21.x+90kpc
-0.282259 -0.216278 -0.423786 2 20_11.83_10.27.x+130kpc
-0.091508 -0.304398 -0.267673 2 184_11.84_10.06.x+130kpc
-0.373883 -0.422022 -0.017665 2 226_12.05_10.60.x+130kpc
-0.362587 -0.445808  0.314506 2 255_11.98_10.39.x+130kpc
-0.433248 -0.286689  0.152272 2 278_11.75_10.00.x+130kpc
-0.308403 -0.306224  0.062420 2 285_11.81_10.06.x+130kpc
-0.340174 -0.300016  0.084953 2 288_11.83_10.00.x+130kpc
-0.183285 -0.289563 -0.018369 2 341_12.06_10.45.x+130kpc
-0.260240 -0.322526  0.004493 2 356_11.88_10.12.x+130kpc
-0.126538 -0.459078  0.302746 2 388_11.97_10.12.x+130kpc
-0.426456 -0.164700  0.363664 2 507_11.77_9.929.x+130kpc
-0.335745 -0.177095  0.394820 2 520_12.13_10.63.x+130kpc
-0.177064 -0.218733  0.484221 2 533_11.96_10.31.x+130kpc
-0.266099 -0.163725  0.425795 2 640_11.81_10.13.x+130kpc
-0.228951 -0.186559  0.457998 2 649_11.97_10.35.x+130kpc
-0.186117 -0.193309  0.465038 2 663_12.06_10.56.x+130kpc
-0.042448 -0.299737 -0.371937 2 704_11.96_10.46.x+130kpc
-0.047722 -0.256765 -0.319943 2 716_11.89_10.28.x+130kpc
 0.385739 -0.318019 -0.387551 2 944_11.77_9.950.x+130kpc
-0.021463 -0.253842 -0.253652 2 1072_12.06_10.26.x+130kpc
 0.034358 -0.283818 -0.254484 2 1092_12.04_9.881.x+130kpc
 0.075207 -0.276787 -0.232975 2 1103_11.89_10.18.x+130kpc
 0.152984 -0.327611 -0.193537 2 1133_11.79_9.868.x+130kpc
 0.345645 -0.464159 -0.264684 2 1162_12.18_10.33.x+130kpc
 0.406146 -0.365897 -0.281623 2 1174_11.96_10.06.x+130kpc
-0.028109 -0.360662  0.031995 2 1189_11.88_10.04.x+130kpc
 0.190879 -0.450246 -0.153096 2 1194_11.97_10.19.x+130kpc
 0.320509 -0.177565  0.101245 2 1269_11.75_10.13.x+130kpc
 0.377134 -0.144774  0.156481 2 1307_11.98_10.44.x+130kpc
 0.068040 -0.369532  0.244487 2 1315_11.87_10.00.x+130kpc
 0.064003 -0.425627  0.477778 2 1345_11.82_10.47.x+130kpc
 0.092661 -0.344375  0.399593 2 1353_12.12_10.54.x+130kpc
 0.179283 -0.320664  0.374663 2 1370_11.75_10.12.x+130kpc
 0.360001 -0.273106  0.372911 2 1372_11.90_10.09.x+130kpc
 0.406100 -0.220623  0.350777 2 1411_12.08_10.57.x+130kpc
 0.419186 -0.215878  0.344681 2 1416_11.78_10.03.x+130kpc
 0.412777 -0.245208  0.358568 2 1429_12.07_10.56.x+130kpc
 0.424121 -0.157841  0.203421 2 1438_12.00_10.49.x+130kpc
 0.089047 -0.102170 -0.138987 2 1534_12.02_10.34.x+130kpc
 0.096498  0.115190 -0.166883 2 1556_12.07_10.59.x+130kpc
-0.303332  0.465245 -0.251722 2 1588_11.95_10.13.x+130kpc
-0.191874  0.465661 -0.260649 2 1594_12.10_10.66.x+130kpc
-0.123806  0.449040 -0.360803 2 1610_11.78_10.30.x+130kpc
 0.143298 -0.050243 -0.323295 2 1648_12.02_10.33.x+130kpc
 0.161356  0.038552 -0.459636 2 1652_12.07_10.27.x+130kpc
 0.141533  0.146135 -0.152158 2 1678_11.87_10.15.x+130kpc
 0.169734  0.301825 -0.233512 2 1815_12.18_10.39.x+130kpc
 0.181674  0.318410 -0.225896 2 1828_11.87_10.10.x+130kpc
-0.389060  0.026226  0.366716 2 1940_11.84_9.865.x+130kpc
-0.374982  0.377934 -0.091062 2 2055_11.98_10.41.x+130kpc
-0.483522  0.429486 -0.058907 2 2056_11.99_10.57.x+130kpc
-0.339959  0.393997 -0.084897 2 2058_11.85_10.19.x+130kpc
-0.210580  0.495275 -0.037457 2 2066_12.06_10.49.x+130kpc
-0.302685  0.344921  0.484824 2 2159_11.99_10.07.x+130kpc
 0.042420  0.013811 -0.116810 2 2181_11.91_10.23.x+130kpc
-0.168740 -0.095149  0.410602 2 2272_11.88_9.987.x+130kpc
-0.017801  0.008139  0.432689 2 2299_12.08_10.40.x+130kpc
 0.187886  0.010874  0.499036 2 2319_12.03_10.24.x+130kpc
 0.025194  0.037020 -0.116386 2 2322_12.22_10.58.x+130kpc
-0.002598  0.089747  0.097117 2 2336_11.98_10.34.x+130kpc
-0.018791  0.091179  0.141734 2 2358_11.90_10.15.x+130kpc
-0.159985  0.039018  0.327504 2 2425_12.22_10.56.x+130kpc
-0.203775  0.268732  0.337660 2 2472_11.98_10.29.x+130kpc
 0.190167  0.247080  0.475419 2 2486_11.90_9.798.x+130kpc
 0.075154  0.269611  0.499216 2 2491_11.79_10.05.x+130kpc
 0.258323  0.337311 -0.244093 2 2548_11.83_9.843.x+130kpc
 0.316837  0.330368 -0.126102 2 2571_11.93_10.39.x+130kpc
 0.381056  0.379649 -0.318033 2 2585_11.93_10.18.x+130kpc
 0.342261  0.414631 -0.321049 2 2693_11.76_10.03.x+130kpc
 0.308447  0.495514 -0.264823 2 2715_11.85_10.21.x+130kpc
 0.276932  0.442157 -0.243216 2 2779_11.78_9.940.x+130kpc
 0.294810  0.422399 -0.199169 2 2785_12.24_10.70.x+130kpc
 0.317423 -0.096680  0.072886 2 2842_11.97_10.24.x+130kpc
 0.358636  0.042589  0.101483 2 2849_12.20_10.69.x+130kpc
 0.357032  0.100145  0.058938 2 2853_11.85_10.21.x+130kpc
-0.280659 -0.216278 -0.423786 2 20_11.83_10.27.x+170kpc
-0.089908 -0.304398 -0.267673 2 184_11.84_10.06.x+170kpc
-0.372283 -0.422022 -0.017665 2 226_12.05_10.60.x+170kpc
-0.360987 -0.445808  0.314506 2 255_11.98_10.39.x+170kpc
-0.431648 -0.286689  0.152272 2 278_11.75_10.00.x+170kpc
-0.306803 -0.306224  0.062420 2 285_11.81_10.06.x+170kpc
-0.338574 -0.300016  0.084953 2 288_11.83_10.00.x+170kpc
-0.181685 -0.289563 -0.018369 2 341_12.06_10.45.x+170kpc
-0.258640 -0.322526  0.004493 2 356_11.88_10.12.x+170kpc
-0.124938 -0.459078  0.302746 2 388_11.97_10.12.x+170kpc
-0.424856 -0.164700  0.363664 2 507_11.77_9.929.x+170kpc
-0.334145 -0.177095  0.394820 2 520_12.13_10.63.x+170kpc
-0.175464 -0.218733  0.484221 2 533_11.96_10.31.x+170kpc
-0.264499 -0.163725  0.425795 2 640_11.81_10.13.x+170kpc
-0.227351 -0.186559  0.457998 2 649_11.97_10.35.x+170kpc
-0.184517 -0.193309  0.465038 2 663_12.06_10.56.x+170kpc
-0.040848 -0.299737 -0.371937 2 704_11.96_10.46.x+170kpc
-0.046122 -0.256765 -0.319943 2 716_11.89_10.28.x+170kpc
 0.387339 -0.318019 -0.387551 2 944_11.77_9.950.x+170kpc
-0.019863 -0.253842 -0.253652 2 1072_12.06_10.26.x+170kpc
 0.035958 -0.283818 -0.254484 2 1092_12.04_9.881.x+170kpc
 0.076807 -0.276787 -0.232975 2 1103_11.89_10.18.x+170kpc
 0.154584 -0.327611 -0.193537 2 1133_11.79_9.868.x+170kpc
 0.347245 -0.464159 -0.264684 2 1162_12.18_10.33.x+170kpc
 0.407746 -0.365897 -0.281623 2 1174_11.96_10.06.x+170kpc
-0.026509 -0.360662  0.031995 2 1189_11.88_10.04.x+170kpc
 0.192479 -0.450246 -0.153096 2 1194_11.97_10.19.x+170kpc
 0.322109 -0.177565  0.101245 2 1269_11.75_10.13.x+170kpc
 0.378734 -0.144774  0.156481 2 1307_11.98_10.44.x+170kpc
 0.069640 -0.369532  0.244487 2 1315_11.87_10.00.x+170kpc
 0.065603 -0.425627  0.477778 2 1345_11.82_10.47.x+170kpc
 0.094261 -0.344375  0.399593 2 1353_12.12_10.54.x+170kpc
 0.180883 -0.320664  0.374663 2 1370_11.75_10.12.x+170kpc
 0.361601 -0.273106  0.372911 2 1372_11.90_10.09.x+170kpc
 0.407700 -0.220623  0.350777 2 1411_12.08_10.57.x+170kpc
 0.420786 -0.215878  0.344681 2 1416_11.78_10.03.x+170kpc
 0.414377 -0.245208  0.358568 2 1429_12.07_10.56.x+170kpc
 0.425721 -0.157841  0.203421 2 1438_12.00_10.49.x+170kpc
 0.090647 -0.102170 -0.138987 2 1534_12.02_10.34.x+170kpc
 0.098098  0.115190 -0.166883 2 1556_12.07_10.59.x+170kpc
-0.301732  0.465245 -0.251722 2 1588_11.95_10.13.x+170kpc
-0.190274  0.465661 -0.260649 2 1594_12.10_10.66.x+170kpc
-0.122206  0.449040 -0.360803 2 1610_11.78_10.30.x+170kpc
 0.144898 -0.050243 -0.323295 2 1648_12.02_10.33.x+170kpc
 0.162956  0.038552 -0.459636 2 1652_12.07_10.27.x+170kpc
 0.143133  0.146135 -0.152158 2 1678_11.87_10.15.x+170kpc
 0.171334  0.301825 -0.233512 2 1815_12.18_10.39.x+170kpc
 0.183274  0.318410 -0.225896 2 1828_11.87_10.10.x+170kpc
-0.387460  0.026226  0.366716 2 1940_11.84_9.865.x+170kpc
-0.373382  0.377934 -0.091062 2 2055_11.98_10.41.x+170kpc
-0.481922  0.429486 -0.058907 2 2056_11.99_10.57.x+170kpc
-0.338359  0.393997 -0.084897 2 2058_11.85_10.19.x+170kpc
-0.208980  0.495275 -0.037457 2 2066_12.06_10.49.x+170kpc
-0.301085  0.344921  0.484824 2 2159_11.99_10.07.x+170kpc
 0.044020  0.013811 -0.116810 2 2181_11.91_10.23.x+170kpc
-0.167140 -0.095149  0.410602 2 2272_11.88_9.987.x+170kpc
-0.016201  0.008139  0.432689 2 2299_12.08_10.40.x+170kpc
 0.189486  0.010874  0.499036 2 2319_12.03_10.24.x+170kpc
 0.026794  0.037020 -0.116386 2 2322_12.22_10.58.x+170kpc
-0.000998  0.089747  0.097117 2 2336_11.98_10.34.x+170kpc
-0.017191  0.091179  0.141734 2 2358_11.90_10.15.x+170kpc
-0.158385  0.039018  0.327504 2 2425_12.22_10.56.x+170kpc
-0.202175  0.268732  0.337660 2 2472_11.98_10.29.x+170kpc
 0.191767  0.247080  0.475419 2 2486_11.90_9.798.x+170kpc
 0.076754  0.269611  0.499216 2 2491_11.79_10.05.x+170kpc
 0.259923  0.337311 -0.244093 2 2548_11.83_9.843.x+170kpc
 0.318437  0.330368 -0.126102 2 2571_11.93_10.39.x+170kpc
 0.382656  0.379649 -0.318033 2 2585_11.93_10.18.x+170kpc
 0.343861  0.414631 -0.321049 2 2693_11.76_10.03.x+170kpc
 0.310047  0.495514 -0.264823 2 2715_11.85_10.21.x+170kpc
 0.278532  0.442157 -0.243216 2 2779_11.78_9.940.x+170kpc
 0.296410  0.422399 -0.199169 2 2785_12.24_10.70.x+170kpc
 0.319023 -0.096680  0.072886 2 2842_11.97_10.24.x+170kpc
 0.360236  0.042589  0.101483 2 2849_12.20_10.69.x+170kpc
 0.358632  0.100145  0.058938 2 2853_11.85_10.21.x+170kpc
-0.279059 -0.216278 -0.423786 2 20_11.83_10.27.x+210kpc
-0.088308 -0.304398 -0.267673 2 184_11.84_10.06.x+210kpc
-0.370683 -0.422022 -0.017665 2 226_12.05_10.60.x+210kpc
-0.359387 -0.445808  0.314506 2 255_11.98_10.39.x+210kpc
-0.430048 -0.286689  0.152272 2 278_11.75_10.00.x+210kpc
-0.305203 -0.306224  0.062420 2 285_11.81_10.06.x+210kpc
-0.336974 -0.300016  0.084953 2 288_11.83_10.00.x+210kpc
-0.180085 -0.289563 -0.018369 2 341_12.06_10.45.x+210kpc
-0.257040 -0.322526  0.004493 2 356_11.88_10.12.x+210kpc
-0.123338 -0.459078  0.302746 2 388_11.97_10.12.x+210kpc
-0.423256 -0.164700  0.363664 2 507_11.77_9.929.x+210kpc
-0.332545 -0.177095  0.394820 2 520_12.13_10.63.x+210kpc
-0.173864 -0.218733  0.484221 2 533_11.96_10.31.x+210kpc
-0.262899 -0.163725  0.425795 2 640_11.81_10.13.x+210kpc
-0.225751 -0.186559  0.457998 2 649_11.97_10.35.x+210kpc
-0.182917 -0.193309  0.465038 2 663_12.06_10.56.x+210kpc
-0.039248 -0.299737 -0.371937 2 704_11.96_10.46.x+210kpc
-0.044522 -0.256765 -0.319943 2 716_11.89_10.28.x+210kpc
 0.388939 -0.318019 -0.387551 2 944_11.77_9.950.x+210kpc
-0.018263 -0.253842 -0.253652 2 1072_12.06_10.26.x+210kpc
 0.037558 -0.283818 -0.254484 2 1092_12.04_9.881.x+210kpc
 0.078407 -0.276787 -0.232975 2 1103_11.89_10.18.x+210kpc
 0.156184 -0.327611 -0.193537 2 1133_11.79_9.868.x+210kpc
 0.348845 -0.464159 -0.264684 2 1162_12.18_10.33.x+210kpc
 0.409346 -0.365897 -0.281623 2 1174_11.96_10.06.x+210kpc
-0.024909 -0.360662  0.031995 2 1189_11.88_10.04.x+210kpc
 0.194079 -0.450246 -0.153096 2 1194_11.97_10.19.x+210kpc
 0.323709 -0.177565  0.101245 2 1269_11.75_10.13.x+210kpc
 0.380334 -0.144774  0.156481 2 1307_11.98_10.44.x+210kpc
 0.071240 -0.369532  0.244487 2 1315_11.87_10.00.x+210kpc
 0.067203 -0.425627  0.477778 2 1345_11.82_10.47.x+210kpc
 0.095861 -0.344375  0.399593 2 1353_12.12_10.54.x+210kpc
 0.182483 -0.320664  0.374663 2 1370_11.75_10.12.x+210kpc
 0.363201 -0.273106  0.372911 2 1372_11.90_10.09.x+210kpc
 0.409300 -0.220623  0.350777 2 1411_12.08_10.57.x+210kpc
 0.422386 -0.215878  0.344681 2 1416_11.78_10.03.x+210kpc
 0.415977 -0.245208  0.358568 2 1429_12.07_10.56.x+210kpc
 0.427321 -0.157841  0.203421 2 1438_12.00_10.49.x+210kpc
 0.092247 -0.102170 -0.138987 2 1534_12.02_10.34.x+210kpc
 0.099698  0.115190 -0.166883 2 1556_12.07_10.59.x+210kpc
-0.300132  0.465245 -0.251722 2 1588_11.95_10.13.x+210kpc
-0.188674  0.465661 -0.260649 2 1594_12.10_10.66.x+210kpc
-0.120606  0.449040 -0.360803 2 1610_11.78_10.30.x+210kpc
 0.146498 -0.050243 -0.323295 2 1648_12.02_10.33.x+210kpc
 0.164556  0.038552 -0.459636 2 1652_12.07_10.27.x+210kpc
 0.144733  0.146135 -0.152158 2 1678_11.87_10.15.x+210kpc
 0.172934  0.301825 -0.233512 2 1815_12.18_10.39.x+210kpc
 0.184874  0.318410 -0.225896 2 1828_11.87_10.10.x+210kpc
-0.385860  0.026226  0.366716 2 1940_11.84_9.865.x+210kpc
-0.371782  0.377934 -0.091062 2 2055_11.98_10.41.x+210kpc
-0.480322  0.429486 -0.058907 2 2056_11.99_10.57.x+210kpc
-0.336759  0.393997 -0.084897 2 2058_11.85_10.19.x+210kpc
-0.207380  0.495275 -0.037457 2 2066_12.06_10.49.x+210kpc
-0.299485  0.344921  0.484824 2 2159_11.99_10.07.x+210kpc
 0.045620  0.013811 -0.116810 2 2181_11.91_10.23.x+210kpc
-0.165540 -0.095149  0.410602 2 2272_11.88_9.987.x+210kpc
-0.014601  0.008139  0.432689 2 2299_12.08_10.40.x+210kpc
 0.191086  0.010874  0.499036 2 2319_12.03_10.24.x+210kpc
 0.028394  0.037020 -0.116386 2 2322_12.22_10.58.x+210kpc
 0.000602  0.089747  0.097117 2 2336_11.98_10.34.x+210kpc
-0.015591  0.091179  0.141734 2 2358_11.90_10.15.x+210kpc
-0.156785  0.039018  0.327504 2 2425_12.22_10.56.x+210kpc
-0.200575  0.268732  0.337660 2 2472_11.98_10.29.x+210kpc
 0.193367  0.247080  0.475419 2 2486_11.90_9.798.x+210kpc
 0.078354  0.269611  0.499216 2 2491_11.79_10.05.x+210kpc
 0.261523  0.337311 -0.244093 2 2548_11.83_9.843.x+210kpc
 0.320037  0.330368 -0.126102 2 2571_11.93_10.39.x+210kpc
 0.384256  0.379649 -0.318033 2 2585_11.93_10.18.x+210kpc
 0.345461  0.414631 -0.321049 2 2693_11.76_10.03.x+210kpc
 0.311647  0.495514 -0.264823 2 2715_11.85_10.21.x+210kpc
 0.280132  0.442157 -0.243216 2 2779_11.78_9.940.x+210kpc
 0.298010  0.422399 -0.199169 2 2785_12.24_10.70.x+210kpc
 0.320623 -0.096680  0.072886 2 2842_11.97_10.24.x+210kpc
 0.361836  0.042589  0.101483 2 2849_12.20_10.69.x+210kpc
 0.360232  0.100145  0.058938 2 2853_11.85_10.21.x+210kpc
-0.277459 -0.216278 -0.423786 2 20_11.83_10.27.x+250kpc
-0.086708 -0.304398 -0.267673 2 184_11.84_10.06.x+250kpc
-0.369083 -0.422022 -0.017665 2 226_12.05_10.60.x+250kpc
-0.357787 -0.445808  0.314506 2 255_11.98_10.39.x+250kpc
-0.428448 -0.286689  0.152272 2 278_11.75_10.00.x+250kpc
-0.303603 -0.306224  0.062420 2 285_11.81_10.06.x+250kpc
-0.335374 -0.300016  0.084953 2 288_11.83_10.00.x+250kpc
-0.178485 -0.289563 -0.018369 2 341_12.06_10.45.x+250kpc
-0.255440 -0.322526  0.004493 2 356_11.88_10.12.x+250kpc
-0.121738 -0.459078  0.302746 2 388_11.97_10.12.x+250kpc
-0.421656 -0.164700  0.363664 2 507_11.77_9.929.x+250kpc
-0.330945 -0.177095  0.394820 2 520_12.13_10.63.x+250kpc
-0.172264 -0.218733  0.484221 2 533_11.96_10.31.x+250kpc
-0.261299 -0.163725  0.425795 2 640_11.81_10.13.x+250kpc
-0.224151 -0.186559  0.457998 2 649_11.97_10.35.x+250kpc
-0.181317 -0.193309  0.465038 2 663_12.06_10.56.x+250kpc
-0.037648 -0.299737 -0.371937 2 704_11.96_10.46.x+250kpc
-0.042922 -0.256765 -0.319943 2 716_11.89_10.28.x+250kpc
 0.390539 -0.318019 -0.387551 2 944_11.77_9.950.x+250kpc
-0.016663 -0.253842 -0.253652 2 1072_12.06_10.26.x+250kpc
 0.039158 -0.283818 -0.254484 2 1092_12.04_9.881.x+250kpc
 0.080007 -0.276787 -0.232975 2 1103_11.89_10.18.x+250kpc
 0.157784 -0.327611 -0.193537 2 1133_11.79_9.868.x+250kpc
 0.350445 -0.464159 -0.264684 2 1162_12.18_10.33.x+250kpc
 0.410946 -0.365897 -0.281623 2 1174_11.96_10.06.x+250kpc
-0.023309 -0.360662  0.031995 2 1189_11.88_10.04.x+250kpc
 0.195679 -0.450246 -0.153096 2 1194_11.97_10.19.x+250kpc
 0.325309 -0.177565  0.101245 2 1269_11.75_10.13.x+250kpc
 0.381934 -0.144774  0.156481 2 1307_11.98_10.44.x+250kpc
 0.072840 -0.369532  0.244487 2 1315_11.87_10.00.x+250kpc
 0.068803 -0.425627  0.477778 2 1345_11.82_10.47.x+250kpc
 0.097461 -0.344375  0.399593 2 1353_12.12_10.54.x+250kpc
 0.184083 -0.320664  0.374663 2 1370_11.75_10.12.x+250kpc
 0.364801 -0.273106  0.372911 2 1372_11.90_10.09.x+250kpc
 0.410900 -0.220623  0.350777 2 1411_12.08_10.57.x+250kpc
 0.423986 -0.215878  0.344681 2 1416_11.78_10.03.x+250kpc
 0.417577 -0.245208  0.358568 2 1429_12.07_10.56.x+250kpc
 0.428921 -0.157841  0.203421 2 1438_12.00_10.49.x+250kpc
 0.093847 -0.102170 -0.138987 2 1534_12.02_10.34.x+250kpc
 0.101298  0.115190 -0.166883 2 1556_12.07_10.59.x+250kpc
-0.298532  0.465245 -0.251722 2 1588_11.95_10.13.x+250kpc
-0.187074  0.465661 -0.260649 2 1594_12.10_10.66.x+250kpc
-0.119006  0.449040 -0.360803 2 1610_11.78_10.30.x+250kpc
 0.148098 -0.050243 -0.323295 2 1648_12.02_10.33.x+250kpc
 0.166156  0.038552 -0.459636 2 1652_12.07_10.27.x+250kpc
 0.146333  0.146135 -0.152158 2 1678_11.87_10.15.x+250kpc
 0.174534  0.301825 -0.233512 2 1815_12.18_10.39.x+250kpc
 0.186474  0.318410 -0.225896 2 1828_11.87_10.10.x+250kpc
-0.384260  0.026226  0.366716 2 1940_11.84_9.865.x+250kpc
-0.370182  0.377934 -0.091062 2 2055_11.98_10.41.x+250kpc
-0.478722  0.429486 -0.058907 2 2056_11.99_10.57.x+250kpc
-0.335159  0.393997 -0.084897 2 2058_11.85_10.19.x+250kpc
-0.205780  0.495275 -0.037457 2 2066_12.06_10.49.x+250kpc
-0.297885  0.344921  0.484824 2 2159_11.99_10.07.x+250kpc
 0.047220  0.013811 -0.116810 2 2181_11.91_10.23.x+250kpc
-0.163940 -0.095149  0.410602 2 2272_11.88_9.987.x+250kpc
-0.013001  0.008139  0.432689 2 2299_12.08_10.40.x+250kpc
 0.192686  0.010874  0.499036 2 2319_12.03_10.24.x+250kpc
 0.029995  0.037020 -0.116386 2 2322_12.22_10.58.x+250kpc
 0.002202  0.089747  0.097117 2 2336_11.98_10.34.x+250kpc
-0.013991  0.091179  0.141734 2 2358_11.90_10.15.x+250kpc
-0.155185  0.039018  0.327504 2 2425_12.22_10.56.x+250kpc
-0.198975  0.268732  0.337660 2 2472_11.98_10.29.x+250kpc
 0.194967  0.247080  0.475419 2 2486_11.90_9.798.x+250kpc
 0.079954  0.269611  0.499216 2 2491_11.79_10.05.x+250kpc
 0.263123  0.337311 -0.244093 2 2548_11.83_9.843.x+250kpc
 0.321637  0.330368 -0.126102 2 2571_11.93_10.39.x+250kpc
 0.385856  0.379649 -0.318033 2 2585_11.93_10.18.x+250kpc
 0.347061  0.414631 -0.321049 2 2693_11.76_10.03.x+250kpc
 0.313247  0.495514 -0.264823 2 2715_11.85_10.21.x+250kpc
 0.281732  0.442157 -0.243216 2 2779_11.78_9.940.x+250kpc
 0.299610  0.422399 -0.199169 2 2785_12.24_10.70.x+250kpc
 0.322223 -0.096680  0.072886 2 2842_11.97_10.24.x+250kpc
 0.363436  0.042589  0.101483 2 2849_12.20_10.69.x+250kpc
 0.361832  0.100145  0.058938 2 2853_11.85_10.21.x+250kpc
-0.275859 -0.216278 -0.423786 2 20_11.83_10.27.x+290kpc
-0.085108 -0.304398 -0.267673 2 184_11.84_10.06.x+290kpc
-0.367483 -0.422022 -0.017665 2 226_12.05_10.60.x+290kpc
-0.356187 -0.445808  0.314506 2 255_11.98_10.39.x+290kpc
-0.426848 -0.286689  0.152272 2 278_11.75_10.00.x+290kpc
-0.302003 -0.306224  0.062420 2 285_11.81_10.06.x+290kpc
-0.333774 -0.300016  0.084953 2 288_11.83_10.00.x+290kpc
-0.176885 -0.289563 -0.018369 2 341_12.06_10.45.x+290kpc
-0.253840 -0.322526  0.004493 2 356_11.88_10.12.x+290kpc
-0.120138 -0.459078  0.302746 2 388_11.97_10.12.x+290kpc
-0.420056 -0.164700  0.363664 2 507_11.77_9.929.x+290kpc
-0.329345 -0.177095  0.394820 2 520_12.13_10.63.x+290kpc
-0.170664 -0.218733  0.484221 2 533_11.96_10.31.x+290kpc
-0.259699 -0.163725  0.425795 2 640_11.81_10.13.x+290kpc
-0.222551 -0.186559  0.457998 2 649_11.97_10.35.x+290kpc
-0.179717 -0.193309  0.465038 2 663_12.06_10.56.x+290kpc
-0.036048 -0.299737 -0.371937 2 704_11.96_10.46.x+290kpc
-0.041322 -0.256765 -0.319943 2 716_11.89_10.28.x+290kpc
 0.392139 -0.318019 -0.387551 2 944_11.77_9.950.x+290kpc
-0.015063 -0.253842 -0.253652 2 1072_12.06_10.26.x+290kpc
 0.040758 -0.283818 -0.254484 2 1092_12.04_9.881.x+290kpc
 0.081607 -0.276787 -0.232975 2 1103_11.89_10.18.x+290kpc
 0.159384 -0.327611 -0.193537 2 1133_11.79_9.868.x+290kpc
 0.352045 -0.464159 -0.264684 2 1162_12.18_10.33.x+290kpc
 0.412546 -0.365897 -0.281623 2 1174_11.96_10.06.x+290kpc
-0.021709 -0.360662  0.031995 2 1189_11.88_10.04.x+290kpc
 0.197279 -0.450246 -0.153096 2 1194_11.97_10.19.x+290kpc
 0.326909 -0.177565  0.101245 2 1269_11.75_10.13.x+290kpc
 0.383534 -0.144774  0.156481 2 1307_11.98_10.44.x+290kpc
 0.074440 -0.369532  0.244487 2 1315_11.87_10.00.x+290kpc
 0.070403 -0.425627  0.477778 2 1345_11.82_10.47.x+290kpc
 0.099061 -0.344375  0.399593 2 1353_12.12_10.54.x+290kpc
 0.185683 -0.320664  0.374663 2 1370_11.75_10.12.x+290kpc
 0.366401 -0.273106  0.372911 2 1372_11.90_10.09.x+290kpc
 0.412500 -0.220623  0.350777 2 1411_12.08_10.57.x+290kpc
 0.425586 -0.215878  0.344681 2 1416_11.78_10.03.x+290kpc
 0.419177 -0.245208  0.358568 2 1429_12.07_10.56.x+290kpc
 0.430521 -0.157841  0.203421 2 1438_12.00_10.49.x+290kpc
 0.095447 -0.102170 -0.138987 2 1534_12.02_10.34.x+290kpc
 0.102898  0.115190 -0.166883 2 1556_12.07_10.59.x+290kpc
-0.296932  0.465245 -0.251722 2 1588_11.95_10.13.x+290kpc
-0.185474  0.465661 -0.260649 2 1594_12.10_10.66.x+290kpc
-0.117406  0.449040 -0.360803 2 1610_11.78_10.30.x+290kpc
 0.149698 -0.050243 -0.323295 2 1648_12.02_10.33.x+290kpc
 0.167756  0.038552 -0.459636 2 1652_12.07_10.27.x+290kpc
 0.147933  0.146135 -0.152158 2 1678_11.87_10.15.x+290kpc
 0.176134  0.301825 -0.233512 2 1815_12.18_10.39.x+290kpc
 0.188074  0.318410 -0.225896 2 1828_11.87_10.10.x+290kpc
-0.382660  0.026226  0.366716 2 1940_11.84_9.865.x+290kpc
-0.368582  0.377934 -0.091062 2 2055_11.98_10.41.x+290kpc
-0.477122  0.429486 -0.058907 2 2056_11.99_10.57.x+290kpc
-0.333559  0.393997 -0.084897 2 2058_11.85_10.19.x+290kpc
-0.204180  0.495275 -0.037457 2 2066_12.06_10.49.x+290kpc
-0.296285  0.344921  0.484824 2 2159_11.99_10.07.x+290kpc
 0.048820  0.013811 -0.116810 2 2181_11.91_10.23.x+290kpc
-0.162340 -0.095149  0.410602 2 2272_11.88_9.987.x+290kpc
-0.011401  0.008139  0.432689 2 2299_12.08_10.40.x+290kpc
 0.194286  0.010874  0.499036 2 2319_12.03_10.24.x+290kpc
 0.031594  0.037020 -0.116386 2 2322_12.22_10.58.x+290kpc
 0.003802  0.089747  0.097117 2 2336_11.98_10.34.x+290kpc
-0.012391  0.091179  0.141734 2 2358_11.90_10.15.x+290kpc
-0.153585  0.039018  0.327504 2 2425_12.22_10.56.x+290kpc
-0.197375  0.268732  0.337660 2 2472_11.98_10.29.x+290kpc
 0.196567  0.247080  0.475419 2 2486_11.90_9.798.x+290kpc
 0.081554  0.269611  0.499216 2 2491_11.79_10.05.x+290kpc
 0.264723  0.337311 -0.244093 2 2548_11.83_9.843.x+290kpc
 0.323237  0.330368 -0.126102 2 2571_11.93_10.39.x+290kpc
 0.387456  0.379649 -0.318033 2 2585_11.93_10.18.x+290kpc
 0.348661  0.414631 -0.321049 2 2693_11.76_10.03.x+290kpc
 0.314847  0.495514 -0.264823 2 2715_11.85_10.21.x+290kpc
 0.283332  0.442157 -0.243216 2 2779_11.78_9.940.x+290kpc
 0.301210  0.422399 -0.199169 2 2785_12.24_10.70.x+290kpc
 0.323823 -0.096680  0.072886 2 2842_11.97_10.24.x+290kpc
 0.365036  0.042589  0.101483 2 2849_12.20_10.69.x+290kpc
 0.363432  0.100145  0.058938 2 2853_11.85_10.21.x+290kpc
