-0.049474 -0.299908 -0.376638 2 27_11.98_10.45.y-10kpc
-0.379502 -0.422787 -0.017719 2 265_12.07_10.59.y-10kpc
-0.152314 -0.306281 -0.262571 2 302_12.12_10.54.y-10kpc
-0.189995 -0.290723 -0.019468 2 354_12.06_10.39.y-10kpc
-0.269349 -0.323689  0.003541 2 377_11.89_10.26.y-10kpc
-0.313490 -0.304721  0.059515 2 395_11.83_10.21.y-10kpc
-0.104947 -0.307051 -0.267047 2 440_11.83_10.17.y-10kpc
-0.032335 -0.363507  0.031460 2 497_11.82_10.10.y-10kpc
-0.290802 -0.217700 -0.418708 2 521_11.81_10.19.y-10kpc
-0.052745 -0.252501 -0.325343 2 781_11.89_10.37.y-10kpc
-0.024916 -0.249707 -0.249572 2 856_12.03_10.10.y-10kpc
 0.033994 -0.279462 -0.247916 2 875_12.05_9.846.y-10kpc
-0.279037 -0.189312 -0.467967 2 909_11.77_9.868.y-10kpc
 0.014878  0.037171 -0.117903 2 1095_12.10_10.47.y-10kpc
 0.032756  0.013782 -0.113999 2 1111_11.88_10.29.y-10kpc
-0.465355  0.058332 -0.205231 2 1152_11.75_9.900.y-10kpc
-0.378712  0.375022 -0.090144 2 1211_11.98_10.55.y-10kpc
-0.343747  0.390824 -0.085014 2 1214_11.86_10.18.y-10kpc
-0.198236  0.462909 -0.260179 2 1292_12.10_10.69.y-10kpc
-0.133639  0.442169 -0.361093 2 1294_11.78_10.17.y-10kpc
-0.313536  0.459220 -0.248981 2 1381_11.91_10.25.y-10kpc
-0.485103  0.426283 -0.059384 2 1406_11.98_10.52.y-10kpc
-0.215944  0.491892 -0.035894 2 1448_12.10_10.67.y-10kpc
-0.433915 -0.289866  0.148068 2 1471_11.78_10.23.y-10kpc
-0.344097 -0.296838  0.080469 2 1477_11.86_10.17.y-10kpc
-0.366922 -0.448580  0.313486 2 1497_12.00_10.45.y-10kpc
-0.160088 -0.395250  0.307564 2 1812_11.75_10.14.y-10kpc
-0.129150 -0.463429  0.301953 2 1843_11.96_10.42.y-10kpc
-0.182725 -0.216608  0.482710 2 1974_11.96_10.41.y-10kpc
-0.233267 -0.186236  0.457816 2 2000_11.97_10.28.y-10kpc
-0.193755 -0.194247  0.461466 2 2007_12.01_10.39.y-10kpc
-0.409826 -0.083666  0.363889 2 2062_11.84_9.923.y-10kpc
-0.391770  0.025483  0.367499 2 2094_11.84_10.00.y-10kpc
-0.341022 -0.174028  0.394229 2 2149_12.14_10.60.y-10kpc
-0.387066 -0.174161  0.425875 2 2150_11.75_10.06.y-10kpc
-0.160127  0.038212  0.325082 2 2273_12.20_10.50.y-10kpc
-0.269567 -0.162847  0.424932 2 2287_11.86_10.20.y-10kpc
-0.170890 -0.090756  0.408833 2 2329_11.89_10.02.y-10kpc
-0.020260  0.008962  0.431969 2 2405_12.10_10.49.y-10kpc
-0.305966  0.343584  0.485967 2 2654_12.03_10.33.y-10kpc
-0.008452  0.089530  0.096642 2 2725_11.97_10.32.y-10kpc
-0.024706  0.092304  0.139945 2 2737_11.83_10.22.y-10kpc
-0.180947  0.234914  0.333552 2 2772_12.18_10.66.y-10kpc
-0.244356  0.250887  0.373321 2 2786_11.76_9.805.y-10kpc
-0.208081  0.270176  0.336488 2 2912_12.01_10.48.y-10kpc
 0.352692 -0.386481 -0.395122 2 3061_12.18_10.62.y-10kpc
 0.344385 -0.462396 -0.263347 2 3094_12.13_10.40.y-10kpc
 0.407508 -0.367043 -0.279771 2 3175_11.96_10.36.y-10kpc
 0.073249 -0.275648 -0.232903 2 3219_11.87_10.22.y-10kpc
 0.139435 -0.049839 -0.324764 2 3255_12.02_10.46.y-10kpc
 0.378118 -0.317382 -0.393449 2 3343_11.81_9.884.y-10kpc
 0.156014  0.039241 -0.460846 2 3429_12.09_10.48.y-10kpc
 0.164708  0.291696 -0.231640 2 3599_12.22_10.40.y-10kpc
 0.174214  0.316651 -0.227900 2 3610_11.88_10.29.y-10kpc
 0.435087  0.348754 -0.361957 2 3804_12.21_10.67.y-10kpc
 0.383427  0.354673 -0.238374 2 3833_11.81_9.944.y-10kpc
 0.384160  0.374658 -0.318967 2 3860_11.95_10.18.y-10kpc
 0.222876  0.380715 -0.218955 2 3943_12.02_10.02.y-10kpc
 0.306611  0.495941 -0.263501 2 4368_11.89_10.40.y-10kpc
 0.150966 -0.328444 -0.189042 2 4381_11.77_9.847.y-10kpc
 0.185001 -0.447242 -0.148301 2 4423_11.95_10.32.y-10kpc
 0.081141 -0.101562 -0.135597 2 4518_11.99_10.45.y-10kpc
 0.309867 -0.181536  0.099801 2 4658_11.75_10.26.y-10kpc
 0.311762 -0.096030  0.072371 2 4721_11.98_10.36.y-10kpc
 0.299048 -0.119870  0.078562 2 4724_11.81_9.991.y-10kpc
 0.375298 -0.143260  0.151702 2 4765_11.96_10.24.y-10kpc
 0.064337 -0.370473  0.243871 2 4849_11.89_10.40.y-10kpc
 0.060990 -0.428126  0.472604 2 4886_11.82_10.32.y-10kpc
 0.088173 -0.344914  0.397460 2 4895_12.09_10.51.y-10kpc
 0.175523 -0.324704  0.371456 2 4922_11.75_10.38.y-10kpc
 0.351281 -0.276511  0.371607 2 4947_11.85_10.21.y-10kpc
 0.397753 -0.221223  0.349801 2 4950_12.06_10.52.y-10kpc
 0.386954 -0.103769  0.482850 2 5132_12.14_10.46.y-10kpc
 0.399989 -0.093846  0.485481 2 5136_12.24_10.16.y-10kpc
 0.405451 -0.248268  0.357857 2 5176_12.07_10.58.y-10kpc
-0.049474 -0.301508 -0.376638 2 27_11.98_10.45.y-50kpc
-0.379502 -0.424387 -0.017719 2 265_12.07_10.59.y-50kpc
-0.152314 -0.307881 -0.262571 2 302_12.12_10.54.y-50kpc
-0.189995 -0.292323 -0.019468 2 354_12.06_10.39.y-50kpc
-0.269349 -0.325289  0.003541 2 377_11.89_10.26.y-50kpc
-0.313490 -0.306321  0.059515 2 395_11.83_10.21.y-50kpc
-0.104947 -0.308651 -0.267047 2 440_11.83_10.17.y-50kpc
-0.032335 -0.365107  0.031460 2 497_11.82_10.10.y-50kpc
-0.290802 -0.219300 -0.418708 2 521_11.81_10.19.y-50kpc
-0.052745 -0.254101 -0.325343 2 781_11.89_10.37.y-50kpc
-0.024916 -0.251307 -0.249572 2 856_12.03_10.10.y-50kpc
 0.033994 -0.281062 -0.247916 2 875_12.05_9.846.y-50kpc
-0.279037 -0.190912 -0.467967 2 909_11.77_9.868.y-50kpc
 0.014878  0.035571 -0.117903 2 1095_12.10_10.47.y-50kpc
 0.032756  0.012182 -0.113999 2 1111_11.88_10.29.y-50kpc
-0.465355  0.056732 -0.205231 2 1152_11.75_9.900.y-50kpc
-0.378712  0.373422 -0.090144 2 1211_11.98_10.55.y-50kpc
-0.343747  0.389224 -0.085014 2 1214_11.86_10.18.y-50kpc
-0.198236  0.461309 -0.260179 2 1292_12.10_10.69.y-50kpc
-0.133639  0.440569 -0.361093 2 1294_11.78_10.17.y-50kpc
-0.313536  0.457620 -0.248981 2 1381_11.91_10.25.y-50kpc
-0.485103  0.424683 -0.059384 2 1406_11.98_10.52.y-50kpc
-0.215944  0.490292 -0.035894 2 1448_12.10_10.67.y-50kpc
-0.433915 -0.291466  0.148068 2 1471_11.78_10.23.y-50kpc
-0.344097 -0.298438  0.080469 2 1477_11.86_10.17.y-50kpc
-0.366922 -0.450180  0.313486 2 1497_12.00_10.45.y-50kpc
-0.160088 -0.396850  0.307564 2 1812_11.75_10.14.y-50kpc
-0.129150 -0.465029  0.301953 2 1843_11.96_10.42.y-50kpc
-0.182725 -0.218208  0.482710 2 1974_11.96_10.41.y-50kpc
-0.233267 -0.187836  0.457816 2 2000_11.97_10.28.y-50kpc
-0.193755 -0.195847  0.461466 2 2007_12.01_10.39.y-50kpc
-0.409826 -0.085266  0.363889 2 2062_11.84_9.923.y-50kpc
-0.391770  0.023883  0.367499 2 2094_11.84_10.00.y-50kpc
-0.341022 -0.175628  0.394229 2 2149_12.14_10.60.y-50kpc
-0.387066 -0.175761  0.425875 2 2150_11.75_10.06.y-50kpc
-0.160127  0.036612  0.325082 2 2273_12.20_10.50.y-50kpc
-0.269567 -0.164447  0.424932 2 2287_11.86_10.20.y-50kpc
-0.170890 -0.092356  0.408833 2 2329_11.89_10.02.y-50kpc
-0.020260  0.007362  0.431969 2 2405_12.10_10.49.y-50kpc
-0.305966  0.341984  0.485967 2 2654_12.03_10.33.y-50kpc
-0.008452  0.087930  0.096642 2 2725_11.97_10.32.y-50kpc
-0.024706  0.090704  0.139945 2 2737_11.83_10.22.y-50kpc
-0.180947  0.233314  0.333552 2 2772_12.18_10.66.y-50kpc
-0.244356  0.249287  0.373321 2 2786_11.76_9.805.y-50kpc
-0.208081  0.268576  0.336488 2 2912_12.01_10.48.y-50kpc
 0.352692 -0.388081 -0.395122 2 3061_12.18_10.62.y-50kpc
 0.344385 -0.463996 -0.263347 2 3094_12.13_10.40.y-50kpc
 0.407508 -0.368643 -0.279771 2 3175_11.96_10.36.y-50kpc
 0.073249 -0.277248 -0.232903 2 3219_11.87_10.22.y-50kpc
 0.139435 -0.051439 -0.324764 2 3255_12.02_10.46.y-50kpc
 0.378118 -0.318982 -0.393449 2 3343_11.81_9.884.y-50kpc
 0.156014  0.037641 -0.460846 2 3429_12.09_10.48.y-50kpc
 0.164708  0.290096 -0.231640 2 3599_12.22_10.40.y-50kpc
 0.174214  0.315051 -0.227900 2 3610_11.88_10.29.y-50kpc
 0.435087  0.347154 -0.361957 2 3804_12.21_10.67.y-50kpc
 0.383427  0.353073 -0.238374 2 3833_11.81_9.944.y-50kpc
 0.384160  0.373058 -0.318967 2 3860_11.95_10.18.y-50kpc
 0.222876  0.379115 -0.218955 2 3943_12.02_10.02.y-50kpc
 0.306611  0.494341 -0.263501 2 4368_11.89_10.40.y-50kpc
 0.150966 -0.330044 -0.189042 2 4381_11.77_9.847.y-50kpc
 0.185001 -0.448842 -0.148301 2 4423_11.95_10.32.y-50kpc
 0.081141 -0.103162 -0.135597 2 4518_11.99_10.45.y-50kpc
 0.309867 -0.183136  0.099801 2 4658_11.75_10.26.y-50kpc
 0.311762 -0.097630  0.072371 2 4721_11.98_10.36.y-50kpc
 0.299048 -0.121470  0.078562 2 4724_11.81_9.991.y-50kpc
 0.375298 -0.144860  0.151702 2 4765_11.96_10.24.y-50kpc
 0.064337 -0.372073  0.243871 2 4849_11.89_10.40.y-50kpc
 0.060990 -0.429726  0.472604 2 4886_11.82_10.32.y-50kpc
 0.088173 -0.346514  0.397460 2 4895_12.09_10.51.y-50kpc
 0.175523 -0.326304  0.371456 2 4922_11.75_10.38.y-50kpc
 0.351281 -0.278111  0.371607 2 4947_11.85_10.21.y-50kpc
 0.397753 -0.222823  0.349801 2 4950_12.06_10.52.y-50kpc
 0.386954 -0.105369  0.482850 2 5132_12.14_10.46.y-50kpc
 0.399989 -0.095446  0.485481 2 5136_12.24_10.16.y-50kpc
 0.405451 -0.249868  0.357857 2 5176_12.07_10.58.y-50kpc
-0.049474 -0.303108 -0.376638 2 27_11.98_10.45.y-90kpc
-0.379502 -0.425987 -0.017719 2 265_12.07_10.59.y-90kpc
-0.152314 -0.309481 -0.262571 2 302_12.12_10.54.y-90kpc
-0.189995 -0.293923 -0.019468 2 354_12.06_10.39.y-90kpc
-0.269349 -0.326889  0.003541 2 377_11.89_10.26.y-90kpc
-0.313490 -0.307921  0.059515 2 395_11.83_10.21.y-90kpc
-0.104947 -0.310251 -0.267047 2 440_11.83_10.17.y-90kpc
-0.032335 -0.366707  0.031460 2 497_11.82_10.10.y-90kpc
-0.290802 -0.220900 -0.418708 2 521_11.81_10.19.y-90kpc
-0.052745 -0.255701 -0.325343 2 781_11.89_10.37.y-90kpc
-0.024916 -0.252907 -0.249572 2 856_12.03_10.10.y-90kpc
 0.033994 -0.282662 -0.247916 2 875_12.05_9.846.y-90kpc
-0.279037 -0.192512 -0.467967 2 909_11.77_9.868.y-90kpc
 0.014878  0.033971 -0.117903 2 1095_12.10_10.47.y-90kpc
 0.032756  0.010582 -0.113999 2 1111_11.88_10.29.y-90kpc
-0.465355  0.055132 -0.205231 2 1152_11.75_9.900.y-90kpc
-0.378712  0.371822 -0.090144 2 1211_11.98_10.55.y-90kpc
-0.343747  0.387624 -0.085014 2 1214_11.86_10.18.y-90kpc
-0.198236  0.459709 -0.260179 2 1292_12.10_10.69.y-90kpc
-0.133639  0.438969 -0.361093 2 1294_11.78_10.17.y-90kpc
-0.313536  0.456020 -0.248981 2 1381_11.91_10.25.y-90kpc
-0.485103  0.423083 -0.059384 2 1406_11.98_10.52.y-90kpc
-0.215944  0.488692 -0.035894 2 1448_12.10_10.67.y-90kpc
-0.433915 -0.293066  0.148068 2 1471_11.78_10.23.y-90kpc
-0.344097 -0.300038  0.080469 2 1477_11.86_10.17.y-90kpc
-0.366922 -0.451780  0.313486 2 1497_12.00_10.45.y-90kpc
-0.160088 -0.398450  0.307564 2 1812_11.75_10.14.y-90kpc
-0.129150 -0.466629  0.301953 2 1843_11.96_10.42.y-90kpc
-0.182725 -0.219808  0.482710 2 1974_11.96_10.41.y-90kpc
-0.233267 -0.189436  0.457816 2 2000_11.97_10.28.y-90kpc
-0.193755 -0.197447  0.461466 2 2007_12.01_10.39.y-90kpc
-0.409826 -0.086866  0.363889 2 2062_11.84_9.923.y-90kpc
-0.391770  0.022283  0.367499 2 2094_11.84_10.00.y-90kpc
-0.341022 -0.177228  0.394229 2 2149_12.14_10.60.y-90kpc
-0.387066 -0.177361  0.425875 2 2150_11.75_10.06.y-90kpc
-0.160127  0.035012  0.325082 2 2273_12.20_10.50.y-90kpc
-0.269567 -0.166047  0.424932 2 2287_11.86_10.20.y-90kpc
-0.170890 -0.093956  0.408833 2 2329_11.89_10.02.y-90kpc
-0.020260  0.005762  0.431969 2 2405_12.10_10.49.y-90kpc
-0.305966  0.340384  0.485967 2 2654_12.03_10.33.y-90kpc
-0.008452  0.086330  0.096642 2 2725_11.97_10.32.y-90kpc
-0.024706  0.089104  0.139945 2 2737_11.83_10.22.y-90kpc
-0.180947  0.231714  0.333552 2 2772_12.18_10.66.y-90kpc
-0.244356  0.247687  0.373321 2 2786_11.76_9.805.y-90kpc
-0.208081  0.266976  0.336488 2 2912_12.01_10.48.y-90kpc
 0.352692 -0.389681 -0.395122 2 3061_12.18_10.62.y-90kpc
 0.344385 -0.465596 -0.263347 2 3094_12.13_10.40.y-90kpc
 0.407508 -0.370243 -0.279771 2 3175_11.96_10.36.y-90kpc
 0.073249 -0.278848 -0.232903 2 3219_11.87_10.22.y-90kpc
 0.139435 -0.053039 -0.324764 2 3255_12.02_10.46.y-90kpc
 0.378118 -0.320582 -0.393449 2 3343_11.81_9.884.y-90kpc
 0.156014  0.036041 -0.460846 2 3429_12.09_10.48.y-90kpc
 0.164708  0.288496 -0.231640 2 3599_12.22_10.40.y-90kpc
 0.174214  0.313451 -0.227900 2 3610_11.88_10.29.y-90kpc
 0.435087  0.345554 -0.361957 2 3804_12.21_10.67.y-90kpc
 0.383427  0.351473 -0.238374 2 3833_11.81_9.944.y-90kpc
 0.384160  0.371458 -0.318967 2 3860_11.95_10.18.y-90kpc
 0.222876  0.377515 -0.218955 2 3943_12.02_10.02.y-90kpc
 0.306611  0.492741 -0.263501 2 4368_11.89_10.40.y-90kpc
 0.150966 -0.331644 -0.189042 2 4381_11.77_9.847.y-90kpc
 0.185001 -0.450442 -0.148301 2 4423_11.95_10.32.y-90kpc
 0.081141 -0.104762 -0.135597 2 4518_11.99_10.45.y-90kpc
 0.309867 -0.184736  0.099801 2 4658_11.75_10.26.y-90kpc
 0.311762 -0.099230  0.072371 2 4721_11.98_10.36.y-90kpc
 0.299048 -0.123070  0.078562 2 4724_11.81_9.991.y-90kpc
 0.375298 -0.146460  0.151702 2 4765_11.96_10.24.y-90kpc
 0.064337 -0.373673  0.243871 2 4849_11.89_10.40.y-90kpc
 0.060990 -0.431326  0.472604 2 4886_11.82_10.32.y-90kpc
 0.088173 -0.348114  0.397460 2 4895_12.09_10.51.y-90kpc
 0.175523 -0.327904  0.371456 2 4922_11.75_10.38.y-90kpc
 0.351281 -0.279711  0.371607 2 4947_11.85_10.21.y-90kpc
 0.397753 -0.224423  0.349801 2 4950_12.06_10.52.y-90kpc
 0.386954 -0.106969  0.482850 2 5132_12.14_10.46.y-90kpc
 0.399989 -0.097046  0.485481 2 5136_12.24_10.16.y-90kpc
 0.405451 -0.251468  0.357857 2 5176_12.07_10.58.y-90kpc
-0.049474 -0.304708 -0.376638 2 27_11.98_10.45.y-130kpc
-0.379502 -0.427587 -0.017719 2 265_12.07_10.59.y-130kpc
-0.152314 -0.311081 -0.262571 2 302_12.12_10.54.y-130kpc
-0.189995 -0.295523 -0.019468 2 354_12.06_10.39.y-130kpc
-0.269349 -0.328489  0.003541 2 377_11.89_10.26.y-130kpc
-0.313490 -0.309521  0.059515 2 395_11.83_10.21.y-130kpc
-0.104947 -0.311851 -0.267047 2 440_11.83_10.17.y-130kpc
-0.032335 -0.368307  0.031460 2 497_11.82_10.10.y-130kpc
-0.290802 -0.222500 -0.418708 2 521_11.81_10.19.y-130kpc
-0.052745 -0.257301 -0.325343 2 781_11.89_10.37.y-130kpc
-0.024916 -0.254507 -0.249572 2 856_12.03_10.10.y-130kpc
 0.033994 -0.284262 -0.247916 2 875_12.05_9.846.y-130kpc
-0.279037 -0.194112 -0.467967 2 909_11.77_9.868.y-130kpc
 0.014878  0.032371 -0.117903 2 1095_12.10_10.47.y-130kpc
 0.032756  0.008982 -0.113999 2 1111_11.88_10.29.y-130kpc
-0.465355  0.053532 -0.205231 2 1152_11.75_9.900.y-130kpc
-0.378712  0.370222 -0.090144 2 1211_11.98_10.55.y-130kpc
-0.343747  0.386024 -0.085014 2 1214_11.86_10.18.y-130kpc
-0.198236  0.458109 -0.260179 2 1292_12.10_10.69.y-130kpc
-0.133639  0.437369 -0.361093 2 1294_11.78_10.17.y-130kpc
-0.313536  0.454420 -0.248981 2 1381_11.91_10.25.y-130kpc
-0.485103  0.421483 -0.059384 2 1406_11.98_10.52.y-130kpc
-0.215944  0.487092 -0.035894 2 1448_12.10_10.67.y-130kpc
-0.433915 -0.294666  0.148068 2 1471_11.78_10.23.y-130kpc
-0.344097 -0.301638  0.080469 2 1477_11.86_10.17.y-130kpc
-0.366922 -0.453380  0.313486 2 1497_12.00_10.45.y-130kpc
-0.160088 -0.400050  0.307564 2 1812_11.75_10.14.y-130kpc
-0.129150 -0.468229  0.301953 2 1843_11.96_10.42.y-130kpc
-0.182725 -0.221408  0.482710 2 1974_11.96_10.41.y-130kpc
-0.233267 -0.191036  0.457816 2 2000_11.97_10.28.y-130kpc
-0.193755 -0.199047  0.461466 2 2007_12.01_10.39.y-130kpc
-0.409826 -0.088466  0.363889 2 2062_11.84_9.923.y-130kpc
-0.391770  0.020683  0.367499 2 2094_11.84_10.00.y-130kpc
-0.341022 -0.178828  0.394229 2 2149_12.14_10.60.y-130kpc
-0.387066 -0.178961  0.425875 2 2150_11.75_10.06.y-130kpc
-0.160127  0.033412  0.325082 2 2273_12.20_10.50.y-130kpc
-0.269567 -0.167647  0.424932 2 2287_11.86_10.20.y-130kpc
-0.170890 -0.095556  0.408833 2 2329_11.89_10.02.y-130kpc
-0.020260  0.004162  0.431969 2 2405_12.10_10.49.y-130kpc
-0.305966  0.338784  0.485967 2 2654_12.03_10.33.y-130kpc
-0.008452  0.084730  0.096642 2 2725_11.97_10.32.y-130kpc
-0.024706  0.087504  0.139945 2 2737_11.83_10.22.y-130kpc
-0.180947  0.230114  0.333552 2 2772_12.18_10.66.y-130kpc
-0.244356  0.246087  0.373321 2 2786_11.76_9.805.y-130kpc
-0.208081  0.265376  0.336488 2 2912_12.01_10.48.y-130kpc
 0.352692 -0.391281 -0.395122 2 3061_12.18_10.62.y-130kpc
 0.344385 -0.467196 -0.263347 2 3094_12.13_10.40.y-130kpc
 0.407508 -0.371843 -0.279771 2 3175_11.96_10.36.y-130kpc
 0.073249 -0.280448 -0.232903 2 3219_11.87_10.22.y-130kpc
 0.139435 -0.054639 -0.324764 2 3255_12.02_10.46.y-130kpc
 0.378118 -0.322182 -0.393449 2 3343_11.81_9.884.y-130kpc
 0.156014  0.034441 -0.460846 2 3429_12.09_10.48.y-130kpc
 0.164708  0.286896 -0.231640 2 3599_12.22_10.40.y-130kpc
 0.174214  0.311851 -0.227900 2 3610_11.88_10.29.y-130kpc
 0.435087  0.343954 -0.361957 2 3804_12.21_10.67.y-130kpc
 0.383427  0.349873 -0.238374 2 3833_11.81_9.944.y-130kpc
 0.384160  0.369858 -0.318967 2 3860_11.95_10.18.y-130kpc
 0.222876  0.375915 -0.218955 2 3943_12.02_10.02.y-130kpc
 0.306611  0.491141 -0.263501 2 4368_11.89_10.40.y-130kpc
 0.150966 -0.333244 -0.189042 2 4381_11.77_9.847.y-130kpc
 0.185001 -0.452042 -0.148301 2 4423_11.95_10.32.y-130kpc
 0.081141 -0.106362 -0.135597 2 4518_11.99_10.45.y-130kpc
 0.309867 -0.186336  0.099801 2 4658_11.75_10.26.y-130kpc
 0.311762 -0.100830  0.072371 2 4721_11.98_10.36.y-130kpc
 0.299048 -0.124670  0.078562 2 4724_11.81_9.991.y-130kpc
 0.375298 -0.148060  0.151702 2 4765_11.96_10.24.y-130kpc
 0.064337 -0.375273  0.243871 2 4849_11.89_10.40.y-130kpc
 0.060990 -0.432926  0.472604 2 4886_11.82_10.32.y-130kpc
 0.088173 -0.349714  0.397460 2 4895_12.09_10.51.y-130kpc
 0.175523 -0.329504  0.371456 2 4922_11.75_10.38.y-130kpc
 0.351281 -0.281311  0.371607 2 4947_11.85_10.21.y-130kpc
 0.397753 -0.226023  0.349801 2 4950_12.06_10.52.y-130kpc
 0.386954 -0.108569  0.482850 2 5132_12.14_10.46.y-130kpc
 0.399989 -0.098646  0.485481 2 5136_12.24_10.16.y-130kpc
 0.405451 -0.253068  0.357857 2 5176_12.07_10.58.y-130kpc
-0.049474 -0.306308 -0.376638 2 27_11.98_10.45.y-170kpc
-0.379502 -0.429187 -0.017719 2 265_12.07_10.59.y-170kpc
-0.152314 -0.312681 -0.262571 2 302_12.12_10.54.y-170kpc
-0.189995 -0.297123 -0.019468 2 354_12.06_10.39.y-170kpc
-0.269349 -0.330089  0.003541 2 377_11.89_10.26.y-170kpc
-0.313490 -0.311121  0.059515 2 395_11.83_10.21.y-170kpc
-0.104947 -0.313451 -0.267047 2 440_11.83_10.17.y-170kpc
-0.032335 -0.369907  0.031460 2 497_11.82_10.10.y-170kpc
-0.290802 -0.224100 -0.418708 2 521_11.81_10.19.y-170kpc
-0.052745 -0.258901 -0.325343 2 781_11.89_10.37.y-170kpc
-0.024916 -0.256107 -0.249572 2 856_12.03_10.10.y-170kpc
 0.033994 -0.285862 -0.247916 2 875_12.05_9.846.y-170kpc
-0.279037 -0.195712 -0.467967 2 909_11.77_9.868.y-170kpc
 0.014878  0.030771 -0.117903 2 1095_12.10_10.47.y-170kpc
 0.032756  0.007382 -0.113999 2 1111_11.88_10.29.y-170kpc
-0.465355  0.051932 -0.205231 2 1152_11.75_9.900.y-170kpc
-0.378712  0.368622 -0.090144 2 1211_11.98_10.55.y-170kpc
-0.343747  0.384424 -0.085014 2 1214_11.86_10.18.y-170kpc
-0.198236  0.456509 -0.260179 2 1292_12.10_10.69.y-170kpc
-0.133639  0.435769 -0.361093 2 1294_11.78_10.17.y-170kpc
-0.313536  0.452820 -0.248981 2 1381_11.91_10.25.y-170kpc
-0.485103  0.419883 -0.059384 2 1406_11.98_10.52.y-170kpc
-0.215944  0.485492 -0.035894 2 1448_12.10_10.67.y-170kpc
-0.433915 -0.296266  0.148068 2 1471_11.78_10.23.y-170kpc
-0.344097 -0.303238  0.080469 2 1477_11.86_10.17.y-170kpc
-0.366922 -0.454980  0.313486 2 1497_12.00_10.45.y-170kpc
-0.160088 -0.401650  0.307564 2 1812_11.75_10.14.y-170kpc
-0.129150 -0.469829  0.301953 2 1843_11.96_10.42.y-170kpc
-0.182725 -0.223008  0.482710 2 1974_11.96_10.41.y-170kpc
-0.233267 -0.192636  0.457816 2 2000_11.97_10.28.y-170kpc
-0.193755 -0.200647  0.461466 2 2007_12.01_10.39.y-170kpc
-0.409826 -0.090066  0.363889 2 2062_11.84_9.923.y-170kpc
-0.391770  0.019083  0.367499 2 2094_11.84_10.00.y-170kpc
-0.341022 -0.180428  0.394229 2 2149_12.14_10.60.y-170kpc
-0.387066 -0.180561  0.425875 2 2150_11.75_10.06.y-170kpc
-0.160127  0.031812  0.325082 2 2273_12.20_10.50.y-170kpc
-0.269567 -0.169247  0.424932 2 2287_11.86_10.20.y-170kpc
-0.170890 -0.097156  0.408833 2 2329_11.89_10.02.y-170kpc
-0.020260  0.002562  0.431969 2 2405_12.10_10.49.y-170kpc
-0.305966  0.337184  0.485967 2 2654_12.03_10.33.y-170kpc
-0.008452  0.083130  0.096642 2 2725_11.97_10.32.y-170kpc
-0.024706  0.085904  0.139945 2 2737_11.83_10.22.y-170kpc
-0.180947  0.228514  0.333552 2 2772_12.18_10.66.y-170kpc
-0.244356  0.244487  0.373321 2 2786_11.76_9.805.y-170kpc
-0.208081  0.263776  0.336488 2 2912_12.01_10.48.y-170kpc
 0.352692 -0.392881 -0.395122 2 3061_12.18_10.62.y-170kpc
 0.344385 -0.468796 -0.263347 2 3094_12.13_10.40.y-170kpc
 0.407508 -0.373443 -0.279771 2 3175_11.96_10.36.y-170kpc
 0.073249 -0.282048 -0.232903 2 3219_11.87_10.22.y-170kpc
 0.139435 -0.056239 -0.324764 2 3255_12.02_10.46.y-170kpc
 0.378118 -0.323782 -0.393449 2 3343_11.81_9.884.y-170kpc
 0.156014  0.032841 -0.460846 2 3429_12.09_10.48.y-170kpc
 0.164708  0.285296 -0.231640 2 3599_12.22_10.40.y-170kpc
 0.174214  0.310251 -0.227900 2 3610_11.88_10.29.y-170kpc
 0.435087  0.342354 -0.361957 2 3804_12.21_10.67.y-170kpc
 0.383427  0.348273 -0.238374 2 3833_11.81_9.944.y-170kpc
 0.384160  0.368258 -0.318967 2 3860_11.95_10.18.y-170kpc
 0.222876  0.374315 -0.218955 2 3943_12.02_10.02.y-170kpc
 0.306611  0.489541 -0.263501 2 4368_11.89_10.40.y-170kpc
 0.150966 -0.334844 -0.189042 2 4381_11.77_9.847.y-170kpc
 0.185001 -0.453642 -0.148301 2 4423_11.95_10.32.y-170kpc
 0.081141 -0.107962 -0.135597 2 4518_11.99_10.45.y-170kpc
 0.309867 -0.187936  0.099801 2 4658_11.75_10.26.y-170kpc
 0.311762 -0.102430  0.072371 2 4721_11.98_10.36.y-170kpc
 0.299048 -0.126270  0.078562 2 4724_11.81_9.991.y-170kpc
 0.375298 -0.149660  0.151702 2 4765_11.96_10.24.y-170kpc
 0.064337 -0.376873  0.243871 2 4849_11.89_10.40.y-170kpc
 0.060990 -0.434526  0.472604 2 4886_11.82_10.32.y-170kpc
 0.088173 -0.351314  0.397460 2 4895_12.09_10.51.y-170kpc
 0.175523 -0.331104  0.371456 2 4922_11.75_10.38.y-170kpc
 0.351281 -0.282911  0.371607 2 4947_11.85_10.21.y-170kpc
 0.397753 -0.227623  0.349801 2 4950_12.06_10.52.y-170kpc
 0.386954 -0.110169  0.482850 2 5132_12.14_10.46.y-170kpc
 0.399989 -0.100246  0.485481 2 5136_12.24_10.16.y-170kpc
 0.405451 -0.254668  0.357857 2 5176_12.07_10.58.y-170kpc
-0.049474 -0.307908 -0.376638 2 27_11.98_10.45.y-210kpc
-0.379502 -0.430787 -0.017719 2 265_12.07_10.59.y-210kpc
-0.152314 -0.314281 -0.262571 2 302_12.12_10.54.y-210kpc
-0.189995 -0.298723 -0.019468 2 354_12.06_10.39.y-210kpc
-0.269349 -0.331689  0.003541 2 377_11.89_10.26.y-210kpc
-0.313490 -0.312721  0.059515 2 395_11.83_10.21.y-210kpc
-0.104947 -0.315051 -0.267047 2 440_11.83_10.17.y-210kpc
-0.032335 -0.371507  0.031460 2 497_11.82_10.10.y-210kpc
-0.290802 -0.225700 -0.418708 2 521_11.81_10.19.y-210kpc
-0.052745 -0.260501 -0.325343 2 781_11.89_10.37.y-210kpc
-0.024916 -0.257707 -0.249572 2 856_12.03_10.10.y-210kpc
 0.033994 -0.287462 -0.247916 2 875_12.05_9.846.y-210kpc
-0.279037 -0.197312 -0.467967 2 909_11.77_9.868.y-210kpc
 0.014878  0.029171 -0.117903 2 1095_12.10_10.47.y-210kpc
 0.032756  0.005782 -0.113999 2 1111_11.88_10.29.y-210kpc
-0.465355  0.050332 -0.205231 2 1152_11.75_9.900.y-210kpc
-0.378712  0.367022 -0.090144 2 1211_11.98_10.55.y-210kpc
-0.343747  0.382824 -0.085014 2 1214_11.86_10.18.y-210kpc
-0.198236  0.454909 -0.260179 2 1292_12.10_10.69.y-210kpc
-0.133639  0.434169 -0.361093 2 1294_11.78_10.17.y-210kpc
-0.313536  0.451220 -0.248981 2 1381_11.91_10.25.y-210kpc
-0.485103  0.418283 -0.059384 2 1406_11.98_10.52.y-210kpc
-0.215944  0.483892 -0.035894 2 1448_12.10_10.67.y-210kpc
-0.433915 -0.297866  0.148068 2 1471_11.78_10.23.y-210kpc
-0.344097 -0.304838  0.080469 2 1477_11.86_10.17.y-210kpc
-0.366922 -0.456580  0.313486 2 1497_12.00_10.45.y-210kpc
-0.160088 -0.403250  0.307564 2 1812_11.75_10.14.y-210kpc
-0.129150 -0.471429  0.301953 2 1843_11.96_10.42.y-210kpc
-0.182725 -0.224608  0.482710 2 1974_11.96_10.41.y-210kpc
-0.233267 -0.194236  0.457816 2 2000_11.97_10.28.y-210kpc
-0.193755 -0.202247  0.461466 2 2007_12.01_10.39.y-210kpc
-0.409826 -0.091666  0.363889 2 2062_11.84_9.923.y-210kpc
-0.391770  0.017483  0.367499 2 2094_11.84_10.00.y-210kpc
-0.341022 -0.182028  0.394229 2 2149_12.14_10.60.y-210kpc
-0.387066 -0.182161  0.425875 2 2150_11.75_10.06.y-210kpc
-0.160127  0.030212  0.325082 2 2273_12.20_10.50.y-210kpc
-0.269567 -0.170847  0.424932 2 2287_11.86_10.20.y-210kpc
-0.170890 -0.098756  0.408833 2 2329_11.89_10.02.y-210kpc
-0.020260  0.000962  0.431969 2 2405_12.10_10.49.y-210kpc
-0.305966  0.335584  0.485967 2 2654_12.03_10.33.y-210kpc
-0.008452  0.081530  0.096642 2 2725_11.97_10.32.y-210kpc
-0.024706  0.084304  0.139945 2 2737_11.83_10.22.y-210kpc
-0.180947  0.226914  0.333552 2 2772_12.18_10.66.y-210kpc
-0.244356  0.242887  0.373321 2 2786_11.76_9.805.y-210kpc
-0.208081  0.262176  0.336488 2 2912_12.01_10.48.y-210kpc
 0.352692 -0.394481 -0.395122 2 3061_12.18_10.62.y-210kpc
 0.344385 -0.470396 -0.263347 2 3094_12.13_10.40.y-210kpc
 0.407508 -0.375043 -0.279771 2 3175_11.96_10.36.y-210kpc
 0.073249 -0.283648 -0.232903 2 3219_11.87_10.22.y-210kpc
 0.139435 -0.057839 -0.324764 2 3255_12.02_10.46.y-210kpc
 0.378118 -0.325382 -0.393449 2 3343_11.81_9.884.y-210kpc
 0.156014  0.031241 -0.460846 2 3429_12.09_10.48.y-210kpc
 0.164708  0.283696 -0.231640 2 3599_12.22_10.40.y-210kpc
 0.174214  0.308651 -0.227900 2 3610_11.88_10.29.y-210kpc
 0.435087  0.340754 -0.361957 2 3804_12.21_10.67.y-210kpc
 0.383427  0.346673 -0.238374 2 3833_11.81_9.944.y-210kpc
 0.384160  0.366658 -0.318967 2 3860_11.95_10.18.y-210kpc
 0.222876  0.372715 -0.218955 2 3943_12.02_10.02.y-210kpc
 0.306611  0.487941 -0.263501 2 4368_11.89_10.40.y-210kpc
 0.150966 -0.336444 -0.189042 2 4381_11.77_9.847.y-210kpc
 0.185001 -0.455242 -0.148301 2 4423_11.95_10.32.y-210kpc
 0.081141 -0.109562 -0.135597 2 4518_11.99_10.45.y-210kpc
 0.309867 -0.189536  0.099801 2 4658_11.75_10.26.y-210kpc
 0.311762 -0.104030  0.072371 2 4721_11.98_10.36.y-210kpc
 0.299048 -0.127870  0.078562 2 4724_11.81_9.991.y-210kpc
 0.375298 -0.151260  0.151702 2 4765_11.96_10.24.y-210kpc
 0.064337 -0.378473  0.243871 2 4849_11.89_10.40.y-210kpc
 0.060990 -0.436126  0.472604 2 4886_11.82_10.32.y-210kpc
 0.088173 -0.352914  0.397460 2 4895_12.09_10.51.y-210kpc
 0.175523 -0.332704  0.371456 2 4922_11.75_10.38.y-210kpc
 0.351281 -0.284511  0.371607 2 4947_11.85_10.21.y-210kpc
 0.397753 -0.229223  0.349801 2 4950_12.06_10.52.y-210kpc
 0.386954 -0.111769  0.482850 2 5132_12.14_10.46.y-210kpc
 0.399989 -0.101846  0.485481 2 5136_12.24_10.16.y-210kpc
 0.405451 -0.256268  0.357857 2 5176_12.07_10.58.y-210kpc
-0.049474 -0.309508 -0.376638 2 27_11.98_10.45.y-250kpc
-0.379502 -0.432387 -0.017719 2 265_12.07_10.59.y-250kpc
-0.152314 -0.315881 -0.262571 2 302_12.12_10.54.y-250kpc
-0.189995 -0.300323 -0.019468 2 354_12.06_10.39.y-250kpc
-0.269349 -0.333289  0.003541 2 377_11.89_10.26.y-250kpc
-0.313490 -0.314321  0.059515 2 395_11.83_10.21.y-250kpc
-0.104947 -0.316651 -0.267047 2 440_11.83_10.17.y-250kpc
-0.032335 -0.373107  0.031460 2 497_11.82_10.10.y-250kpc
-0.290802 -0.227300 -0.418708 2 521_11.81_10.19.y-250kpc
-0.052745 -0.262101 -0.325343 2 781_11.89_10.37.y-250kpc
-0.024916 -0.259307 -0.249572 2 856_12.03_10.10.y-250kpc
 0.033994 -0.289062 -0.247916 2 875_12.05_9.846.y-250kpc
-0.279037 -0.198912 -0.467967 2 909_11.77_9.868.y-250kpc
 0.014878  0.027571 -0.117903 2 1095_12.10_10.47.y-250kpc
 0.032756  0.004182 -0.113999 2 1111_11.88_10.29.y-250kpc
-0.465355  0.048732 -0.205231 2 1152_11.75_9.900.y-250kpc
-0.378712  0.365422 -0.090144 2 1211_11.98_10.55.y-250kpc
-0.343747  0.381224 -0.085014 2 1214_11.86_10.18.y-250kpc
-0.198236  0.453309 -0.260179 2 1292_12.10_10.69.y-250kpc
-0.133639  0.432569 -0.361093 2 1294_11.78_10.17.y-250kpc
-0.313536  0.449620 -0.248981 2 1381_11.91_10.25.y-250kpc
-0.485103  0.416683 -0.059384 2 1406_11.98_10.52.y-250kpc
-0.215944  0.482292 -0.035894 2 1448_12.10_10.67.y-250kpc
-0.433915 -0.299466  0.148068 2 1471_11.78_10.23.y-250kpc
-0.344097 -0.306438  0.080469 2 1477_11.86_10.17.y-250kpc
-0.366922 -0.458180  0.313486 2 1497_12.00_10.45.y-250kpc
-0.160088 -0.404850  0.307564 2 1812_11.75_10.14.y-250kpc
-0.129150 -0.473029  0.301953 2 1843_11.96_10.42.y-250kpc
-0.182725 -0.226208  0.482710 2 1974_11.96_10.41.y-250kpc
-0.233267 -0.195836  0.457816 2 2000_11.97_10.28.y-250kpc
-0.193755 -0.203847  0.461466 2 2007_12.01_10.39.y-250kpc
-0.409826 -0.093266  0.363889 2 2062_11.84_9.923.y-250kpc
-0.391770  0.015883  0.367499 2 2094_11.84_10.00.y-250kpc
-0.341022 -0.183628  0.394229 2 2149_12.14_10.60.y-250kpc
-0.387066 -0.183761  0.425875 2 2150_11.75_10.06.y-250kpc
-0.160127  0.028612  0.325082 2 2273_12.20_10.50.y-250kpc
-0.269567 -0.172447  0.424932 2 2287_11.86_10.20.y-250kpc
-0.170890 -0.100356  0.408833 2 2329_11.89_10.02.y-250kpc
-0.020260 -0.000638  0.431969 2 2405_12.10_10.49.y-250kpc
-0.305966  0.333984  0.485967 2 2654_12.03_10.33.y-250kpc
-0.008452  0.079930  0.096642 2 2725_11.97_10.32.y-250kpc
-0.024706  0.082704  0.139945 2 2737_11.83_10.22.y-250kpc
-0.180947  0.225314  0.333552 2 2772_12.18_10.66.y-250kpc
-0.244356  0.241287  0.373321 2 2786_11.76_9.805.y-250kpc
-0.208081  0.260576  0.336488 2 2912_12.01_10.48.y-250kpc
 0.352692 -0.396081 -0.395122 2 3061_12.18_10.62.y-250kpc
 0.344385 -0.471996 -0.263347 2 3094_12.13_10.40.y-250kpc
 0.407508 -0.376643 -0.279771 2 3175_11.96_10.36.y-250kpc
 0.073249 -0.285248 -0.232903 2 3219_11.87_10.22.y-250kpc
 0.139435 -0.059439 -0.324764 2 3255_12.02_10.46.y-250kpc
 0.378118 -0.326982 -0.393449 2 3343_11.81_9.884.y-250kpc
 0.156014  0.029641 -0.460846 2 3429_12.09_10.48.y-250kpc
 0.164708  0.282096 -0.231640 2 3599_12.22_10.40.y-250kpc
 0.174214  0.307051 -0.227900 2 3610_11.88_10.29.y-250kpc
 0.435087  0.339154 -0.361957 2 3804_12.21_10.67.y-250kpc
 0.383427  0.345073 -0.238374 2 3833_11.81_9.944.y-250kpc
 0.384160  0.365058 -0.318967 2 3860_11.95_10.18.y-250kpc
 0.222876  0.371115 -0.218955 2 3943_12.02_10.02.y-250kpc
 0.306611  0.486341 -0.263501 2 4368_11.89_10.40.y-250kpc
 0.150966 -0.338044 -0.189042 2 4381_11.77_9.847.y-250kpc
 0.185001 -0.456842 -0.148301 2 4423_11.95_10.32.y-250kpc
 0.081141 -0.111162 -0.135597 2 4518_11.99_10.45.y-250kpc
 0.309867 -0.191136  0.099801 2 4658_11.75_10.26.y-250kpc
 0.311762 -0.105630  0.072371 2 4721_11.98_10.36.y-250kpc
 0.299048 -0.129470  0.078562 2 4724_11.81_9.991.y-250kpc
 0.375298 -0.152860  0.151702 2 4765_11.96_10.24.y-250kpc
 0.064337 -0.380073  0.243871 2 4849_11.89_10.40.y-250kpc
 0.060990 -0.437726  0.472604 2 4886_11.82_10.32.y-250kpc
 0.088173 -0.354514  0.397460 2 4895_12.09_10.51.y-250kpc
 0.175523 -0.334304  0.371456 2 4922_11.75_10.38.y-250kpc
 0.351281 -0.286111  0.371607 2 4947_11.85_10.21.y-250kpc
 0.397753 -0.230823  0.349801 2 4950_12.06_10.52.y-250kpc
 0.386954 -0.113369  0.482850 2 5132_12.14_10.46.y-250kpc
 0.399989 -0.103446  0.485481 2 5136_12.24_10.16.y-250kpc
 0.405451 -0.257868  0.357857 2 5176_12.07_10.58.y-250kpc
-0.049474 -0.311108 -0.376638 2 27_11.98_10.45.y-290kpc
-0.379502 -0.433987 -0.017719 2 265_12.07_10.59.y-290kpc
-0.152314 -0.317481 -0.262571 2 302_12.12_10.54.y-290kpc
-0.189995 -0.301923 -0.019468 2 354_12.06_10.39.y-290kpc
-0.269349 -0.334889  0.003541 2 377_11.89_10.26.y-290kpc
-0.313490 -0.315921  0.059515 2 395_11.83_10.21.y-290kpc
-0.104947 -0.318251 -0.267047 2 440_11.83_10.17.y-290kpc
-0.032335 -0.374707  0.031460 2 497_11.82_10.10.y-290kpc
-0.290802 -0.228900 -0.418708 2 521_11.81_10.19.y-290kpc
-0.052745 -0.263701 -0.325343 2 781_11.89_10.37.y-290kpc
-0.024916 -0.260907 -0.249572 2 856_12.03_10.10.y-290kpc
 0.033994 -0.290662 -0.247916 2 875_12.05_9.846.y-290kpc
-0.279037 -0.200512 -0.467967 2 909_11.77_9.868.y-290kpc
 0.014878  0.025971 -0.117903 2 1095_12.10_10.47.y-290kpc
 0.032756  0.002582 -0.113999 2 1111_11.88_10.29.y-290kpc
-0.465355  0.047132 -0.205231 2 1152_11.75_9.900.y-290kpc
-0.378712  0.363822 -0.090144 2 1211_11.98_10.55.y-290kpc
-0.343747  0.379624 -0.085014 2 1214_11.86_10.18.y-290kpc
-0.198236  0.451709 -0.260179 2 1292_12.10_10.69.y-290kpc
-0.133639  0.430969 -0.361093 2 1294_11.78_10.17.y-290kpc
-0.313536  0.448020 -0.248981 2 1381_11.91_10.25.y-290kpc
-0.485103  0.415083 -0.059384 2 1406_11.98_10.52.y-290kpc
-0.215944  0.480692 -0.035894 2 1448_12.10_10.67.y-290kpc
-0.433915 -0.301066  0.148068 2 1471_11.78_10.23.y-290kpc
-0.344097 -0.308038  0.080469 2 1477_11.86_10.17.y-290kpc
-0.366922 -0.459780  0.313486 2 1497_12.00_10.45.y-290kpc
-0.160088 -0.406450  0.307564 2 1812_11.75_10.14.y-290kpc
-0.129150 -0.474629  0.301953 2 1843_11.96_10.42.y-290kpc
-0.182725 -0.227808  0.482710 2 1974_11.96_10.41.y-290kpc
-0.233267 -0.197436  0.457816 2 2000_11.97_10.28.y-290kpc
-0.193755 -0.205447  0.461466 2 2007_12.01_10.39.y-290kpc
-0.409826 -0.094866  0.363889 2 2062_11.84_9.923.y-290kpc
-0.391770  0.014283  0.367499 2 2094_11.84_10.00.y-290kpc
-0.341022 -0.185228  0.394229 2 2149_12.14_10.60.y-290kpc
-0.387066 -0.185361  0.425875 2 2150_11.75_10.06.y-290kpc
-0.160127  0.027012  0.325082 2 2273_12.20_10.50.y-290kpc
-0.269567 -0.174047  0.424932 2 2287_11.86_10.20.y-290kpc
-0.170890 -0.101956  0.408833 2 2329_11.89_10.02.y-290kpc
-0.020260 -0.002238  0.431969 2 2405_12.10_10.49.y-290kpc
-0.305966  0.332384  0.485967 2 2654_12.03_10.33.y-290kpc
-0.008452  0.078330  0.096642 2 2725_11.97_10.32.y-290kpc
-0.024706  0.081104  0.139945 2 2737_11.83_10.22.y-290kpc
-0.180947  0.223714  0.333552 2 2772_12.18_10.66.y-290kpc
-0.244356  0.239687  0.373321 2 2786_11.76_9.805.y-290kpc
-0.208081  0.258976  0.336488 2 2912_12.01_10.48.y-290kpc
 0.352692 -0.397681 -0.395122 2 3061_12.18_10.62.y-290kpc
 0.344385 -0.473596 -0.263347 2 3094_12.13_10.40.y-290kpc
 0.407508 -0.378243 -0.279771 2 3175_11.96_10.36.y-290kpc
 0.073249 -0.286848 -0.232903 2 3219_11.87_10.22.y-290kpc
 0.139435 -0.061039 -0.324764 2 3255_12.02_10.46.y-290kpc
 0.378118 -0.328582 -0.393449 2 3343_11.81_9.884.y-290kpc
 0.156014  0.028041 -0.460846 2 3429_12.09_10.48.y-290kpc
 0.164708  0.280496 -0.231640 2 3599_12.22_10.40.y-290kpc
 0.174214  0.305451 -0.227900 2 3610_11.88_10.29.y-290kpc
 0.435087  0.337554 -0.361957 2 3804_12.21_10.67.y-290kpc
 0.383427  0.343473 -0.238374 2 3833_11.81_9.944.y-290kpc
 0.384160  0.363458 -0.318967 2 3860_11.95_10.18.y-290kpc
 0.222876  0.369515 -0.218955 2 3943_12.02_10.02.y-290kpc
 0.306611  0.484741 -0.263501 2 4368_11.89_10.40.y-290kpc
 0.150966 -0.339644 -0.189042 2 4381_11.77_9.847.y-290kpc
 0.185001 -0.458442 -0.148301 2 4423_11.95_10.32.y-290kpc
 0.081141 -0.112762 -0.135597 2 4518_11.99_10.45.y-290kpc
 0.309867 -0.192736  0.099801 2 4658_11.75_10.26.y-290kpc
 0.311762 -0.107230  0.072371 2 4721_11.98_10.36.y-290kpc
 0.299048 -0.131070  0.078562 2 4724_11.81_9.991.y-290kpc
 0.375298 -0.154460  0.151702 2 4765_11.96_10.24.y-290kpc
 0.064337 -0.381673  0.243871 2 4849_11.89_10.40.y-290kpc
 0.060990 -0.439326  0.472604 2 4886_11.82_10.32.y-290kpc
 0.088173 -0.356114  0.397460 2 4895_12.09_10.51.y-290kpc
 0.175523 -0.335904  0.371456 2 4922_11.75_10.38.y-290kpc
 0.351281 -0.287711  0.371607 2 4947_11.85_10.21.y-290kpc
 0.397753 -0.232423  0.349801 2 4950_12.06_10.52.y-290kpc
 0.386954 -0.114969  0.482850 2 5132_12.14_10.46.y-290kpc
 0.399989 -0.105046  0.485481 2 5136_12.24_10.16.y-290kpc
 0.405451 -0.259468  0.357857 2 5176_12.07_10.58.y-290kpc
