-0.056251 -0.298771 -0.294192 2 26_10.88_8.401.x+10kpc
-0.035264 -0.343693 -0.321426 2 35_10.97_8.441.x+10kpc
-0.456924 -0.354570 -0.253039 2 197_11.23_8.681.x+10kpc
-0.402049 -0.327001 -0.223713 2 252_11.14_8.654.x+10kpc
-0.491684 -0.383841  0.018592 2 267_10.94_8.871.x+10kpc
-0.197489 -0.477150 -0.070081 2 315_11.24_8.594.x+10kpc
-0.312882 -0.328036  0.031479 2 373_10.89_8.791.x+10kpc
-0.159349 -0.204615 -0.484544 2 561_10.80_8.481.x+10kpc
-0.244132 -0.237328 -0.396779 2 700_11.20_8.320.x+10kpc
-0.162395 -0.271029 -0.021604 2 742_10.90_8.758.x+10kpc
-0.172070 -0.274458  0.013468 2 749_10.80_8.400.x+10kpc
-0.166063 -0.199734 -0.373156 2 956_10.91_8.480.x+10kpc
-0.492130 -0.080301 -0.388404 2 1006_11.18_8.375.x+10kpc
-0.305242  0.007607 -0.228559 2 1028_10.96_8.632.x+10kpc
 0.013474 -0.179083 -0.193808 2 1065_10.86_8.303.x+10kpc
-0.463422  0.360319 -0.446244 2 1127_11.19_8.561.x+10kpc
-0.394993  0.298721 -0.127896 2 1187_10.97_8.377.x+10kpc
-0.189237  0.167906 -0.349919 2 1197_11.12_9.221.x+10kpc
-0.140250  0.352407  0.052038 2 1237_10.91_8.415.x+10kpc
-0.182549  0.436214 -0.347454 2 1296_11.02_8.661.x+10kpc
-0.423639  0.475776 -0.195469 2 1376_11.03_8.535.x+10kpc
-0.287594  0.465758 -0.252371 2 1436_11.13_8.701.x+10kpc
-0.185101  0.406012 -0.052259 2 1461_11.15_8.921.x+10kpc
-0.384625 -0.317943  0.111265 2 1473_11.21_9.244.x+10kpc
-0.411561 -0.482884  0.390788 2 1603_10.95_8.704.x+10kpc
-0.470601 -0.469915  0.422529 2 1610_11.08_8.715.x+10kpc
-0.309200 -0.499471  0.176377 2 1681_11.17_9.155.x+10kpc
-0.287793 -0.261870  0.336645 2 1728_10.89_8.490.x+10kpc
-0.292254 -0.220579  0.366622 2 1733_10.90_8.446.x+10kpc
-0.209688 -0.244741  0.115007 2 1795_10.85_8.437.x+10kpc
-0.232669 -0.361572  0.264312 2 1822_11.08_8.355.x+10kpc
-0.098053 -0.282195  0.192721 2 1874_11.10_8.368.x+10kpc
 0.036719 -0.290465  0.269159 2 1880_10.84_8.618.x+10kpc
 0.032136 -0.457274  0.395220 2 1957_11.23_8.523.x+10kpc
-0.184638 -0.194324  0.474636 2 2016_11.01_8.418.x+10kpc
-0.465666 -0.153792  0.330813 2 2042_10.94_8.522.x+10kpc
-0.390522 -0.158553  0.378499 2 2180_11.09_8.485.x+10kpc
-0.384620 -0.041715  0.411572 2 2210_10.88_8.303.x+10kpc
 0.010584 -0.060497  0.212831 2 2255_10.86_8.686.x+10kpc
-0.084248 -0.049758  0.409543 2 2402_11.21_8.320.x+10kpc
-0.350644  0.092849  0.387699 2 2492_10.80_8.377.x+10kpc
-0.314752  0.326893  0.237768 2 2533_10.87_8.396.x+10kpc
-0.272948  0.359522  0.221103 2 2538_10.93_8.359.x+10kpc
-0.359371  0.433674  0.133725 2 2560_10.99_8.531.x+10kpc
-0.344861  0.464733  0.320272 2 2570_10.85_8.384.x+10kpc
-0.357167  0.290768  0.426059 2 2618_10.86_8.318.x+10kpc
-0.359057  0.499083  0.462297 2 2663_11.14_8.729.x+10kpc
-0.178542  0.156751  0.325283 2 2724_11.04_9.160.x+10kpc
-0.122528  0.044328  0.370066 2 2798_10.78_8.354.x+10kpc
-0.070053  0.445044  0.232189 2 2871_10.83_8.326.x+10kpc
-0.107702  0.362876  0.280138 2 2890_10.99_8.469.x+10kpc
 0.016080  0.301715  0.490891 2 2954_11.08_8.950.x+10kpc
 0.038081 -0.411778 -0.280934 2 3001_10.88_8.656.x+10kpc
 0.284610 -0.436326 -0.369440 2 3019_11.17_8.795.x+10kpc
 0.399878 -0.428619 -0.469639 2 3131_11.17_8.467.x+10kpc
 0.479594 -0.321184 -0.263886 2 3208_10.97_8.373.x+10kpc
 0.119495 -0.210833 -0.209150 2 3229_11.14_8.633.x+10kpc
 0.133376 -0.068370 -0.325354 2 3252_11.04_8.396.x+10kpc
 0.186576 -0.268990 -0.217617 2 3311_10.96_8.407.x+10kpc
 0.404876 -0.234454 -0.410181 2 3376_11.16_8.314.x+10kpc
 0.406795 -0.196747 -0.437451 2 3396_11.00_8.445.x+10kpc
 0.148850  0.024897 -0.448926 2 3439_10.89_8.766.x+10kpc
 0.158602  0.068367 -0.452669 2 3463_10.82_8.319.x+10kpc
 0.143378  0.294414 -0.431397 2 3573_10.98_8.635.x+10kpc
 0.169105  0.366396 -0.223856 2 3616_11.03_8.998.x+10kpc
 0.429322  0.073232 -0.254805 2 3710_10.97_8.767.x+10kpc
 0.187791  0.180874 -0.427465 2 3729_11.07_8.469.x+10kpc
 0.387885  0.217265 -0.377807 2 3747_10.85_8.370.x+10kpc
 0.407062  0.118170 -0.434243 2 3758_11.09_9.230.x+10kpc
 0.436620  0.321574 -0.335914 2 3793_11.20_8.887.x+10kpc
 0.123264  0.439437 -0.259996 2 4054_11.07_8.443.x+10kpc
 0.167667  0.400685 -0.240517 2 4100_11.01_8.714.x+10kpc
 0.260890  0.437424 -0.355761 2 4207_11.06_8.525.x+10kpc
 0.257003  0.410185 -0.249742 2 4327_11.15_8.514.x+10kpc
 0.322415  0.494175 -0.253540 2 4377_11.07_8.561.x+10kpc
-0.054651 -0.298771 -0.294192 2 26_10.88_8.401.x+50kpc
-0.033664 -0.343693 -0.321426 2 35_10.97_8.441.x+50kpc
-0.455324 -0.354570 -0.253039 2 197_11.23_8.681.x+50kpc
-0.400449 -0.327001 -0.223713 2 252_11.14_8.654.x+50kpc
-0.490084 -0.383841  0.018592 2 267_10.94_8.871.x+50kpc
-0.195889 -0.477150 -0.070081 2 315_11.24_8.594.x+50kpc
-0.311282 -0.328036  0.031479 2 373_10.89_8.791.x+50kpc
-0.157749 -0.204615 -0.484544 2 561_10.80_8.481.x+50kpc
-0.242532 -0.237328 -0.396779 2 700_11.20_8.320.x+50kpc
-0.160795 -0.271029 -0.021604 2 742_10.90_8.758.x+50kpc
-0.170470 -0.274458  0.013468 2 749_10.80_8.400.x+50kpc
-0.164463 -0.199734 -0.373156 2 956_10.91_8.480.x+50kpc
-0.490530 -0.080301 -0.388404 2 1006_11.18_8.375.x+50kpc
-0.303642  0.007607 -0.228559 2 1028_10.96_8.632.x+50kpc
 0.015074 -0.179083 -0.193808 2 1065_10.86_8.303.x+50kpc
-0.461822  0.360319 -0.446244 2 1127_11.19_8.561.x+50kpc
-0.393393  0.298721 -0.127896 2 1187_10.97_8.377.x+50kpc
-0.187637  0.167906 -0.349919 2 1197_11.12_9.221.x+50kpc
-0.138650  0.352407  0.052038 2 1237_10.91_8.415.x+50kpc
-0.180949  0.436214 -0.347454 2 1296_11.02_8.661.x+50kpc
-0.422039  0.475776 -0.195469 2 1376_11.03_8.535.x+50kpc
-0.285994  0.465758 -0.252371 2 1436_11.13_8.701.x+50kpc
-0.183501  0.406012 -0.052259 2 1461_11.15_8.921.x+50kpc
-0.383025 -0.317943  0.111265 2 1473_11.21_9.244.x+50kpc
-0.409961 -0.482884  0.390788 2 1603_10.95_8.704.x+50kpc
-0.469001 -0.469915  0.422529 2 1610_11.08_8.715.x+50kpc
-0.307600 -0.499471  0.176377 2 1681_11.17_9.155.x+50kpc
-0.286193 -0.261870  0.336645 2 1728_10.89_8.490.x+50kpc
-0.290654 -0.220579  0.366622 2 1733_10.90_8.446.x+50kpc
-0.208088 -0.244741  0.115007 2 1795_10.85_8.437.x+50kpc
-0.231069 -0.361572  0.264312 2 1822_11.08_8.355.x+50kpc
-0.096453 -0.282195  0.192721 2 1874_11.10_8.368.x+50kpc
 0.038319 -0.290465  0.269159 2 1880_10.84_8.618.x+50kpc
 0.033736 -0.457274  0.395220 2 1957_11.23_8.523.x+50kpc
-0.183038 -0.194324  0.474636 2 2016_11.01_8.418.x+50kpc
-0.464066 -0.153792  0.330813 2 2042_10.94_8.522.x+50kpc
-0.388922 -0.158553  0.378499 2 2180_11.09_8.485.x+50kpc
-0.383020 -0.041715  0.411572 2 2210_10.88_8.303.x+50kpc
 0.012184 -0.060497  0.212831 2 2255_10.86_8.686.x+50kpc
-0.082648 -0.049758  0.409543 2 2402_11.21_8.320.x+50kpc
-0.349044  0.092849  0.387699 2 2492_10.80_8.377.x+50kpc
-0.313152  0.326893  0.237768 2 2533_10.87_8.396.x+50kpc
-0.271348  0.359522  0.221103 2 2538_10.93_8.359.x+50kpc
-0.357771  0.433674  0.133725 2 2560_10.99_8.531.x+50kpc
-0.343261  0.464733  0.320272 2 2570_10.85_8.384.x+50kpc
-0.355567  0.290768  0.426059 2 2618_10.86_8.318.x+50kpc
-0.357457  0.499083  0.462297 2 2663_11.14_8.729.x+50kpc
-0.176942  0.156751  0.325283 2 2724_11.04_9.160.x+50kpc
-0.120928  0.044328  0.370066 2 2798_10.78_8.354.x+50kpc
-0.068453  0.445044  0.232189 2 2871_10.83_8.326.x+50kpc
-0.106102  0.362876  0.280138 2 2890_10.99_8.469.x+50kpc
 0.017680  0.301715  0.490891 2 2954_11.08_8.950.x+50kpc
 0.039682 -0.411778 -0.280934 2 3001_10.88_8.656.x+50kpc
 0.286210 -0.436326 -0.369440 2 3019_11.17_8.795.x+50kpc
 0.401478 -0.428619 -0.469639 2 3131_11.17_8.467.x+50kpc
 0.481194 -0.321184 -0.263886 2 3208_10.97_8.373.x+50kpc
 0.121095 -0.210833 -0.209150 2 3229_11.14_8.633.x+50kpc
 0.134976 -0.068370 -0.325354 2 3252_11.04_8.396.x+50kpc
 0.188176 -0.268990 -0.217617 2 3311_10.96_8.407.x+50kpc
 0.406476 -0.234454 -0.410181 2 3376_11.16_8.314.x+50kpc
 0.408395 -0.196747 -0.437451 2 3396_11.00_8.445.x+50kpc
 0.150450  0.024897 -0.448926 2 3439_10.89_8.766.x+50kpc
 0.160202  0.068367 -0.452669 2 3463_10.82_8.319.x+50kpc
 0.144978  0.294414 -0.431397 2 3573_10.98_8.635.x+50kpc
 0.170705  0.366396 -0.223856 2 3616_11.03_8.998.x+50kpc
 0.430922  0.073232 -0.254805 2 3710_10.97_8.767.x+50kpc
 0.189391  0.180874 -0.427465 2 3729_11.07_8.469.x+50kpc
 0.389485  0.217265 -0.377807 2 3747_10.85_8.370.x+50kpc
 0.408662  0.118170 -0.434243 2 3758_11.09_9.230.x+50kpc
 0.438220  0.321574 -0.335914 2 3793_11.20_8.887.x+50kpc
 0.124864  0.439437 -0.259996 2 4054_11.07_8.443.x+50kpc
 0.169267  0.400685 -0.240517 2 4100_11.01_8.714.x+50kpc
 0.262490  0.437424 -0.355761 2 4207_11.06_8.525.x+50kpc
 0.258603  0.410185 -0.249742 2 4327_11.15_8.514.x+50kpc
 0.324015  0.494175 -0.253540 2 4377_11.07_8.561.x+50kpc
-0.053051 -0.298771 -0.294192 2 26_10.88_8.401.x+90kpc
-0.032064 -0.343693 -0.321426 2 35_10.97_8.441.x+90kpc
-0.453724 -0.354570 -0.253039 2 197_11.23_8.681.x+90kpc
-0.398849 -0.327001 -0.223713 2 252_11.14_8.654.x+90kpc
-0.488484 -0.383841  0.018592 2 267_10.94_8.871.x+90kpc
-0.194289 -0.477150 -0.070081 2 315_11.24_8.594.x+90kpc
-0.309682 -0.328036  0.031479 2 373_10.89_8.791.x+90kpc
-0.156149 -0.204615 -0.484544 2 561_10.80_8.481.x+90kpc
-0.240932 -0.237328 -0.396779 2 700_11.20_8.320.x+90kpc
-0.159195 -0.271029 -0.021604 2 742_10.90_8.758.x+90kpc
-0.168870 -0.274458  0.013468 2 749_10.80_8.400.x+90kpc
-0.162863 -0.199734 -0.373156 2 956_10.91_8.480.x+90kpc
-0.488930 -0.080301 -0.388404 2 1006_11.18_8.375.x+90kpc
-0.302042  0.007607 -0.228559 2 1028_10.96_8.632.x+90kpc
 0.016674 -0.179083 -0.193808 2 1065_10.86_8.303.x+90kpc
-0.460222  0.360319 -0.446244 2 1127_11.19_8.561.x+90kpc
-0.391793  0.298721 -0.127896 2 1187_10.97_8.377.x+90kpc
-0.186037  0.167906 -0.349919 2 1197_11.12_9.221.x+90kpc
-0.137050  0.352407  0.052038 2 1237_10.91_8.415.x+90kpc
-0.179349  0.436214 -0.347454 2 1296_11.02_8.661.x+90kpc
-0.420439  0.475776 -0.195469 2 1376_11.03_8.535.x+90kpc
-0.284394  0.465758 -0.252371 2 1436_11.13_8.701.x+90kpc
-0.181901  0.406012 -0.052259 2 1461_11.15_8.921.x+90kpc
-0.381425 -0.317943  0.111265 2 1473_11.21_9.244.x+90kpc
-0.408361 -0.482884  0.390788 2 1603_10.95_8.704.x+90kpc
-0.467401 -0.469915  0.422529 2 1610_11.08_8.715.x+90kpc
-0.306000 -0.499471  0.176377 2 1681_11.17_9.155.x+90kpc
-0.284593 -0.261870  0.336645 2 1728_10.89_8.490.x+90kpc
-0.289054 -0.220579  0.366622 2 1733_10.90_8.446.x+90kpc
-0.206488 -0.244741  0.115007 2 1795_10.85_8.437.x+90kpc
-0.229469 -0.361572  0.264312 2 1822_11.08_8.355.x+90kpc
-0.094853 -0.282195  0.192721 2 1874_11.10_8.368.x+90kpc
 0.039919 -0.290465  0.269159 2 1880_10.84_8.618.x+90kpc
 0.035336 -0.457274  0.395220 2 1957_11.23_8.523.x+90kpc
-0.181438 -0.194324  0.474636 2 2016_11.01_8.418.x+90kpc
-0.462466 -0.153792  0.330813 2 2042_10.94_8.522.x+90kpc
-0.387322 -0.158553  0.378499 2 2180_11.09_8.485.x+90kpc
-0.381420 -0.041715  0.411572 2 2210_10.88_8.303.x+90kpc
 0.013784 -0.060497  0.212831 2 2255_10.86_8.686.x+90kpc
-0.081048 -0.049758  0.409543 2 2402_11.21_8.320.x+90kpc
-0.347444  0.092849  0.387699 2 2492_10.80_8.377.x+90kpc
-0.311552  0.326893  0.237768 2 2533_10.87_8.396.x+90kpc
-0.269748  0.359522  0.221103 2 2538_10.93_8.359.x+90kpc
-0.356171  0.433674  0.133725 2 2560_10.99_8.531.x+90kpc
-0.341661  0.464733  0.320272 2 2570_10.85_8.384.x+90kpc
-0.353967  0.290768  0.426059 2 2618_10.86_8.318.x+90kpc
-0.355857  0.499083  0.462297 2 2663_11.14_8.729.x+90kpc
-0.175342  0.156751  0.325283 2 2724_11.04_9.160.x+90kpc
-0.119328  0.044328  0.370066 2 2798_10.78_8.354.x+90kpc
-0.066853  0.445044  0.232189 2 2871_10.83_8.326.x+90kpc
-0.104502  0.362876  0.280138 2 2890_10.99_8.469.x+90kpc
 0.019280  0.301715  0.490891 2 2954_11.08_8.950.x+90kpc
 0.041281 -0.411778 -0.280934 2 3001_10.88_8.656.x+90kpc
 0.287810 -0.436326 -0.369440 2 3019_11.17_8.795.x+90kpc
 0.403078 -0.428619 -0.469639 2 3131_11.17_8.467.x+90kpc
 0.482794 -0.321184 -0.263886 2 3208_10.97_8.373.x+90kpc
 0.122695 -0.210833 -0.209150 2 3229_11.14_8.633.x+90kpc
 0.136576 -0.068370 -0.325354 2 3252_11.04_8.396.x+90kpc
 0.189776 -0.268990 -0.217617 2 3311_10.96_8.407.x+90kpc
 0.408076 -0.234454 -0.410181 2 3376_11.16_8.314.x+90kpc
 0.409995 -0.196747 -0.437451 2 3396_11.00_8.445.x+90kpc
 0.152050  0.024897 -0.448926 2 3439_10.89_8.766.x+90kpc
 0.161802  0.068367 -0.452669 2 3463_10.82_8.319.x+90kpc
 0.146578  0.294414 -0.431397 2 3573_10.98_8.635.x+90kpc
 0.172305  0.366396 -0.223856 2 3616_11.03_8.998.x+90kpc
 0.432522  0.073232 -0.254805 2 3710_10.97_8.767.x+90kpc
 0.190991  0.180874 -0.427465 2 3729_11.07_8.469.x+90kpc
 0.391085  0.217265 -0.377807 2 3747_10.85_8.370.x+90kpc
 0.410262  0.118170 -0.434243 2 3758_11.09_9.230.x+90kpc
 0.439820  0.321574 -0.335914 2 3793_11.20_8.887.x+90kpc
 0.126464  0.439437 -0.259996 2 4054_11.07_8.443.x+90kpc
 0.170867  0.400685 -0.240517 2 4100_11.01_8.714.x+90kpc
 0.264090  0.437424 -0.355761 2 4207_11.06_8.525.x+90kpc
 0.260203  0.410185 -0.249742 2 4327_11.15_8.514.x+90kpc
 0.325615  0.494175 -0.253540 2 4377_11.07_8.561.x+90kpc
-0.051451 -0.298771 -0.294192 2 26_10.88_8.401.x+130kpc
-0.030464 -0.343693 -0.321426 2 35_10.97_8.441.x+130kpc
-0.452124 -0.354570 -0.253039 2 197_11.23_8.681.x+130kpc
-0.397249 -0.327001 -0.223713 2 252_11.14_8.654.x+130kpc
-0.486884 -0.383841  0.018592 2 267_10.94_8.871.x+130kpc
-0.192689 -0.477150 -0.070081 2 315_11.24_8.594.x+130kpc
-0.308082 -0.328036  0.031479 2 373_10.89_8.791.x+130kpc
-0.154549 -0.204615 -0.484544 2 561_10.80_8.481.x+130kpc
-0.239332 -0.237328 -0.396779 2 700_11.20_8.320.x+130kpc
-0.157595 -0.271029 -0.021604 2 742_10.90_8.758.x+130kpc
-0.167270 -0.274458  0.013468 2 749_10.80_8.400.x+130kpc
-0.161263 -0.199734 -0.373156 2 956_10.91_8.480.x+130kpc
-0.487330 -0.080301 -0.388404 2 1006_11.18_8.375.x+130kpc
-0.300442  0.007607 -0.228559 2 1028_10.96_8.632.x+130kpc
 0.018274 -0.179083 -0.193808 2 1065_10.86_8.303.x+130kpc
-0.458622  0.360319 -0.446244 2 1127_11.19_8.561.x+130kpc
-0.390193  0.298721 -0.127896 2 1187_10.97_8.377.x+130kpc
-0.184437  0.167906 -0.349919 2 1197_11.12_9.221.x+130kpc
-0.135450  0.352407  0.052038 2 1237_10.91_8.415.x+130kpc
-0.177749  0.436214 -0.347454 2 1296_11.02_8.661.x+130kpc
-0.418839  0.475776 -0.195469 2 1376_11.03_8.535.x+130kpc
-0.282794  0.465758 -0.252371 2 1436_11.13_8.701.x+130kpc
-0.180301  0.406012 -0.052259 2 1461_11.15_8.921.x+130kpc
-0.379825 -0.317943  0.111265 2 1473_11.21_9.244.x+130kpc
-0.406761 -0.482884  0.390788 2 1603_10.95_8.704.x+130kpc
-0.465801 -0.469915  0.422529 2 1610_11.08_8.715.x+130kpc
-0.304400 -0.499471  0.176377 2 1681_11.17_9.155.x+130kpc
-0.282993 -0.261870  0.336645 2 1728_10.89_8.490.x+130kpc
-0.287454 -0.220579  0.366622 2 1733_10.90_8.446.x+130kpc
-0.204888 -0.244741  0.115007 2 1795_10.85_8.437.x+130kpc
-0.227869 -0.361572  0.264312 2 1822_11.08_8.355.x+130kpc
-0.093253 -0.282195  0.192721 2 1874_11.10_8.368.x+130kpc
 0.041519 -0.290465  0.269159 2 1880_10.84_8.618.x+130kpc
 0.036936 -0.457274  0.395220 2 1957_11.23_8.523.x+130kpc
-0.179838 -0.194324  0.474636 2 2016_11.01_8.418.x+130kpc
-0.460866 -0.153792  0.330813 2 2042_10.94_8.522.x+130kpc
-0.385722 -0.158553  0.378499 2 2180_11.09_8.485.x+130kpc
-0.379820 -0.041715  0.411572 2 2210_10.88_8.303.x+130kpc
 0.015384 -0.060497  0.212831 2 2255_10.86_8.686.x+130kpc
-0.079448 -0.049758  0.409543 2 2402_11.21_8.320.x+130kpc
-0.345844  0.092849  0.387699 2 2492_10.80_8.377.x+130kpc
-0.309952  0.326893  0.237768 2 2533_10.87_8.396.x+130kpc
-0.268148  0.359522  0.221103 2 2538_10.93_8.359.x+130kpc
-0.354571  0.433674  0.133725 2 2560_10.99_8.531.x+130kpc
-0.340061  0.464733  0.320272 2 2570_10.85_8.384.x+130kpc
-0.352367  0.290768  0.426059 2 2618_10.86_8.318.x+130kpc
-0.354257  0.499083  0.462297 2 2663_11.14_8.729.x+130kpc
-0.173742  0.156751  0.325283 2 2724_11.04_9.160.x+130kpc
-0.117728  0.044328  0.370066 2 2798_10.78_8.354.x+130kpc
-0.065253  0.445044  0.232189 2 2871_10.83_8.326.x+130kpc
-0.102902  0.362876  0.280138 2 2890_10.99_8.469.x+130kpc
 0.020880  0.301715  0.490891 2 2954_11.08_8.950.x+130kpc
 0.042882 -0.411778 -0.280934 2 3001_10.88_8.656.x+130kpc
 0.289410 -0.436326 -0.369440 2 3019_11.17_8.795.x+130kpc
 0.404678 -0.428619 -0.469639 2 3131_11.17_8.467.x+130kpc
 0.484394 -0.321184 -0.263886 2 3208_10.97_8.373.x+130kpc
 0.124295 -0.210833 -0.209150 2 3229_11.14_8.633.x+130kpc
 0.138176 -0.068370 -0.325354 2 3252_11.04_8.396.x+130kpc
 0.191376 -0.268990 -0.217617 2 3311_10.96_8.407.x+130kpc
 0.409676 -0.234454 -0.410181 2 3376_11.16_8.314.x+130kpc
 0.411595 -0.196747 -0.437451 2 3396_11.00_8.445.x+130kpc
 0.153650  0.024897 -0.448926 2 3439_10.89_8.766.x+130kpc
 0.163402  0.068367 -0.452669 2 3463_10.82_8.319.x+130kpc
 0.148178  0.294414 -0.431397 2 3573_10.98_8.635.x+130kpc
 0.173905  0.366396 -0.223856 2 3616_11.03_8.998.x+130kpc
 0.434122  0.073232 -0.254805 2 3710_10.97_8.767.x+130kpc
 0.192591  0.180874 -0.427465 2 3729_11.07_8.469.x+130kpc
 0.392685  0.217265 -0.377807 2 3747_10.85_8.370.x+130kpc
 0.411862  0.118170 -0.434243 2 3758_11.09_9.230.x+130kpc
 0.441420  0.321574 -0.335914 2 3793_11.20_8.887.x+130kpc
 0.128064  0.439437 -0.259996 2 4054_11.07_8.443.x+130kpc
 0.172467  0.400685 -0.240517 2 4100_11.01_8.714.x+130kpc
 0.265690  0.437424 -0.355761 2 4207_11.06_8.525.x+130kpc
 0.261803  0.410185 -0.249742 2 4327_11.15_8.514.x+130kpc
 0.327215  0.494175 -0.253540 2 4377_11.07_8.561.x+130kpc
-0.049851 -0.298771 -0.294192 2 26_10.88_8.401.x+170kpc
-0.028864 -0.343693 -0.321426 2 35_10.97_8.441.x+170kpc
-0.450524 -0.354570 -0.253039 2 197_11.23_8.681.x+170kpc
-0.395649 -0.327001 -0.223713 2 252_11.14_8.654.x+170kpc
-0.485284 -0.383841  0.018592 2 267_10.94_8.871.x+170kpc
-0.191089 -0.477150 -0.070081 2 315_11.24_8.594.x+170kpc
-0.306482 -0.328036  0.031479 2 373_10.89_8.791.x+170kpc
-0.152949 -0.204615 -0.484544 2 561_10.80_8.481.x+170kpc
-0.237732 -0.237328 -0.396779 2 700_11.20_8.320.x+170kpc
-0.155995 -0.271029 -0.021604 2 742_10.90_8.758.x+170kpc
-0.165670 -0.274458  0.013468 2 749_10.80_8.400.x+170kpc
-0.159663 -0.199734 -0.373156 2 956_10.91_8.480.x+170kpc
-0.485730 -0.080301 -0.388404 2 1006_11.18_8.375.x+170kpc
-0.298842  0.007607 -0.228559 2 1028_10.96_8.632.x+170kpc
 0.019874 -0.179083 -0.193808 2 1065_10.86_8.303.x+170kpc
-0.457022  0.360319 -0.446244 2 1127_11.19_8.561.x+170kpc
-0.388593  0.298721 -0.127896 2 1187_10.97_8.377.x+170kpc
-0.182837  0.167906 -0.349919 2 1197_11.12_9.221.x+170kpc
-0.133850  0.352407  0.052038 2 1237_10.91_8.415.x+170kpc
-0.176149  0.436214 -0.347454 2 1296_11.02_8.661.x+170kpc
-0.417239  0.475776 -0.195469 2 1376_11.03_8.535.x+170kpc
-0.281194  0.465758 -0.252371 2 1436_11.13_8.701.x+170kpc
-0.178701  0.406012 -0.052259 2 1461_11.15_8.921.x+170kpc
-0.378225 -0.317943  0.111265 2 1473_11.21_9.244.x+170kpc
-0.405161 -0.482884  0.390788 2 1603_10.95_8.704.x+170kpc
-0.464201 -0.469915  0.422529 2 1610_11.08_8.715.x+170kpc
-0.302800 -0.499471  0.176377 2 1681_11.17_9.155.x+170kpc
-0.281393 -0.261870  0.336645 2 1728_10.89_8.490.x+170kpc
-0.285854 -0.220579  0.366622 2 1733_10.90_8.446.x+170kpc
-0.203288 -0.244741  0.115007 2 1795_10.85_8.437.x+170kpc
-0.226269 -0.361572  0.264312 2 1822_11.08_8.355.x+170kpc
-0.091653 -0.282195  0.192721 2 1874_11.10_8.368.x+170kpc
 0.043119 -0.290465  0.269159 2 1880_10.84_8.618.x+170kpc
 0.038536 -0.457274  0.395220 2 1957_11.23_8.523.x+170kpc
-0.178238 -0.194324  0.474636 2 2016_11.01_8.418.x+170kpc
-0.459266 -0.153792  0.330813 2 2042_10.94_8.522.x+170kpc
-0.384122 -0.158553  0.378499 2 2180_11.09_8.485.x+170kpc
-0.378220 -0.041715  0.411572 2 2210_10.88_8.303.x+170kpc
 0.016984 -0.060497  0.212831 2 2255_10.86_8.686.x+170kpc
-0.077848 -0.049758  0.409543 2 2402_11.21_8.320.x+170kpc
-0.344244  0.092849  0.387699 2 2492_10.80_8.377.x+170kpc
-0.308352  0.326893  0.237768 2 2533_10.87_8.396.x+170kpc
-0.266548  0.359522  0.221103 2 2538_10.93_8.359.x+170kpc
-0.352971  0.433674  0.133725 2 2560_10.99_8.531.x+170kpc
-0.338461  0.464733  0.320272 2 2570_10.85_8.384.x+170kpc
-0.350767  0.290768  0.426059 2 2618_10.86_8.318.x+170kpc
-0.352657  0.499083  0.462297 2 2663_11.14_8.729.x+170kpc
-0.172142  0.156751  0.325283 2 2724_11.04_9.160.x+170kpc
-0.116128  0.044328  0.370066 2 2798_10.78_8.354.x+170kpc
-0.063653  0.445044  0.232189 2 2871_10.83_8.326.x+170kpc
-0.101302  0.362876  0.280138 2 2890_10.99_8.469.x+170kpc
 0.022480  0.301715  0.490891 2 2954_11.08_8.950.x+170kpc
 0.044482 -0.411778 -0.280934 2 3001_10.88_8.656.x+170kpc
 0.291010 -0.436326 -0.369440 2 3019_11.17_8.795.x+170kpc
 0.406278 -0.428619 -0.469639 2 3131_11.17_8.467.x+170kpc
 0.485994 -0.321184 -0.263886 2 3208_10.97_8.373.x+170kpc
 0.125895 -0.210833 -0.209150 2 3229_11.14_8.633.x+170kpc
 0.139776 -0.068370 -0.325354 2 3252_11.04_8.396.x+170kpc
 0.192976 -0.268990 -0.217617 2 3311_10.96_8.407.x+170kpc
 0.411276 -0.234454 -0.410181 2 3376_11.16_8.314.x+170kpc
 0.413195 -0.196747 -0.437451 2 3396_11.00_8.445.x+170kpc
 0.155250  0.024897 -0.448926 2 3439_10.89_8.766.x+170kpc
 0.165002  0.068367 -0.452669 2 3463_10.82_8.319.x+170kpc
 0.149778  0.294414 -0.431397 2 3573_10.98_8.635.x+170kpc
 0.175505  0.366396 -0.223856 2 3616_11.03_8.998.x+170kpc
 0.435722  0.073232 -0.254805 2 3710_10.97_8.767.x+170kpc
 0.194191  0.180874 -0.427465 2 3729_11.07_8.469.x+170kpc
 0.394285  0.217265 -0.377807 2 3747_10.85_8.370.x+170kpc
 0.413462  0.118170 -0.434243 2 3758_11.09_9.230.x+170kpc
 0.443020  0.321574 -0.335914 2 3793_11.20_8.887.x+170kpc
 0.129664  0.439437 -0.259996 2 4054_11.07_8.443.x+170kpc
 0.174067  0.400685 -0.240517 2 4100_11.01_8.714.x+170kpc
 0.267290  0.437424 -0.355761 2 4207_11.06_8.525.x+170kpc
 0.263403  0.410185 -0.249742 2 4327_11.15_8.514.x+170kpc
 0.328815  0.494175 -0.253540 2 4377_11.07_8.561.x+170kpc
-0.048251 -0.298771 -0.294192 2 26_10.88_8.401.x+210kpc
-0.027264 -0.343693 -0.321426 2 35_10.97_8.441.x+210kpc
-0.448924 -0.354570 -0.253039 2 197_11.23_8.681.x+210kpc
-0.394049 -0.327001 -0.223713 2 252_11.14_8.654.x+210kpc
-0.483684 -0.383841  0.018592 2 267_10.94_8.871.x+210kpc
-0.189489 -0.477150 -0.070081 2 315_11.24_8.594.x+210kpc
-0.304882 -0.328036  0.031479 2 373_10.89_8.791.x+210kpc
-0.151349 -0.204615 -0.484544 2 561_10.80_8.481.x+210kpc
-0.236132 -0.237328 -0.396779 2 700_11.20_8.320.x+210kpc
-0.154395 -0.271029 -0.021604 2 742_10.90_8.758.x+210kpc
-0.164070 -0.274458  0.013468 2 749_10.80_8.400.x+210kpc
-0.158063 -0.199734 -0.373156 2 956_10.91_8.480.x+210kpc
-0.484130 -0.080301 -0.388404 2 1006_11.18_8.375.x+210kpc
-0.297242  0.007607 -0.228559 2 1028_10.96_8.632.x+210kpc
 0.021474 -0.179083 -0.193808 2 1065_10.86_8.303.x+210kpc
-0.455422  0.360319 -0.446244 2 1127_11.19_8.561.x+210kpc
-0.386993  0.298721 -0.127896 2 1187_10.97_8.377.x+210kpc
-0.181237  0.167906 -0.349919 2 1197_11.12_9.221.x+210kpc
-0.132250  0.352407  0.052038 2 1237_10.91_8.415.x+210kpc
-0.174549  0.436214 -0.347454 2 1296_11.02_8.661.x+210kpc
-0.415639  0.475776 -0.195469 2 1376_11.03_8.535.x+210kpc
-0.279594  0.465758 -0.252371 2 1436_11.13_8.701.x+210kpc
-0.177101  0.406012 -0.052259 2 1461_11.15_8.921.x+210kpc
-0.376625 -0.317943  0.111265 2 1473_11.21_9.244.x+210kpc
-0.403561 -0.482884  0.390788 2 1603_10.95_8.704.x+210kpc
-0.462601 -0.469915  0.422529 2 1610_11.08_8.715.x+210kpc
-0.301200 -0.499471  0.176377 2 1681_11.17_9.155.x+210kpc
-0.279793 -0.261870  0.336645 2 1728_10.89_8.490.x+210kpc
-0.284254 -0.220579  0.366622 2 1733_10.90_8.446.x+210kpc
-0.201688 -0.244741  0.115007 2 1795_10.85_8.437.x+210kpc
-0.224669 -0.361572  0.264312 2 1822_11.08_8.355.x+210kpc
-0.090053 -0.282195  0.192721 2 1874_11.10_8.368.x+210kpc
 0.044719 -0.290465  0.269159 2 1880_10.84_8.618.x+210kpc
 0.040136 -0.457274  0.395220 2 1957_11.23_8.523.x+210kpc
-0.176638 -0.194324  0.474636 2 2016_11.01_8.418.x+210kpc
-0.457666 -0.153792  0.330813 2 2042_10.94_8.522.x+210kpc
-0.382522 -0.158553  0.378499 2 2180_11.09_8.485.x+210kpc
-0.376620 -0.041715  0.411572 2 2210_10.88_8.303.x+210kpc
 0.018584 -0.060497  0.212831 2 2255_10.86_8.686.x+210kpc
-0.076248 -0.049758  0.409543 2 2402_11.21_8.320.x+210kpc
-0.342644  0.092849  0.387699 2 2492_10.80_8.377.x+210kpc
-0.306752  0.326893  0.237768 2 2533_10.87_8.396.x+210kpc
-0.264948  0.359522  0.221103 2 2538_10.93_8.359.x+210kpc
-0.351371  0.433674  0.133725 2 2560_10.99_8.531.x+210kpc
-0.336861  0.464733  0.320272 2 2570_10.85_8.384.x+210kpc
-0.349167  0.290768  0.426059 2 2618_10.86_8.318.x+210kpc
-0.351057  0.499083  0.462297 2 2663_11.14_8.729.x+210kpc
-0.170542  0.156751  0.325283 2 2724_11.04_9.160.x+210kpc
-0.114528  0.044328  0.370066 2 2798_10.78_8.354.x+210kpc
-0.062053  0.445044  0.232189 2 2871_10.83_8.326.x+210kpc
-0.099702  0.362876  0.280138 2 2890_10.99_8.469.x+210kpc
 0.024080  0.301715  0.490891 2 2954_11.08_8.950.x+210kpc
 0.046081 -0.411778 -0.280934 2 3001_10.88_8.656.x+210kpc
 0.292610 -0.436326 -0.369440 2 3019_11.17_8.795.x+210kpc
 0.407878 -0.428619 -0.469639 2 3131_11.17_8.467.x+210kpc
 0.487594 -0.321184 -0.263886 2 3208_10.97_8.373.x+210kpc
 0.127495 -0.210833 -0.209150 2 3229_11.14_8.633.x+210kpc
 0.141376 -0.068370 -0.325354 2 3252_11.04_8.396.x+210kpc
 0.194576 -0.268990 -0.217617 2 3311_10.96_8.407.x+210kpc
 0.412876 -0.234454 -0.410181 2 3376_11.16_8.314.x+210kpc
 0.414795 -0.196747 -0.437451 2 3396_11.00_8.445.x+210kpc
 0.156850  0.024897 -0.448926 2 3439_10.89_8.766.x+210kpc
 0.166602  0.068367 -0.452669 2 3463_10.82_8.319.x+210kpc
 0.151378  0.294414 -0.431397 2 3573_10.98_8.635.x+210kpc
 0.177105  0.366396 -0.223856 2 3616_11.03_8.998.x+210kpc
 0.437322  0.073232 -0.254805 2 3710_10.97_8.767.x+210kpc
 0.195791  0.180874 -0.427465 2 3729_11.07_8.469.x+210kpc
 0.395885  0.217265 -0.377807 2 3747_10.85_8.370.x+210kpc
 0.415062  0.118170 -0.434243 2 3758_11.09_9.230.x+210kpc
 0.444620  0.321574 -0.335914 2 3793_11.20_8.887.x+210kpc
 0.131264  0.439437 -0.259996 2 4054_11.07_8.443.x+210kpc
 0.175667  0.400685 -0.240517 2 4100_11.01_8.714.x+210kpc
 0.268890  0.437424 -0.355761 2 4207_11.06_8.525.x+210kpc
 0.265003  0.410185 -0.249742 2 4327_11.15_8.514.x+210kpc
 0.330415  0.494175 -0.253540 2 4377_11.07_8.561.x+210kpc
-0.046651 -0.298771 -0.294192 2 26_10.88_8.401.x+250kpc
-0.025664 -0.343693 -0.321426 2 35_10.97_8.441.x+250kpc
-0.447324 -0.354570 -0.253039 2 197_11.23_8.681.x+250kpc
-0.392449 -0.327001 -0.223713 2 252_11.14_8.654.x+250kpc
-0.482084 -0.383841  0.018592 2 267_10.94_8.871.x+250kpc
-0.187889 -0.477150 -0.070081 2 315_11.24_8.594.x+250kpc
-0.303282 -0.328036  0.031479 2 373_10.89_8.791.x+250kpc
-0.149749 -0.204615 -0.484544 2 561_10.80_8.481.x+250kpc
-0.234532 -0.237328 -0.396779 2 700_11.20_8.320.x+250kpc
-0.152795 -0.271029 -0.021604 2 742_10.90_8.758.x+250kpc
-0.162470 -0.274458  0.013468 2 749_10.80_8.400.x+250kpc
-0.156463 -0.199734 -0.373156 2 956_10.91_8.480.x+250kpc
-0.482530 -0.080301 -0.388404 2 1006_11.18_8.375.x+250kpc
-0.295642  0.007607 -0.228559 2 1028_10.96_8.632.x+250kpc
 0.023074 -0.179083 -0.193808 2 1065_10.86_8.303.x+250kpc
-0.453822  0.360319 -0.446244 2 1127_11.19_8.561.x+250kpc
-0.385393  0.298721 -0.127896 2 1187_10.97_8.377.x+250kpc
-0.179637  0.167906 -0.349919 2 1197_11.12_9.221.x+250kpc
-0.130650  0.352407  0.052038 2 1237_10.91_8.415.x+250kpc
-0.172949  0.436214 -0.347454 2 1296_11.02_8.661.x+250kpc
-0.414039  0.475776 -0.195469 2 1376_11.03_8.535.x+250kpc
-0.277994  0.465758 -0.252371 2 1436_11.13_8.701.x+250kpc
-0.175501  0.406012 -0.052259 2 1461_11.15_8.921.x+250kpc
-0.375025 -0.317943  0.111265 2 1473_11.21_9.244.x+250kpc
-0.401961 -0.482884  0.390788 2 1603_10.95_8.704.x+250kpc
-0.461001 -0.469915  0.422529 2 1610_11.08_8.715.x+250kpc
-0.299600 -0.499471  0.176377 2 1681_11.17_9.155.x+250kpc
-0.278193 -0.261870  0.336645 2 1728_10.89_8.490.x+250kpc
-0.282654 -0.220579  0.366622 2 1733_10.90_8.446.x+250kpc
-0.200088 -0.244741  0.115007 2 1795_10.85_8.437.x+250kpc
-0.223069 -0.361572  0.264312 2 1822_11.08_8.355.x+250kpc
-0.088453 -0.282195  0.192721 2 1874_11.10_8.368.x+250kpc
 0.046319 -0.290465  0.269159 2 1880_10.84_8.618.x+250kpc
 0.041736 -0.457274  0.395220 2 1957_11.23_8.523.x+250kpc
-0.175038 -0.194324  0.474636 2 2016_11.01_8.418.x+250kpc
-0.456066 -0.153792  0.330813 2 2042_10.94_8.522.x+250kpc
-0.380922 -0.158553  0.378499 2 2180_11.09_8.485.x+250kpc
-0.375020 -0.041715  0.411572 2 2210_10.88_8.303.x+250kpc
 0.020184 -0.060497  0.212831 2 2255_10.86_8.686.x+250kpc
-0.074648 -0.049758  0.409543 2 2402_11.21_8.320.x+250kpc
-0.341044  0.092849  0.387699 2 2492_10.80_8.377.x+250kpc
-0.305152  0.326893  0.237768 2 2533_10.87_8.396.x+250kpc
-0.263348  0.359522  0.221103 2 2538_10.93_8.359.x+250kpc
-0.349771  0.433674  0.133725 2 2560_10.99_8.531.x+250kpc
-0.335261  0.464733  0.320272 2 2570_10.85_8.384.x+250kpc
-0.347567  0.290768  0.426059 2 2618_10.86_8.318.x+250kpc
-0.349457  0.499083  0.462297 2 2663_11.14_8.729.x+250kpc
-0.168942  0.156751  0.325283 2 2724_11.04_9.160.x+250kpc
-0.112928  0.044328  0.370066 2 2798_10.78_8.354.x+250kpc
-0.060453  0.445044  0.232189 2 2871_10.83_8.326.x+250kpc
-0.098102  0.362876  0.280138 2 2890_10.99_8.469.x+250kpc
 0.025680  0.301715  0.490891 2 2954_11.08_8.950.x+250kpc
 0.047682 -0.411778 -0.280934 2 3001_10.88_8.656.x+250kpc
 0.294210 -0.436326 -0.369440 2 3019_11.17_8.795.x+250kpc
 0.409478 -0.428619 -0.469639 2 3131_11.17_8.467.x+250kpc
 0.489194 -0.321184 -0.263886 2 3208_10.97_8.373.x+250kpc
 0.129095 -0.210833 -0.209150 2 3229_11.14_8.633.x+250kpc
 0.142976 -0.068370 -0.325354 2 3252_11.04_8.396.x+250kpc
 0.196176 -0.268990 -0.217617 2 3311_10.96_8.407.x+250kpc
 0.414476 -0.234454 -0.410181 2 3376_11.16_8.314.x+250kpc
 0.416395 -0.196747 -0.437451 2 3396_11.00_8.445.x+250kpc
 0.158450  0.024897 -0.448926 2 3439_10.89_8.766.x+250kpc
 0.168202  0.068367 -0.452669 2 3463_10.82_8.319.x+250kpc
 0.152978  0.294414 -0.431397 2 3573_10.98_8.635.x+250kpc
 0.178705  0.366396 -0.223856 2 3616_11.03_8.998.x+250kpc
 0.438922  0.073232 -0.254805 2 3710_10.97_8.767.x+250kpc
 0.197391  0.180874 -0.427465 2 3729_11.07_8.469.x+250kpc
 0.397485  0.217265 -0.377807 2 3747_10.85_8.370.x+250kpc
 0.416662  0.118170 -0.434243 2 3758_11.09_9.230.x+250kpc
 0.446220  0.321574 -0.335914 2 3793_11.20_8.887.x+250kpc
 0.132864  0.439437 -0.259996 2 4054_11.07_8.443.x+250kpc
 0.177267  0.400685 -0.240517 2 4100_11.01_8.714.x+250kpc
 0.270490  0.437424 -0.355761 2 4207_11.06_8.525.x+250kpc
 0.266603  0.410185 -0.249742 2 4327_11.15_8.514.x+250kpc
 0.332015  0.494175 -0.253540 2 4377_11.07_8.561.x+250kpc
-0.045051 -0.298771 -0.294192 2 26_10.88_8.401.x+290kpc
-0.024064 -0.343693 -0.321426 2 35_10.97_8.441.x+290kpc
-0.445724 -0.354570 -0.253039 2 197_11.23_8.681.x+290kpc
-0.390849 -0.327001 -0.223713 2 252_11.14_8.654.x+290kpc
-0.480484 -0.383841  0.018592 2 267_10.94_8.871.x+290kpc
-0.186289 -0.477150 -0.070081 2 315_11.24_8.594.x+290kpc
-0.301682 -0.328036  0.031479 2 373_10.89_8.791.x+290kpc
-0.148149 -0.204615 -0.484544 2 561_10.80_8.481.x+290kpc
-0.232932 -0.237328 -0.396779 2 700_11.20_8.320.x+290kpc
-0.151195 -0.271029 -0.021604 2 742_10.90_8.758.x+290kpc
-0.160870 -0.274458  0.013468 2 749_10.80_8.400.x+290kpc
-0.154863 -0.199734 -0.373156 2 956_10.91_8.480.x+290kpc
-0.480930 -0.080301 -0.388404 2 1006_11.18_8.375.x+290kpc
-0.294042  0.007607 -0.228559 2 1028_10.96_8.632.x+290kpc
 0.024674 -0.179083 -0.193808 2 1065_10.86_8.303.x+290kpc
-0.452222  0.360319 -0.446244 2 1127_11.19_8.561.x+290kpc
-0.383793  0.298721 -0.127896 2 1187_10.97_8.377.x+290kpc
-0.178037  0.167906 -0.349919 2 1197_11.12_9.221.x+290kpc
-0.129050  0.352407  0.052038 2 1237_10.91_8.415.x+290kpc
-0.171349  0.436214 -0.347454 2 1296_11.02_8.661.x+290kpc
-0.412439  0.475776 -0.195469 2 1376_11.03_8.535.x+290kpc
-0.276394  0.465758 -0.252371 2 1436_11.13_8.701.x+290kpc
-0.173901  0.406012 -0.052259 2 1461_11.15_8.921.x+290kpc
-0.373425 -0.317943  0.111265 2 1473_11.21_9.244.x+290kpc
-0.400361 -0.482884  0.390788 2 1603_10.95_8.704.x+290kpc
-0.459401 -0.469915  0.422529 2 1610_11.08_8.715.x+290kpc
-0.298000 -0.499471  0.176377 2 1681_11.17_9.155.x+290kpc
-0.276593 -0.261870  0.336645 2 1728_10.89_8.490.x+290kpc
-0.281054 -0.220579  0.366622 2 1733_10.90_8.446.x+290kpc
-0.198488 -0.244741  0.115007 2 1795_10.85_8.437.x+290kpc
-0.221469 -0.361572  0.264312 2 1822_11.08_8.355.x+290kpc
-0.086853 -0.282195  0.192721 2 1874_11.10_8.368.x+290kpc
 0.047919 -0.290465  0.269159 2 1880_10.84_8.618.x+290kpc
 0.043336 -0.457274  0.395220 2 1957_11.23_8.523.x+290kpc
-0.173438 -0.194324  0.474636 2 2016_11.01_8.418.x+290kpc
-0.454466 -0.153792  0.330813 2 2042_10.94_8.522.x+290kpc
-0.379322 -0.158553  0.378499 2 2180_11.09_8.485.x+290kpc
-0.373420 -0.041715  0.411572 2 2210_10.88_8.303.x+290kpc
 0.021784 -0.060497  0.212831 2 2255_10.86_8.686.x+290kpc
-0.073048 -0.049758  0.409543 2 2402_11.21_8.320.x+290kpc
-0.339444  0.092849  0.387699 2 2492_10.80_8.377.x+290kpc
-0.303552  0.326893  0.237768 2 2533_10.87_8.396.x+290kpc
-0.261748  0.359522  0.221103 2 2538_10.93_8.359.x+290kpc
-0.348171  0.433674  0.133725 2 2560_10.99_8.531.x+290kpc
-0.333661  0.464733  0.320272 2 2570_10.85_8.384.x+290kpc
-0.345967  0.290768  0.426059 2 2618_10.86_8.318.x+290kpc
-0.347857  0.499083  0.462297 2 2663_11.14_8.729.x+290kpc
-0.167342  0.156751  0.325283 2 2724_11.04_9.160.x+290kpc
-0.111328  0.044328  0.370066 2 2798_10.78_8.354.x+290kpc
-0.058853  0.445044  0.232189 2 2871_10.83_8.326.x+290kpc
-0.096502  0.362876  0.280138 2 2890_10.99_8.469.x+290kpc
 0.027280  0.301715  0.490891 2 2954_11.08_8.950.x+290kpc
 0.049281 -0.411778 -0.280934 2 3001_10.88_8.656.x+290kpc
 0.295810 -0.436326 -0.369440 2 3019_11.17_8.795.x+290kpc
 0.411078 -0.428619 -0.469639 2 3131_11.17_8.467.x+290kpc
 0.490794 -0.321184 -0.263886 2 3208_10.97_8.373.x+290kpc
 0.130695 -0.210833 -0.209150 2 3229_11.14_8.633.x+290kpc
 0.144576 -0.068370 -0.325354 2 3252_11.04_8.396.x+290kpc
 0.197776 -0.268990 -0.217617 2 3311_10.96_8.407.x+290kpc
 0.416076 -0.234454 -0.410181 2 3376_11.16_8.314.x+290kpc
 0.417995 -0.196747 -0.437451 2 3396_11.00_8.445.x+290kpc
 0.160050  0.024897 -0.448926 2 3439_10.89_8.766.x+290kpc
 0.169802  0.068367 -0.452669 2 3463_10.82_8.319.x+290kpc
 0.154578  0.294414 -0.431397 2 3573_10.98_8.635.x+290kpc
 0.180305  0.366396 -0.223856 2 3616_11.03_8.998.x+290kpc
 0.440522  0.073232 -0.254805 2 3710_10.97_8.767.x+290kpc
 0.198991  0.180874 -0.427465 2 3729_11.07_8.469.x+290kpc
 0.399085  0.217265 -0.377807 2 3747_10.85_8.370.x+290kpc
 0.418262  0.118170 -0.434243 2 3758_11.09_9.230.x+290kpc
 0.447820  0.321574 -0.335914 2 3793_11.20_8.887.x+290kpc
 0.134464  0.439437 -0.259996 2 4054_11.07_8.443.x+290kpc
 0.178867  0.400685 -0.240517 2 4100_11.01_8.714.x+290kpc
 0.272090  0.437424 -0.355761 2 4207_11.06_8.525.x+290kpc
 0.268203  0.410185 -0.249742 2 4327_11.15_8.514.x+290kpc
 0.333615  0.494175 -0.253540 2 4377_11.07_8.561.x+290kpc
