-0.288226 -0.215929 -0.419041 2 8_11.83_10.25.x+10kpc
-0.278429 -0.188181 -0.468647 2 19_11.77_9.934.x+10kpc
-0.150912 -0.305798 -0.263022 2 84_12.13_10.74.x+10kpc
-0.048337 -0.299465 -0.375889 2 99_11.97_10.39.x+10kpc
-0.051849 -0.252330 -0.324501 2 112_11.91_10.33.x+10kpc
-0.103056 -0.306029 -0.266893 2 153_11.82_10.19.x+10kpc
-0.023913 -0.248717 -0.249652 2 245_12.00_10.15.x+10kpc
 0.034243 -0.281731 -0.250115 2 321_12.07_9.916.x+10kpc
 0.073325 -0.275344 -0.232618 2 325_11.89_10.15.x+10kpc
 0.379211 -0.316709 -0.392897 2 397_11.82_9.966.x+10kpc
 0.307698 -0.499678 -0.263609 2 418_11.83_10.44.x+10kpc
 0.344438 -0.462408 -0.263513 2 431_12.17_10.39.x+10kpc
 0.151708 -0.327711 -0.188466 2 433_11.77_9.873.x+10kpc
 0.186049 -0.447262 -0.148137 2 434_11.97_10.39.x+10kpc
 0.181924 -0.230761 -0.214402 2 463_11.82_9.800.x+10kpc
 0.408359 -0.365883 -0.279335 2 502_11.96_10.40.x+10kpc
 0.088613  0.113836 -0.166674 2 555_12.05_10.64.x+10kpc
-0.312043  0.460617 -0.248965 2 587_11.92_10.33.x+10kpc
-0.132857  0.443307 -0.361409 2 600_11.80_10.15.x+10kpc
-0.196813  0.463444 -0.260147 2 612_12.11_10.71.x+10kpc
 0.139791 -0.049427 -0.324262 2 642_12.01_10.33.x+10kpc
 0.156918  0.038750 -0.460981 2 649_12.03_10.48.x+10kpc
 0.137818  0.142753 -0.151452 2 663_11.88_10.39.x+10kpc
 0.164463  0.294375 -0.232133 2 716_11.99_10.49.x+10kpc
 0.174038  0.315245 -0.227927 2 717_11.88_10.25.x+10kpc
 0.256530  0.332759 -0.245307 2 814_11.80_9.878.x+10kpc
 0.435116  0.349541 -0.361694 2 840_12.22_10.65.x+10kpc
 0.383685  0.376838 -0.319017 2 859_11.97_10.33.x+10kpc
 0.384758  0.356363 -0.238142 2 863_11.81_10.10.x+10kpc
 0.294437  0.421986 -0.198279 2 968_12.23_10.62.x+10kpc
-0.379053 -0.423155 -0.018373 2 999_12.07_10.39.x+10kpc
-0.312632 -0.304727  0.060105 2 1012_11.83_10.17.x+10kpc
-0.343924 -0.296471  0.081346 2 1014_11.87_10.29.x+10kpc
-0.268931 -0.322811  0.004231 2 1017_11.90_10.33.x+10kpc
-0.432946 -0.288951  0.149077 2 1027_11.78_10.32.x+10kpc
-0.366391 -0.447666  0.313809 2 1029_12.00_10.44.x+10kpc
-0.429197 -0.161229  0.362184 2 1140_11.76_9.903.x+10kpc
-0.340438 -0.173897  0.394395 2 1150_12.14_10.60.x+10kpc
-0.269605 -0.162308  0.425088 2 1164_11.87_10.24.x+10kpc
-0.188664 -0.289633 -0.018992 2 1184_12.07_10.43.x+10kpc
-0.127818 -0.461719  0.302790 2 1245_11.95_10.39.x+10kpc
-0.159425 -0.394606  0.308357 2 1246_11.76_10.18.x+10kpc
-0.181593 -0.216383  0.483305 2 1269_11.95_10.31.x+10kpc
-0.232334 -0.186279  0.458300 2 1307_11.98_10.35.x+10kpc
-0.191850 -0.194336  0.462531 2 1309_12.01_10.47.x+10kpc
-0.031971 -0.362921  0.032550 2 1334_11.82_10.20.x+10kpc
 0.375497 -0.142666  0.152442 2 1366_11.97_10.27.x+10kpc
 0.417018 -0.158698  0.202643 2 1392_12.04_10.58.x+10kpc
 0.065752 -0.370846  0.244655 2 1421_11.88_10.36.x+10kpc
 0.061484 -0.428166  0.473632 2 1422_11.83_10.33.x+10kpc
 0.088560 -0.344343  0.397555 2 1425_12.09_10.39.x+10kpc
 0.353849 -0.275616  0.371189 2 1448_11.88_10.18.x+10kpc
 0.177559 -0.322868  0.372225 2 1450_11.76_10.34.x+10kpc
 0.405920 -0.247656  0.358197 2 1465_12.09_10.66.x+10kpc
 0.408311 -0.383726  0.499865 2 1472_11.91_10.25.x+10kpc
 0.410579 -0.217961  0.345486 2 1480_11.78_10.18.x+10kpc
 0.398685 -0.220879  0.350363 2 1483_12.07_10.56.x+10kpc
-0.485956  0.427240 -0.058488 2 1529_12.02_10.56.x+10kpc
-0.378953  0.376769 -0.088577 2 1532_11.99_10.65.x+10kpc
-0.343110  0.391795 -0.084015 2 1533_11.87_10.20.x+10kpc
-0.214709  0.493071 -0.035642 2 1537_12.09_10.66.x+10kpc
 0.082553 -0.100375 -0.135446 2 1568_12.02_10.43.x+10kpc
 0.034174  0.015233 -0.113701 2 1583_11.89_10.37.x+10kpc
 0.015999  0.038110 -0.117365 2 1617_12.10_10.55.x+10kpc
-0.007643  0.089890  0.096972 2 1629_11.97_10.33.x+10kpc
-0.023396  0.093182  0.140723 2 1630_11.84_10.34.x+10kpc
-0.159900  0.038904  0.325582 2 1657_12.19_10.56.x+10kpc
-0.409422 -0.082575  0.364887 2 1695_11.84_10.20.x+10kpc
-0.391888  0.026221  0.367237 2 1717_11.85_9.963.x+10kpc
-0.170203 -0.090732  0.410199 2 1781_11.89_10.13.x+10kpc
-0.020105  0.010076  0.433248 2 1796_12.11_10.50.x+10kpc
-0.305130  0.345260  0.486838 2 1825_12.04_10.52.x+10kpc
-0.207213  0.270644  0.336471 2 1827_12.02_10.47.x+10kpc
-0.243893  0.251510  0.373659 2 1832_11.75_10.07.x+10kpc
 0.067272  0.267317  0.498361 2 1857_11.86_10.32.x+10kpc
-0.286626 -0.215929 -0.419041 2 8_11.83_10.25.x+50kpc
-0.276829 -0.188181 -0.468647 2 19_11.77_9.934.x+50kpc
-0.149312 -0.305798 -0.263022 2 84_12.13_10.74.x+50kpc
-0.046737 -0.299465 -0.375889 2 99_11.97_10.39.x+50kpc
-0.050249 -0.252330 -0.324501 2 112_11.91_10.33.x+50kpc
-0.101456 -0.306029 -0.266893 2 153_11.82_10.19.x+50kpc
-0.022313 -0.248717 -0.249652 2 245_12.00_10.15.x+50kpc
 0.035843 -0.281731 -0.250115 2 321_12.07_9.916.x+50kpc
 0.074925 -0.275344 -0.232618 2 325_11.89_10.15.x+50kpc
 0.380811 -0.316709 -0.392897 2 397_11.82_9.966.x+50kpc
 0.309298 -0.499678 -0.263609 2 418_11.83_10.44.x+50kpc
 0.346038 -0.462408 -0.263513 2 431_12.17_10.39.x+50kpc
 0.153308 -0.327711 -0.188466 2 433_11.77_9.873.x+50kpc
 0.187649 -0.447262 -0.148137 2 434_11.97_10.39.x+50kpc
 0.183524 -0.230761 -0.214402 2 463_11.82_9.800.x+50kpc
 0.409959 -0.365883 -0.279335 2 502_11.96_10.40.x+50kpc
 0.090213  0.113836 -0.166674 2 555_12.05_10.64.x+50kpc
-0.310443  0.460617 -0.248965 2 587_11.92_10.33.x+50kpc
-0.131257  0.443307 -0.361409 2 600_11.80_10.15.x+50kpc
-0.195213  0.463444 -0.260147 2 612_12.11_10.71.x+50kpc
 0.141391 -0.049427 -0.324262 2 642_12.01_10.33.x+50kpc
 0.158518  0.038750 -0.460981 2 649_12.03_10.48.x+50kpc
 0.139418  0.142753 -0.151452 2 663_11.88_10.39.x+50kpc
 0.166063  0.294375 -0.232133 2 716_11.99_10.49.x+50kpc
 0.175638  0.315245 -0.227927 2 717_11.88_10.25.x+50kpc
 0.258130  0.332759 -0.245307 2 814_11.80_9.878.x+50kpc
 0.436716  0.349541 -0.361694 2 840_12.22_10.65.x+50kpc
 0.385285  0.376838 -0.319017 2 859_11.97_10.33.x+50kpc
 0.386358  0.356363 -0.238142 2 863_11.81_10.10.x+50kpc
 0.296037  0.421986 -0.198279 2 968_12.23_10.62.x+50kpc
-0.377453 -0.423155 -0.018373 2 999_12.07_10.39.x+50kpc
-0.311032 -0.304727  0.060105 2 1012_11.83_10.17.x+50kpc
-0.342324 -0.296471  0.081346 2 1014_11.87_10.29.x+50kpc
-0.267331 -0.322811  0.004231 2 1017_11.90_10.33.x+50kpc
-0.431346 -0.288951  0.149077 2 1027_11.78_10.32.x+50kpc
-0.364791 -0.447666  0.313809 2 1029_12.00_10.44.x+50kpc
-0.427597 -0.161229  0.362184 2 1140_11.76_9.903.x+50kpc
-0.338838 -0.173897  0.394395 2 1150_12.14_10.60.x+50kpc
-0.268005 -0.162308  0.425088 2 1164_11.87_10.24.x+50kpc
-0.187064 -0.289633 -0.018992 2 1184_12.07_10.43.x+50kpc
-0.126218 -0.461719  0.302790 2 1245_11.95_10.39.x+50kpc
-0.157825 -0.394606  0.308357 2 1246_11.76_10.18.x+50kpc
-0.179993 -0.216383  0.483305 2 1269_11.95_10.31.x+50kpc
-0.230734 -0.186279  0.458300 2 1307_11.98_10.35.x+50kpc
-0.190250 -0.194336  0.462531 2 1309_12.01_10.47.x+50kpc
-0.030371 -0.362921  0.032550 2 1334_11.82_10.20.x+50kpc
 0.377097 -0.142666  0.152442 2 1366_11.97_10.27.x+50kpc
 0.418618 -0.158698  0.202643 2 1392_12.04_10.58.x+50kpc
 0.067352 -0.370846  0.244655 2 1421_11.88_10.36.x+50kpc
 0.063084 -0.428166  0.473632 2 1422_11.83_10.33.x+50kpc
 0.090160 -0.344343  0.397555 2 1425_12.09_10.39.x+50kpc
 0.355449 -0.275616  0.371189 2 1448_11.88_10.18.x+50kpc
 0.179159 -0.322868  0.372225 2 1450_11.76_10.34.x+50kpc
 0.407520 -0.247656  0.358197 2 1465_12.09_10.66.x+50kpc
 0.409911 -0.383726  0.499865 2 1472_11.91_10.25.x+50kpc
 0.412179 -0.217961  0.345486 2 1480_11.78_10.18.x+50kpc
 0.400285 -0.220879  0.350363 2 1483_12.07_10.56.x+50kpc
-0.484356  0.427240 -0.058488 2 1529_12.02_10.56.x+50kpc
-0.377353  0.376769 -0.088577 2 1532_11.99_10.65.x+50kpc
-0.341510  0.391795 -0.084015 2 1533_11.87_10.20.x+50kpc
-0.213109  0.493071 -0.035642 2 1537_12.09_10.66.x+50kpc
 0.084153 -0.100375 -0.135446 2 1568_12.02_10.43.x+50kpc
 0.035774  0.015233 -0.113701 2 1583_11.89_10.37.x+50kpc
 0.017599  0.038110 -0.117365 2 1617_12.10_10.55.x+50kpc
-0.006043  0.089890  0.096972 2 1629_11.97_10.33.x+50kpc
-0.021796  0.093182  0.140723 2 1630_11.84_10.34.x+50kpc
-0.158300  0.038904  0.325582 2 1657_12.19_10.56.x+50kpc
-0.407822 -0.082575  0.364887 2 1695_11.84_10.20.x+50kpc
-0.390288  0.026221  0.367237 2 1717_11.85_9.963.x+50kpc
-0.168603 -0.090732  0.410199 2 1781_11.89_10.13.x+50kpc
-0.018505  0.010076  0.433248 2 1796_12.11_10.50.x+50kpc
-0.303530  0.345260  0.486838 2 1825_12.04_10.52.x+50kpc
-0.205613  0.270644  0.336471 2 1827_12.02_10.47.x+50kpc
-0.242293  0.251510  0.373659 2 1832_11.75_10.07.x+50kpc
 0.068872  0.267317  0.498361 2 1857_11.86_10.32.x+50kpc
-0.285026 -0.215929 -0.419041 2 8_11.83_10.25.x+90kpc
-0.275229 -0.188181 -0.468647 2 19_11.77_9.934.x+90kpc
-0.147712 -0.305798 -0.263022 2 84_12.13_10.74.x+90kpc
-0.045137 -0.299465 -0.375889 2 99_11.97_10.39.x+90kpc
-0.048649 -0.252330 -0.324501 2 112_11.91_10.33.x+90kpc
-0.099856 -0.306029 -0.266893 2 153_11.82_10.19.x+90kpc
-0.020713 -0.248717 -0.249652 2 245_12.00_10.15.x+90kpc
 0.037443 -0.281731 -0.250115 2 321_12.07_9.916.x+90kpc
 0.076525 -0.275344 -0.232618 2 325_11.89_10.15.x+90kpc
 0.382411 -0.316709 -0.392897 2 397_11.82_9.966.x+90kpc
 0.310898 -0.499678 -0.263609 2 418_11.83_10.44.x+90kpc
 0.347638 -0.462408 -0.263513 2 431_12.17_10.39.x+90kpc
 0.154908 -0.327711 -0.188466 2 433_11.77_9.873.x+90kpc
 0.189249 -0.447262 -0.148137 2 434_11.97_10.39.x+90kpc
 0.185124 -0.230761 -0.214402 2 463_11.82_9.800.x+90kpc
 0.411559 -0.365883 -0.279335 2 502_11.96_10.40.x+90kpc
 0.091813  0.113836 -0.166674 2 555_12.05_10.64.x+90kpc
-0.308843  0.460617 -0.248965 2 587_11.92_10.33.x+90kpc
-0.129657  0.443307 -0.361409 2 600_11.80_10.15.x+90kpc
-0.193613  0.463444 -0.260147 2 612_12.11_10.71.x+90kpc
 0.142991 -0.049427 -0.324262 2 642_12.01_10.33.x+90kpc
 0.160118  0.038750 -0.460981 2 649_12.03_10.48.x+90kpc
 0.141018  0.142753 -0.151452 2 663_11.88_10.39.x+90kpc
 0.167663  0.294375 -0.232133 2 716_11.99_10.49.x+90kpc
 0.177238  0.315245 -0.227927 2 717_11.88_10.25.x+90kpc
 0.259730  0.332759 -0.245307 2 814_11.80_9.878.x+90kpc
 0.438316  0.349541 -0.361694 2 840_12.22_10.65.x+90kpc
 0.386885  0.376838 -0.319017 2 859_11.97_10.33.x+90kpc
 0.387958  0.356363 -0.238142 2 863_11.81_10.10.x+90kpc
 0.297637  0.421986 -0.198279 2 968_12.23_10.62.x+90kpc
-0.375853 -0.423155 -0.018373 2 999_12.07_10.39.x+90kpc
-0.309432 -0.304727  0.060105 2 1012_11.83_10.17.x+90kpc
-0.340724 -0.296471  0.081346 2 1014_11.87_10.29.x+90kpc
-0.265731 -0.322811  0.004231 2 1017_11.90_10.33.x+90kpc
-0.429746 -0.288951  0.149077 2 1027_11.78_10.32.x+90kpc
-0.363191 -0.447666  0.313809 2 1029_12.00_10.44.x+90kpc
-0.425997 -0.161229  0.362184 2 1140_11.76_9.903.x+90kpc
-0.337238 -0.173897  0.394395 2 1150_12.14_10.60.x+90kpc
-0.266405 -0.162308  0.425088 2 1164_11.87_10.24.x+90kpc
-0.185464 -0.289633 -0.018992 2 1184_12.07_10.43.x+90kpc
-0.124618 -0.461719  0.302790 2 1245_11.95_10.39.x+90kpc
-0.156225 -0.394606  0.308357 2 1246_11.76_10.18.x+90kpc
-0.178393 -0.216383  0.483305 2 1269_11.95_10.31.x+90kpc
-0.229134 -0.186279  0.458300 2 1307_11.98_10.35.x+90kpc
-0.188650 -0.194336  0.462531 2 1309_12.01_10.47.x+90kpc
-0.028771 -0.362921  0.032550 2 1334_11.82_10.20.x+90kpc
 0.378697 -0.142666  0.152442 2 1366_11.97_10.27.x+90kpc
 0.420218 -0.158698  0.202643 2 1392_12.04_10.58.x+90kpc
 0.068952 -0.370846  0.244655 2 1421_11.88_10.36.x+90kpc
 0.064684 -0.428166  0.473632 2 1422_11.83_10.33.x+90kpc
 0.091760 -0.344343  0.397555 2 1425_12.09_10.39.x+90kpc
 0.357049 -0.275616  0.371189 2 1448_11.88_10.18.x+90kpc
 0.180759 -0.322868  0.372225 2 1450_11.76_10.34.x+90kpc
 0.409120 -0.247656  0.358197 2 1465_12.09_10.66.x+90kpc
 0.411511 -0.383726  0.499865 2 1472_11.91_10.25.x+90kpc
 0.413779 -0.217961  0.345486 2 1480_11.78_10.18.x+90kpc
 0.401885 -0.220879  0.350363 2 1483_12.07_10.56.x+90kpc
-0.482756  0.427240 -0.058488 2 1529_12.02_10.56.x+90kpc
-0.375753  0.376769 -0.088577 2 1532_11.99_10.65.x+90kpc
-0.339910  0.391795 -0.084015 2 1533_11.87_10.20.x+90kpc
-0.211509  0.493071 -0.035642 2 1537_12.09_10.66.x+90kpc
 0.085753 -0.100375 -0.135446 2 1568_12.02_10.43.x+90kpc
 0.037374  0.015233 -0.113701 2 1583_11.89_10.37.x+90kpc
 0.019199  0.038110 -0.117365 2 1617_12.10_10.55.x+90kpc
-0.004443  0.089890  0.096972 2 1629_11.97_10.33.x+90kpc
-0.020196  0.093182  0.140723 2 1630_11.84_10.34.x+90kpc
-0.156700  0.038904  0.325582 2 1657_12.19_10.56.x+90kpc
-0.406222 -0.082575  0.364887 2 1695_11.84_10.20.x+90kpc
-0.388688  0.026221  0.367237 2 1717_11.85_9.963.x+90kpc
-0.167003 -0.090732  0.410199 2 1781_11.89_10.13.x+90kpc
-0.016905  0.010076  0.433248 2 1796_12.11_10.50.x+90kpc
-0.301930  0.345260  0.486838 2 1825_12.04_10.52.x+90kpc
-0.204013  0.270644  0.336471 2 1827_12.02_10.47.x+90kpc
-0.240693  0.251510  0.373659 2 1832_11.75_10.07.x+90kpc
 0.070472  0.267317  0.498361 2 1857_11.86_10.32.x+90kpc
-0.283426 -0.215929 -0.419041 2 8_11.83_10.25.x+130kpc
-0.273629 -0.188181 -0.468647 2 19_11.77_9.934.x+130kpc
-0.146112 -0.305798 -0.263022 2 84_12.13_10.74.x+130kpc
-0.043537 -0.299465 -0.375889 2 99_11.97_10.39.x+130kpc
-0.047049 -0.252330 -0.324501 2 112_11.91_10.33.x+130kpc
-0.098256 -0.306029 -0.266893 2 153_11.82_10.19.x+130kpc
-0.019113 -0.248717 -0.249652 2 245_12.00_10.15.x+130kpc
 0.039043 -0.281731 -0.250115 2 321_12.07_9.916.x+130kpc
 0.078125 -0.275344 -0.232618 2 325_11.89_10.15.x+130kpc
 0.384011 -0.316709 -0.392897 2 397_11.82_9.966.x+130kpc
 0.312498 -0.499678 -0.263609 2 418_11.83_10.44.x+130kpc
 0.349238 -0.462408 -0.263513 2 431_12.17_10.39.x+130kpc
 0.156508 -0.327711 -0.188466 2 433_11.77_9.873.x+130kpc
 0.190849 -0.447262 -0.148137 2 434_11.97_10.39.x+130kpc
 0.186724 -0.230761 -0.214402 2 463_11.82_9.800.x+130kpc
 0.413159 -0.365883 -0.279335 2 502_11.96_10.40.x+130kpc
 0.093413  0.113836 -0.166674 2 555_12.05_10.64.x+130kpc
-0.307243  0.460617 -0.248965 2 587_11.92_10.33.x+130kpc
-0.128057  0.443307 -0.361409 2 600_11.80_10.15.x+130kpc
-0.192013  0.463444 -0.260147 2 612_12.11_10.71.x+130kpc
 0.144591 -0.049427 -0.324262 2 642_12.01_10.33.x+130kpc
 0.161718  0.038750 -0.460981 2 649_12.03_10.48.x+130kpc
 0.142618  0.142753 -0.151452 2 663_11.88_10.39.x+130kpc
 0.169263  0.294375 -0.232133 2 716_11.99_10.49.x+130kpc
 0.178838  0.315245 -0.227927 2 717_11.88_10.25.x+130kpc
 0.261330  0.332759 -0.245307 2 814_11.80_9.878.x+130kpc
 0.439916  0.349541 -0.361694 2 840_12.22_10.65.x+130kpc
 0.388485  0.376838 -0.319017 2 859_11.97_10.33.x+130kpc
 0.389558  0.356363 -0.238142 2 863_11.81_10.10.x+130kpc
 0.299237  0.421986 -0.198279 2 968_12.23_10.62.x+130kpc
-0.374253 -0.423155 -0.018373 2 999_12.07_10.39.x+130kpc
-0.307832 -0.304727  0.060105 2 1012_11.83_10.17.x+130kpc
-0.339124 -0.296471  0.081346 2 1014_11.87_10.29.x+130kpc
-0.264131 -0.322811  0.004231 2 1017_11.90_10.33.x+130kpc
-0.428146 -0.288951  0.149077 2 1027_11.78_10.32.x+130kpc
-0.361591 -0.447666  0.313809 2 1029_12.00_10.44.x+130kpc
-0.424397 -0.161229  0.362184 2 1140_11.76_9.903.x+130kpc
-0.335638 -0.173897  0.394395 2 1150_12.14_10.60.x+130kpc
-0.264805 -0.162308  0.425088 2 1164_11.87_10.24.x+130kpc
-0.183864 -0.289633 -0.018992 2 1184_12.07_10.43.x+130kpc
-0.123018 -0.461719  0.302790 2 1245_11.95_10.39.x+130kpc
-0.154625 -0.394606  0.308357 2 1246_11.76_10.18.x+130kpc
-0.176793 -0.216383  0.483305 2 1269_11.95_10.31.x+130kpc
-0.227534 -0.186279  0.458300 2 1307_11.98_10.35.x+130kpc
-0.187050 -0.194336  0.462531 2 1309_12.01_10.47.x+130kpc
-0.027171 -0.362921  0.032550 2 1334_11.82_10.20.x+130kpc
 0.380297 -0.142666  0.152442 2 1366_11.97_10.27.x+130kpc
 0.421818 -0.158698  0.202643 2 1392_12.04_10.58.x+130kpc
 0.070552 -0.370846  0.244655 2 1421_11.88_10.36.x+130kpc
 0.066284 -0.428166  0.473632 2 1422_11.83_10.33.x+130kpc
 0.093360 -0.344343  0.397555 2 1425_12.09_10.39.x+130kpc
 0.358649 -0.275616  0.371189 2 1448_11.88_10.18.x+130kpc
 0.182359 -0.322868  0.372225 2 1450_11.76_10.34.x+130kpc
 0.410720 -0.247656  0.358197 2 1465_12.09_10.66.x+130kpc
 0.413111 -0.383726  0.499865 2 1472_11.91_10.25.x+130kpc
 0.415379 -0.217961  0.345486 2 1480_11.78_10.18.x+130kpc
 0.403485 -0.220879  0.350363 2 1483_12.07_10.56.x+130kpc
-0.481156  0.427240 -0.058488 2 1529_12.02_10.56.x+130kpc
-0.374153  0.376769 -0.088577 2 1532_11.99_10.65.x+130kpc
-0.338310  0.391795 -0.084015 2 1533_11.87_10.20.x+130kpc
-0.209909  0.493071 -0.035642 2 1537_12.09_10.66.x+130kpc
 0.087352 -0.100375 -0.135446 2 1568_12.02_10.43.x+130kpc
 0.038974  0.015233 -0.113701 2 1583_11.89_10.37.x+130kpc
 0.020799  0.038110 -0.117365 2 1617_12.10_10.55.x+130kpc
-0.002843  0.089890  0.096972 2 1629_11.97_10.33.x+130kpc
-0.018596  0.093182  0.140723 2 1630_11.84_10.34.x+130kpc
-0.155100  0.038904  0.325582 2 1657_12.19_10.56.x+130kpc
-0.404622 -0.082575  0.364887 2 1695_11.84_10.20.x+130kpc
-0.387088  0.026221  0.367237 2 1717_11.85_9.963.x+130kpc
-0.165403 -0.090732  0.410199 2 1781_11.89_10.13.x+130kpc
-0.015305  0.010076  0.433248 2 1796_12.11_10.50.x+130kpc
-0.300330  0.345260  0.486838 2 1825_12.04_10.52.x+130kpc
-0.202413  0.270644  0.336471 2 1827_12.02_10.47.x+130kpc
-0.239093  0.251510  0.373659 2 1832_11.75_10.07.x+130kpc
 0.072072  0.267317  0.498361 2 1857_11.86_10.32.x+130kpc
-0.281826 -0.215929 -0.419041 2 8_11.83_10.25.x+170kpc
-0.272029 -0.188181 -0.468647 2 19_11.77_9.934.x+170kpc
-0.144512 -0.305798 -0.263022 2 84_12.13_10.74.x+170kpc
-0.041937 -0.299465 -0.375889 2 99_11.97_10.39.x+170kpc
-0.045449 -0.252330 -0.324501 2 112_11.91_10.33.x+170kpc
-0.096656 -0.306029 -0.266893 2 153_11.82_10.19.x+170kpc
-0.017513 -0.248717 -0.249652 2 245_12.00_10.15.x+170kpc
 0.040643 -0.281731 -0.250115 2 321_12.07_9.916.x+170kpc
 0.079725 -0.275344 -0.232618 2 325_11.89_10.15.x+170kpc
 0.385611 -0.316709 -0.392897 2 397_11.82_9.966.x+170kpc
 0.314098 -0.499678 -0.263609 2 418_11.83_10.44.x+170kpc
 0.350838 -0.462408 -0.263513 2 431_12.17_10.39.x+170kpc
 0.158108 -0.327711 -0.188466 2 433_11.77_9.873.x+170kpc
 0.192449 -0.447262 -0.148137 2 434_11.97_10.39.x+170kpc
 0.188324 -0.230761 -0.214402 2 463_11.82_9.800.x+170kpc
 0.414759 -0.365883 -0.279335 2 502_11.96_10.40.x+170kpc
 0.095013  0.113836 -0.166674 2 555_12.05_10.64.x+170kpc
-0.305643  0.460617 -0.248965 2 587_11.92_10.33.x+170kpc
-0.126457  0.443307 -0.361409 2 600_11.80_10.15.x+170kpc
-0.190413  0.463444 -0.260147 2 612_12.11_10.71.x+170kpc
 0.146191 -0.049427 -0.324262 2 642_12.01_10.33.x+170kpc
 0.163318  0.038750 -0.460981 2 649_12.03_10.48.x+170kpc
 0.144218  0.142753 -0.151452 2 663_11.88_10.39.x+170kpc
 0.170863  0.294375 -0.232133 2 716_11.99_10.49.x+170kpc
 0.180438  0.315245 -0.227927 2 717_11.88_10.25.x+170kpc
 0.262930  0.332759 -0.245307 2 814_11.80_9.878.x+170kpc
 0.441516  0.349541 -0.361694 2 840_12.22_10.65.x+170kpc
 0.390085  0.376838 -0.319017 2 859_11.97_10.33.x+170kpc
 0.391158  0.356363 -0.238142 2 863_11.81_10.10.x+170kpc
 0.300837  0.421986 -0.198279 2 968_12.23_10.62.x+170kpc
-0.372653 -0.423155 -0.018373 2 999_12.07_10.39.x+170kpc
-0.306232 -0.304727  0.060105 2 1012_11.83_10.17.x+170kpc
-0.337524 -0.296471  0.081346 2 1014_11.87_10.29.x+170kpc
-0.262531 -0.322811  0.004231 2 1017_11.90_10.33.x+170kpc
-0.426546 -0.288951  0.149077 2 1027_11.78_10.32.x+170kpc
-0.359991 -0.447666  0.313809 2 1029_12.00_10.44.x+170kpc
-0.422797 -0.161229  0.362184 2 1140_11.76_9.903.x+170kpc
-0.334038 -0.173897  0.394395 2 1150_12.14_10.60.x+170kpc
-0.263205 -0.162308  0.425088 2 1164_11.87_10.24.x+170kpc
-0.182264 -0.289633 -0.018992 2 1184_12.07_10.43.x+170kpc
-0.121418 -0.461719  0.302790 2 1245_11.95_10.39.x+170kpc
-0.153025 -0.394606  0.308357 2 1246_11.76_10.18.x+170kpc
-0.175193 -0.216383  0.483305 2 1269_11.95_10.31.x+170kpc
-0.225934 -0.186279  0.458300 2 1307_11.98_10.35.x+170kpc
-0.185450 -0.194336  0.462531 2 1309_12.01_10.47.x+170kpc
-0.025571 -0.362921  0.032550 2 1334_11.82_10.20.x+170kpc
 0.381897 -0.142666  0.152442 2 1366_11.97_10.27.x+170kpc
 0.423418 -0.158698  0.202643 2 1392_12.04_10.58.x+170kpc
 0.072152 -0.370846  0.244655 2 1421_11.88_10.36.x+170kpc
 0.067884 -0.428166  0.473632 2 1422_11.83_10.33.x+170kpc
 0.094960 -0.344343  0.397555 2 1425_12.09_10.39.x+170kpc
 0.360249 -0.275616  0.371189 2 1448_11.88_10.18.x+170kpc
 0.183959 -0.322868  0.372225 2 1450_11.76_10.34.x+170kpc
 0.412320 -0.247656  0.358197 2 1465_12.09_10.66.x+170kpc
 0.414711 -0.383726  0.499865 2 1472_11.91_10.25.x+170kpc
 0.416979 -0.217961  0.345486 2 1480_11.78_10.18.x+170kpc
 0.405085 -0.220879  0.350363 2 1483_12.07_10.56.x+170kpc
-0.479556  0.427240 -0.058488 2 1529_12.02_10.56.x+170kpc
-0.372553  0.376769 -0.088577 2 1532_11.99_10.65.x+170kpc
-0.336710  0.391795 -0.084015 2 1533_11.87_10.20.x+170kpc
-0.208309  0.493071 -0.035642 2 1537_12.09_10.66.x+170kpc
 0.088953 -0.100375 -0.135446 2 1568_12.02_10.43.x+170kpc
 0.040574  0.015233 -0.113701 2 1583_11.89_10.37.x+170kpc
 0.022399  0.038110 -0.117365 2 1617_12.10_10.55.x+170kpc
-0.001243  0.089890  0.096972 2 1629_11.97_10.33.x+170kpc
-0.016996  0.093182  0.140723 2 1630_11.84_10.34.x+170kpc
-0.153500  0.038904  0.325582 2 1657_12.19_10.56.x+170kpc
-0.403022 -0.082575  0.364887 2 1695_11.84_10.20.x+170kpc
-0.385488  0.026221  0.367237 2 1717_11.85_9.963.x+170kpc
-0.163803 -0.090732  0.410199 2 1781_11.89_10.13.x+170kpc
-0.013705  0.010076  0.433248 2 1796_12.11_10.50.x+170kpc
-0.298730  0.345260  0.486838 2 1825_12.04_10.52.x+170kpc
-0.200813  0.270644  0.336471 2 1827_12.02_10.47.x+170kpc
-0.237493  0.251510  0.373659 2 1832_11.75_10.07.x+170kpc
 0.073672  0.267317  0.498361 2 1857_11.86_10.32.x+170kpc
-0.280226 -0.215929 -0.419041 2 8_11.83_10.25.x+210kpc
-0.270429 -0.188181 -0.468647 2 19_11.77_9.934.x+210kpc
-0.142912 -0.305798 -0.263022 2 84_12.13_10.74.x+210kpc
-0.040337 -0.299465 -0.375889 2 99_11.97_10.39.x+210kpc
-0.043849 -0.252330 -0.324501 2 112_11.91_10.33.x+210kpc
-0.095056 -0.306029 -0.266893 2 153_11.82_10.19.x+210kpc
-0.015913 -0.248717 -0.249652 2 245_12.00_10.15.x+210kpc
 0.042243 -0.281731 -0.250115 2 321_12.07_9.916.x+210kpc
 0.081325 -0.275344 -0.232618 2 325_11.89_10.15.x+210kpc
 0.387211 -0.316709 -0.392897 2 397_11.82_9.966.x+210kpc
 0.315698 -0.499678 -0.263609 2 418_11.83_10.44.x+210kpc
 0.352438 -0.462408 -0.263513 2 431_12.17_10.39.x+210kpc
 0.159708 -0.327711 -0.188466 2 433_11.77_9.873.x+210kpc
 0.194049 -0.447262 -0.148137 2 434_11.97_10.39.x+210kpc
 0.189924 -0.230761 -0.214402 2 463_11.82_9.800.x+210kpc
 0.416359 -0.365883 -0.279335 2 502_11.96_10.40.x+210kpc
 0.096613  0.113836 -0.166674 2 555_12.05_10.64.x+210kpc
-0.304043  0.460617 -0.248965 2 587_11.92_10.33.x+210kpc
-0.124857  0.443307 -0.361409 2 600_11.80_10.15.x+210kpc
-0.188813  0.463444 -0.260147 2 612_12.11_10.71.x+210kpc
 0.147791 -0.049427 -0.324262 2 642_12.01_10.33.x+210kpc
 0.164918  0.038750 -0.460981 2 649_12.03_10.48.x+210kpc
 0.145818  0.142753 -0.151452 2 663_11.88_10.39.x+210kpc
 0.172463  0.294375 -0.232133 2 716_11.99_10.49.x+210kpc
 0.182038  0.315245 -0.227927 2 717_11.88_10.25.x+210kpc
 0.264530  0.332759 -0.245307 2 814_11.80_9.878.x+210kpc
 0.443116  0.349541 -0.361694 2 840_12.22_10.65.x+210kpc
 0.391685  0.376838 -0.319017 2 859_11.97_10.33.x+210kpc
 0.392758  0.356363 -0.238142 2 863_11.81_10.10.x+210kpc
 0.302437  0.421986 -0.198279 2 968_12.23_10.62.x+210kpc
-0.371053 -0.423155 -0.018373 2 999_12.07_10.39.x+210kpc
-0.304632 -0.304727  0.060105 2 1012_11.83_10.17.x+210kpc
-0.335924 -0.296471  0.081346 2 1014_11.87_10.29.x+210kpc
-0.260931 -0.322811  0.004231 2 1017_11.90_10.33.x+210kpc
-0.424946 -0.288951  0.149077 2 1027_11.78_10.32.x+210kpc
-0.358391 -0.447666  0.313809 2 1029_12.00_10.44.x+210kpc
-0.421197 -0.161229  0.362184 2 1140_11.76_9.903.x+210kpc
-0.332438 -0.173897  0.394395 2 1150_12.14_10.60.x+210kpc
-0.261605 -0.162308  0.425088 2 1164_11.87_10.24.x+210kpc
-0.180664 -0.289633 -0.018992 2 1184_12.07_10.43.x+210kpc
-0.119818 -0.461719  0.302790 2 1245_11.95_10.39.x+210kpc
-0.151425 -0.394606  0.308357 2 1246_11.76_10.18.x+210kpc
-0.173593 -0.216383  0.483305 2 1269_11.95_10.31.x+210kpc
-0.224334 -0.186279  0.458300 2 1307_11.98_10.35.x+210kpc
-0.183850 -0.194336  0.462531 2 1309_12.01_10.47.x+210kpc
-0.023971 -0.362921  0.032550 2 1334_11.82_10.20.x+210kpc
 0.383497 -0.142666  0.152442 2 1366_11.97_10.27.x+210kpc
 0.425018 -0.158698  0.202643 2 1392_12.04_10.58.x+210kpc
 0.073752 -0.370846  0.244655 2 1421_11.88_10.36.x+210kpc
 0.069484 -0.428166  0.473632 2 1422_11.83_10.33.x+210kpc
 0.096560 -0.344343  0.397555 2 1425_12.09_10.39.x+210kpc
 0.361849 -0.275616  0.371189 2 1448_11.88_10.18.x+210kpc
 0.185559 -0.322868  0.372225 2 1450_11.76_10.34.x+210kpc
 0.413920 -0.247656  0.358197 2 1465_12.09_10.66.x+210kpc
 0.416311 -0.383726  0.499865 2 1472_11.91_10.25.x+210kpc
 0.418579 -0.217961  0.345486 2 1480_11.78_10.18.x+210kpc
 0.406685 -0.220879  0.350363 2 1483_12.07_10.56.x+210kpc
-0.477956  0.427240 -0.058488 2 1529_12.02_10.56.x+210kpc
-0.370953  0.376769 -0.088577 2 1532_11.99_10.65.x+210kpc
-0.335110  0.391795 -0.084015 2 1533_11.87_10.20.x+210kpc
-0.206709  0.493071 -0.035642 2 1537_12.09_10.66.x+210kpc
 0.090553 -0.100375 -0.135446 2 1568_12.02_10.43.x+210kpc
 0.042174  0.015233 -0.113701 2 1583_11.89_10.37.x+210kpc
 0.023999  0.038110 -0.117365 2 1617_12.10_10.55.x+210kpc
 0.000357  0.089890  0.096972 2 1629_11.97_10.33.x+210kpc
-0.015396  0.093182  0.140723 2 1630_11.84_10.34.x+210kpc
-0.151900  0.038904  0.325582 2 1657_12.19_10.56.x+210kpc
-0.401422 -0.082575  0.364887 2 1695_11.84_10.20.x+210kpc
-0.383888  0.026221  0.367237 2 1717_11.85_9.963.x+210kpc
-0.162203 -0.090732  0.410199 2 1781_11.89_10.13.x+210kpc
-0.012105  0.010076  0.433248 2 1796_12.11_10.50.x+210kpc
-0.297130  0.345260  0.486838 2 1825_12.04_10.52.x+210kpc
-0.199213  0.270644  0.336471 2 1827_12.02_10.47.x+210kpc
-0.235893  0.251510  0.373659 2 1832_11.75_10.07.x+210kpc
 0.075272  0.267317  0.498361 2 1857_11.86_10.32.x+210kpc
-0.278626 -0.215929 -0.419041 2 8_11.83_10.25.x+250kpc
-0.268829 -0.188181 -0.468647 2 19_11.77_9.934.x+250kpc
-0.141312 -0.305798 -0.263022 2 84_12.13_10.74.x+250kpc
-0.038737 -0.299465 -0.375889 2 99_11.97_10.39.x+250kpc
-0.042249 -0.252330 -0.324501 2 112_11.91_10.33.x+250kpc
-0.093456 -0.306029 -0.266893 2 153_11.82_10.19.x+250kpc
-0.014313 -0.248717 -0.249652 2 245_12.00_10.15.x+250kpc
 0.043843 -0.281731 -0.250115 2 321_12.07_9.916.x+250kpc
 0.082925 -0.275344 -0.232618 2 325_11.89_10.15.x+250kpc
 0.388811 -0.316709 -0.392897 2 397_11.82_9.966.x+250kpc
 0.317298 -0.499678 -0.263609 2 418_11.83_10.44.x+250kpc
 0.354038 -0.462408 -0.263513 2 431_12.17_10.39.x+250kpc
 0.161308 -0.327711 -0.188466 2 433_11.77_9.873.x+250kpc
 0.195649 -0.447262 -0.148137 2 434_11.97_10.39.x+250kpc
 0.191524 -0.230761 -0.214402 2 463_11.82_9.800.x+250kpc
 0.417959 -0.365883 -0.279335 2 502_11.96_10.40.x+250kpc
 0.098213  0.113836 -0.166674 2 555_12.05_10.64.x+250kpc
-0.302443  0.460617 -0.248965 2 587_11.92_10.33.x+250kpc
-0.123257  0.443307 -0.361409 2 600_11.80_10.15.x+250kpc
-0.187213  0.463444 -0.260147 2 612_12.11_10.71.x+250kpc
 0.149391 -0.049427 -0.324262 2 642_12.01_10.33.x+250kpc
 0.166518  0.038750 -0.460981 2 649_12.03_10.48.x+250kpc
 0.147418  0.142753 -0.151452 2 663_11.88_10.39.x+250kpc
 0.174063  0.294375 -0.232133 2 716_11.99_10.49.x+250kpc
 0.183638  0.315245 -0.227927 2 717_11.88_10.25.x+250kpc
 0.266130  0.332759 -0.245307 2 814_11.80_9.878.x+250kpc
 0.444716  0.349541 -0.361694 2 840_12.22_10.65.x+250kpc
 0.393285  0.376838 -0.319017 2 859_11.97_10.33.x+250kpc
 0.394358  0.356363 -0.238142 2 863_11.81_10.10.x+250kpc
 0.304037  0.421986 -0.198279 2 968_12.23_10.62.x+250kpc
-0.369453 -0.423155 -0.018373 2 999_12.07_10.39.x+250kpc
-0.303032 -0.304727  0.060105 2 1012_11.83_10.17.x+250kpc
-0.334324 -0.296471  0.081346 2 1014_11.87_10.29.x+250kpc
-0.259331 -0.322811  0.004231 2 1017_11.90_10.33.x+250kpc
-0.423346 -0.288951  0.149077 2 1027_11.78_10.32.x+250kpc
-0.356791 -0.447666  0.313809 2 1029_12.00_10.44.x+250kpc
-0.419597 -0.161229  0.362184 2 1140_11.76_9.903.x+250kpc
-0.330838 -0.173897  0.394395 2 1150_12.14_10.60.x+250kpc
-0.260005 -0.162308  0.425088 2 1164_11.87_10.24.x+250kpc
-0.179064 -0.289633 -0.018992 2 1184_12.07_10.43.x+250kpc
-0.118218 -0.461719  0.302790 2 1245_11.95_10.39.x+250kpc
-0.149825 -0.394606  0.308357 2 1246_11.76_10.18.x+250kpc
-0.171993 -0.216383  0.483305 2 1269_11.95_10.31.x+250kpc
-0.222734 -0.186279  0.458300 2 1307_11.98_10.35.x+250kpc
-0.182250 -0.194336  0.462531 2 1309_12.01_10.47.x+250kpc
-0.022371 -0.362921  0.032550 2 1334_11.82_10.20.x+250kpc
 0.385097 -0.142666  0.152442 2 1366_11.97_10.27.x+250kpc
 0.426618 -0.158698  0.202643 2 1392_12.04_10.58.x+250kpc
 0.075352 -0.370846  0.244655 2 1421_11.88_10.36.x+250kpc
 0.071084 -0.428166  0.473632 2 1422_11.83_10.33.x+250kpc
 0.098160 -0.344343  0.397555 2 1425_12.09_10.39.x+250kpc
 0.363449 -0.275616  0.371189 2 1448_11.88_10.18.x+250kpc
 0.187159 -0.322868  0.372225 2 1450_11.76_10.34.x+250kpc
 0.415520 -0.247656  0.358197 2 1465_12.09_10.66.x+250kpc
 0.417911 -0.383726  0.499865 2 1472_11.91_10.25.x+250kpc
 0.420179 -0.217961  0.345486 2 1480_11.78_10.18.x+250kpc
 0.408285 -0.220879  0.350363 2 1483_12.07_10.56.x+250kpc
-0.476356  0.427240 -0.058488 2 1529_12.02_10.56.x+250kpc
-0.369353  0.376769 -0.088577 2 1532_11.99_10.65.x+250kpc
-0.333510  0.391795 -0.084015 2 1533_11.87_10.20.x+250kpc
-0.205109  0.493071 -0.035642 2 1537_12.09_10.66.x+250kpc
 0.092152 -0.100375 -0.135446 2 1568_12.02_10.43.x+250kpc
 0.043774  0.015233 -0.113701 2 1583_11.89_10.37.x+250kpc
 0.025599  0.038110 -0.117365 2 1617_12.10_10.55.x+250kpc
 0.001957  0.089890  0.096972 2 1629_11.97_10.33.x+250kpc
-0.013796  0.093182  0.140723 2 1630_11.84_10.34.x+250kpc
-0.150300  0.038904  0.325582 2 1657_12.19_10.56.x+250kpc
-0.399822 -0.082575  0.364887 2 1695_11.84_10.20.x+250kpc
-0.382288  0.026221  0.367237 2 1717_11.85_9.963.x+250kpc
-0.160603 -0.090732  0.410199 2 1781_11.89_10.13.x+250kpc
-0.010505  0.010076  0.433248 2 1796_12.11_10.50.x+250kpc
-0.295530  0.345260  0.486838 2 1825_12.04_10.52.x+250kpc
-0.197613  0.270644  0.336471 2 1827_12.02_10.47.x+250kpc
-0.234293  0.251510  0.373659 2 1832_11.75_10.07.x+250kpc
 0.076872  0.267317  0.498361 2 1857_11.86_10.32.x+250kpc
-0.277026 -0.215929 -0.419041 2 8_11.83_10.25.x+290kpc
-0.267229 -0.188181 -0.468647 2 19_11.77_9.934.x+290kpc
-0.139712 -0.305798 -0.263022 2 84_12.13_10.74.x+290kpc
-0.037137 -0.299465 -0.375889 2 99_11.97_10.39.x+290kpc
-0.040649 -0.252330 -0.324501 2 112_11.91_10.33.x+290kpc
-0.091856 -0.306029 -0.266893 2 153_11.82_10.19.x+290kpc
-0.012713 -0.248717 -0.249652 2 245_12.00_10.15.x+290kpc
 0.045443 -0.281731 -0.250115 2 321_12.07_9.916.x+290kpc
 0.084525 -0.275344 -0.232618 2 325_11.89_10.15.x+290kpc
 0.390411 -0.316709 -0.392897 2 397_11.82_9.966.x+290kpc
 0.318898 -0.499678 -0.263609 2 418_11.83_10.44.x+290kpc
 0.355638 -0.462408 -0.263513 2 431_12.17_10.39.x+290kpc
 0.162908 -0.327711 -0.188466 2 433_11.77_9.873.x+290kpc
 0.197249 -0.447262 -0.148137 2 434_11.97_10.39.x+290kpc
 0.193124 -0.230761 -0.214402 2 463_11.82_9.800.x+290kpc
 0.419559 -0.365883 -0.279335 2 502_11.96_10.40.x+290kpc
 0.099813  0.113836 -0.166674 2 555_12.05_10.64.x+290kpc
-0.300843  0.460617 -0.248965 2 587_11.92_10.33.x+290kpc
-0.121657  0.443307 -0.361409 2 600_11.80_10.15.x+290kpc
-0.185613  0.463444 -0.260147 2 612_12.11_10.71.x+290kpc
 0.150991 -0.049427 -0.324262 2 642_12.01_10.33.x+290kpc
 0.168118  0.038750 -0.460981 2 649_12.03_10.48.x+290kpc
 0.149018  0.142753 -0.151452 2 663_11.88_10.39.x+290kpc
 0.175663  0.294375 -0.232133 2 716_11.99_10.49.x+290kpc
 0.185238  0.315245 -0.227927 2 717_11.88_10.25.x+290kpc
 0.267730  0.332759 -0.245307 2 814_11.80_9.878.x+290kpc
 0.446316  0.349541 -0.361694 2 840_12.22_10.65.x+290kpc
 0.394885  0.376838 -0.319017 2 859_11.97_10.33.x+290kpc
 0.395958  0.356363 -0.238142 2 863_11.81_10.10.x+290kpc
 0.305637  0.421986 -0.198279 2 968_12.23_10.62.x+290kpc
-0.367853 -0.423155 -0.018373 2 999_12.07_10.39.x+290kpc
-0.301432 -0.304727  0.060105 2 1012_11.83_10.17.x+290kpc
-0.332724 -0.296471  0.081346 2 1014_11.87_10.29.x+290kpc
-0.257731 -0.322811  0.004231 2 1017_11.90_10.33.x+290kpc
-0.421746 -0.288951  0.149077 2 1027_11.78_10.32.x+290kpc
-0.355191 -0.447666  0.313809 2 1029_12.00_10.44.x+290kpc
-0.417997 -0.161229  0.362184 2 1140_11.76_9.903.x+290kpc
-0.329238 -0.173897  0.394395 2 1150_12.14_10.60.x+290kpc
-0.258405 -0.162308  0.425088 2 1164_11.87_10.24.x+290kpc
-0.177464 -0.289633 -0.018992 2 1184_12.07_10.43.x+290kpc
-0.116618 -0.461719  0.302790 2 1245_11.95_10.39.x+290kpc
-0.148225 -0.394606  0.308357 2 1246_11.76_10.18.x+290kpc
-0.170393 -0.216383  0.483305 2 1269_11.95_10.31.x+290kpc
-0.221134 -0.186279  0.458300 2 1307_11.98_10.35.x+290kpc
-0.180650 -0.194336  0.462531 2 1309_12.01_10.47.x+290kpc
-0.020771 -0.362921  0.032550 2 1334_11.82_10.20.x+290kpc
 0.386697 -0.142666  0.152442 2 1366_11.97_10.27.x+290kpc
 0.428218 -0.158698  0.202643 2 1392_12.04_10.58.x+290kpc
 0.076952 -0.370846  0.244655 2 1421_11.88_10.36.x+290kpc
 0.072684 -0.428166  0.473632 2 1422_11.83_10.33.x+290kpc
 0.099760 -0.344343  0.397555 2 1425_12.09_10.39.x+290kpc
 0.365049 -0.275616  0.371189 2 1448_11.88_10.18.x+290kpc
 0.188759 -0.322868  0.372225 2 1450_11.76_10.34.x+290kpc
 0.417120 -0.247656  0.358197 2 1465_12.09_10.66.x+290kpc
 0.419511 -0.383726  0.499865 2 1472_11.91_10.25.x+290kpc
 0.421779 -0.217961  0.345486 2 1480_11.78_10.18.x+290kpc
 0.409885 -0.220879  0.350363 2 1483_12.07_10.56.x+290kpc
-0.474756  0.427240 -0.058488 2 1529_12.02_10.56.x+290kpc
-0.367753  0.376769 -0.088577 2 1532_11.99_10.65.x+290kpc
-0.331910  0.391795 -0.084015 2 1533_11.87_10.20.x+290kpc
-0.203509  0.493071 -0.035642 2 1537_12.09_10.66.x+290kpc
 0.093753 -0.100375 -0.135446 2 1568_12.02_10.43.x+290kpc
 0.045374  0.015233 -0.113701 2 1583_11.89_10.37.x+290kpc
 0.027199  0.038110 -0.117365 2 1617_12.10_10.55.x+290kpc
 0.003557  0.089890  0.096972 2 1629_11.97_10.33.x+290kpc
-0.012196  0.093182  0.140723 2 1630_11.84_10.34.x+290kpc
-0.148700  0.038904  0.325582 2 1657_12.19_10.56.x+290kpc
-0.398222 -0.082575  0.364887 2 1695_11.84_10.20.x+290kpc
-0.380688  0.026221  0.367237 2 1717_11.85_9.963.x+290kpc
-0.159003 -0.090732  0.410199 2 1781_11.89_10.13.x+290kpc
-0.008905  0.010076  0.433248 2 1796_12.11_10.50.x+290kpc
-0.293930  0.345260  0.486838 2 1825_12.04_10.52.x+290kpc
-0.196013  0.270644  0.336471 2 1827_12.02_10.47.x+290kpc
-0.232693  0.251510  0.373659 2 1832_11.75_10.07.x+290kpc
 0.078472  0.267317  0.498361 2 1857_11.86_10.32.x+290kpc
