-0.289026 -0.215929 -0.419041 2 8_11.83_10.25.x-10kpc
-0.279229 -0.188181 -0.468647 2 19_11.77_9.934.x-10kpc
-0.151712 -0.305798 -0.263022 2 84_12.13_10.74.x-10kpc
-0.049137 -0.299465 -0.375889 2 99_11.97_10.39.x-10kpc
-0.052649 -0.252330 -0.324501 2 112_11.91_10.33.x-10kpc
-0.103856 -0.306029 -0.266893 2 153_11.82_10.19.x-10kpc
-0.024713 -0.248717 -0.249652 2 245_12.00_10.15.x-10kpc
 0.033443 -0.281731 -0.250115 2 321_12.07_9.916.x-10kpc
 0.072525 -0.275344 -0.232618 2 325_11.89_10.15.x-10kpc
 0.378411 -0.316709 -0.392897 2 397_11.82_9.966.x-10kpc
 0.306898 -0.499678 -0.263609 2 418_11.83_10.44.x-10kpc
 0.343638 -0.462408 -0.263513 2 431_12.17_10.39.x-10kpc
 0.150908 -0.327711 -0.188466 2 433_11.77_9.873.x-10kpc
 0.185249 -0.447262 -0.148137 2 434_11.97_10.39.x-10kpc
 0.181124 -0.230761 -0.214402 2 463_11.82_9.800.x-10kpc
 0.407559 -0.365883 -0.279335 2 502_11.96_10.40.x-10kpc
 0.087813  0.113836 -0.166674 2 555_12.05_10.64.x-10kpc
-0.312843  0.460617 -0.248965 2 587_11.92_10.33.x-10kpc
-0.133657  0.443307 -0.361409 2 600_11.80_10.15.x-10kpc
-0.197613  0.463444 -0.260147 2 612_12.11_10.71.x-10kpc
 0.138991 -0.049427 -0.324262 2 642_12.01_10.33.x-10kpc
 0.156118  0.038750 -0.460981 2 649_12.03_10.48.x-10kpc
 0.137018  0.142753 -0.151452 2 663_11.88_10.39.x-10kpc
 0.163663  0.294375 -0.232133 2 716_11.99_10.49.x-10kpc
 0.173238  0.315245 -0.227927 2 717_11.88_10.25.x-10kpc
 0.255730  0.332759 -0.245307 2 814_11.80_9.878.x-10kpc
 0.434316  0.349541 -0.361694 2 840_12.22_10.65.x-10kpc
 0.382885  0.376838 -0.319017 2 859_11.97_10.33.x-10kpc
 0.383958  0.356363 -0.238142 2 863_11.81_10.10.x-10kpc
 0.293637  0.421986 -0.198279 2 968_12.23_10.62.x-10kpc
-0.379853 -0.423155 -0.018373 2 999_12.07_10.39.x-10kpc
-0.313432 -0.304727  0.060105 2 1012_11.83_10.17.x-10kpc
-0.344724 -0.296471  0.081346 2 1014_11.87_10.29.x-10kpc
-0.269731 -0.322811  0.004231 2 1017_11.90_10.33.x-10kpc
-0.433746 -0.288951  0.149077 2 1027_11.78_10.32.x-10kpc
-0.367191 -0.447666  0.313809 2 1029_12.00_10.44.x-10kpc
-0.429997 -0.161229  0.362184 2 1140_11.76_9.903.x-10kpc
-0.341238 -0.173897  0.394395 2 1150_12.14_10.60.x-10kpc
-0.270405 -0.162308  0.425088 2 1164_11.87_10.24.x-10kpc
-0.189464 -0.289633 -0.018992 2 1184_12.07_10.43.x-10kpc
-0.128618 -0.461719  0.302790 2 1245_11.95_10.39.x-10kpc
-0.160225 -0.394606  0.308357 2 1246_11.76_10.18.x-10kpc
-0.182393 -0.216383  0.483305 2 1269_11.95_10.31.x-10kpc
-0.233134 -0.186279  0.458300 2 1307_11.98_10.35.x-10kpc
-0.192650 -0.194336  0.462531 2 1309_12.01_10.47.x-10kpc
-0.032771 -0.362921  0.032550 2 1334_11.82_10.20.x-10kpc
 0.374697 -0.142666  0.152442 2 1366_11.97_10.27.x-10kpc
 0.416218 -0.158698  0.202643 2 1392_12.04_10.58.x-10kpc
 0.064952 -0.370846  0.244655 2 1421_11.88_10.36.x-10kpc
 0.060684 -0.428166  0.473632 2 1422_11.83_10.33.x-10kpc
 0.087760 -0.344343  0.397555 2 1425_12.09_10.39.x-10kpc
 0.353049 -0.275616  0.371189 2 1448_11.88_10.18.x-10kpc
 0.176759 -0.322868  0.372225 2 1450_11.76_10.34.x-10kpc
 0.405120 -0.247656  0.358197 2 1465_12.09_10.66.x-10kpc
 0.407511 -0.383726  0.499865 2 1472_11.91_10.25.x-10kpc
 0.409779 -0.217961  0.345486 2 1480_11.78_10.18.x-10kpc
 0.397885 -0.220879  0.350363 2 1483_12.07_10.56.x-10kpc
-0.486756  0.427240 -0.058488 2 1529_12.02_10.56.x-10kpc
-0.379753  0.376769 -0.088577 2 1532_11.99_10.65.x-10kpc
-0.343910  0.391795 -0.084015 2 1533_11.87_10.20.x-10kpc
-0.215509  0.493071 -0.035642 2 1537_12.09_10.66.x-10kpc
 0.081753 -0.100375 -0.135446 2 1568_12.02_10.43.x-10kpc
 0.033374  0.015233 -0.113701 2 1583_11.89_10.37.x-10kpc
 0.015199  0.038110 -0.117365 2 1617_12.10_10.55.x-10kpc
-0.008443  0.089890  0.096972 2 1629_11.97_10.33.x-10kpc
-0.024196  0.093182  0.140723 2 1630_11.84_10.34.x-10kpc
-0.160700  0.038904  0.325582 2 1657_12.19_10.56.x-10kpc
-0.410222 -0.082575  0.364887 2 1695_11.84_10.20.x-10kpc
-0.392688  0.026221  0.367237 2 1717_11.85_9.963.x-10kpc
-0.171003 -0.090732  0.410199 2 1781_11.89_10.13.x-10kpc
-0.020905  0.010076  0.433248 2 1796_12.11_10.50.x-10kpc
-0.305930  0.345260  0.486838 2 1825_12.04_10.52.x-10kpc
-0.208013  0.270644  0.336471 2 1827_12.02_10.47.x-10kpc
-0.244693  0.251510  0.373659 2 1832_11.75_10.07.x-10kpc
 0.066472  0.267317  0.498361 2 1857_11.86_10.32.x-10kpc
-0.290626 -0.215929 -0.419041 2 8_11.83_10.25.x-50kpc
-0.280829 -0.188181 -0.468647 2 19_11.77_9.934.x-50kpc
-0.153312 -0.305798 -0.263022 2 84_12.13_10.74.x-50kpc
-0.050737 -0.299465 -0.375889 2 99_11.97_10.39.x-50kpc
-0.054249 -0.252330 -0.324501 2 112_11.91_10.33.x-50kpc
-0.105456 -0.306029 -0.266893 2 153_11.82_10.19.x-50kpc
-0.026313 -0.248717 -0.249652 2 245_12.00_10.15.x-50kpc
 0.031843 -0.281731 -0.250115 2 321_12.07_9.916.x-50kpc
 0.070925 -0.275344 -0.232618 2 325_11.89_10.15.x-50kpc
 0.376811 -0.316709 -0.392897 2 397_11.82_9.966.x-50kpc
 0.305298 -0.499678 -0.263609 2 418_11.83_10.44.x-50kpc
 0.342038 -0.462408 -0.263513 2 431_12.17_10.39.x-50kpc
 0.149308 -0.327711 -0.188466 2 433_11.77_9.873.x-50kpc
 0.183649 -0.447262 -0.148137 2 434_11.97_10.39.x-50kpc
 0.179524 -0.230761 -0.214402 2 463_11.82_9.800.x-50kpc
 0.405959 -0.365883 -0.279335 2 502_11.96_10.40.x-50kpc
 0.086213  0.113836 -0.166674 2 555_12.05_10.64.x-50kpc
-0.314443  0.460617 -0.248965 2 587_11.92_10.33.x-50kpc
-0.135257  0.443307 -0.361409 2 600_11.80_10.15.x-50kpc
-0.199213  0.463444 -0.260147 2 612_12.11_10.71.x-50kpc
 0.137391 -0.049427 -0.324262 2 642_12.01_10.33.x-50kpc
 0.154518  0.038750 -0.460981 2 649_12.03_10.48.x-50kpc
 0.135418  0.142753 -0.151452 2 663_11.88_10.39.x-50kpc
 0.162063  0.294375 -0.232133 2 716_11.99_10.49.x-50kpc
 0.171638  0.315245 -0.227927 2 717_11.88_10.25.x-50kpc
 0.254130  0.332759 -0.245307 2 814_11.80_9.878.x-50kpc
 0.432716  0.349541 -0.361694 2 840_12.22_10.65.x-50kpc
 0.381285  0.376838 -0.319017 2 859_11.97_10.33.x-50kpc
 0.382358  0.356363 -0.238142 2 863_11.81_10.10.x-50kpc
 0.292037  0.421986 -0.198279 2 968_12.23_10.62.x-50kpc
-0.381453 -0.423155 -0.018373 2 999_12.07_10.39.x-50kpc
-0.315032 -0.304727  0.060105 2 1012_11.83_10.17.x-50kpc
-0.346324 -0.296471  0.081346 2 1014_11.87_10.29.x-50kpc
-0.271331 -0.322811  0.004231 2 1017_11.90_10.33.x-50kpc
-0.435346 -0.288951  0.149077 2 1027_11.78_10.32.x-50kpc
-0.368791 -0.447666  0.313809 2 1029_12.00_10.44.x-50kpc
-0.431597 -0.161229  0.362184 2 1140_11.76_9.903.x-50kpc
-0.342838 -0.173897  0.394395 2 1150_12.14_10.60.x-50kpc
-0.272005 -0.162308  0.425088 2 1164_11.87_10.24.x-50kpc
-0.191064 -0.289633 -0.018992 2 1184_12.07_10.43.x-50kpc
-0.130218 -0.461719  0.302790 2 1245_11.95_10.39.x-50kpc
-0.161825 -0.394606  0.308357 2 1246_11.76_10.18.x-50kpc
-0.183993 -0.216383  0.483305 2 1269_11.95_10.31.x-50kpc
-0.234734 -0.186279  0.458300 2 1307_11.98_10.35.x-50kpc
-0.194250 -0.194336  0.462531 2 1309_12.01_10.47.x-50kpc
-0.034371 -0.362921  0.032550 2 1334_11.82_10.20.x-50kpc
 0.373097 -0.142666  0.152442 2 1366_11.97_10.27.x-50kpc
 0.414618 -0.158698  0.202643 2 1392_12.04_10.58.x-50kpc
 0.063352 -0.370846  0.244655 2 1421_11.88_10.36.x-50kpc
 0.059084 -0.428166  0.473632 2 1422_11.83_10.33.x-50kpc
 0.086160 -0.344343  0.397555 2 1425_12.09_10.39.x-50kpc
 0.351449 -0.275616  0.371189 2 1448_11.88_10.18.x-50kpc
 0.175159 -0.322868  0.372225 2 1450_11.76_10.34.x-50kpc
 0.403520 -0.247656  0.358197 2 1465_12.09_10.66.x-50kpc
 0.405911 -0.383726  0.499865 2 1472_11.91_10.25.x-50kpc
 0.408179 -0.217961  0.345486 2 1480_11.78_10.18.x-50kpc
 0.396285 -0.220879  0.350363 2 1483_12.07_10.56.x-50kpc
-0.488356  0.427240 -0.058488 2 1529_12.02_10.56.x-50kpc
-0.381353  0.376769 -0.088577 2 1532_11.99_10.65.x-50kpc
-0.345510  0.391795 -0.084015 2 1533_11.87_10.20.x-50kpc
-0.217109  0.493071 -0.035642 2 1537_12.09_10.66.x-50kpc
 0.080153 -0.100375 -0.135446 2 1568_12.02_10.43.x-50kpc
 0.031774  0.015233 -0.113701 2 1583_11.89_10.37.x-50kpc
 0.013599  0.038110 -0.117365 2 1617_12.10_10.55.x-50kpc
-0.010043  0.089890  0.096972 2 1629_11.97_10.33.x-50kpc
-0.025796  0.093182  0.140723 2 1630_11.84_10.34.x-50kpc
-0.162300  0.038904  0.325582 2 1657_12.19_10.56.x-50kpc
-0.411822 -0.082575  0.364887 2 1695_11.84_10.20.x-50kpc
-0.394288  0.026221  0.367237 2 1717_11.85_9.963.x-50kpc
-0.172603 -0.090732  0.410199 2 1781_11.89_10.13.x-50kpc
-0.022505  0.010076  0.433248 2 1796_12.11_10.50.x-50kpc
-0.307530  0.345260  0.486838 2 1825_12.04_10.52.x-50kpc
-0.209613  0.270644  0.336471 2 1827_12.02_10.47.x-50kpc
-0.246293  0.251510  0.373659 2 1832_11.75_10.07.x-50kpc
 0.064872  0.267317  0.498361 2 1857_11.86_10.32.x-50kpc
-0.292226 -0.215929 -0.419041 2 8_11.83_10.25.x-90kpc
-0.282429 -0.188181 -0.468647 2 19_11.77_9.934.x-90kpc
-0.154912 -0.305798 -0.263022 2 84_12.13_10.74.x-90kpc
-0.052337 -0.299465 -0.375889 2 99_11.97_10.39.x-90kpc
-0.055849 -0.252330 -0.324501 2 112_11.91_10.33.x-90kpc
-0.107056 -0.306029 -0.266893 2 153_11.82_10.19.x-90kpc
-0.027913 -0.248717 -0.249652 2 245_12.00_10.15.x-90kpc
 0.030243 -0.281731 -0.250115 2 321_12.07_9.916.x-90kpc
 0.069325 -0.275344 -0.232618 2 325_11.89_10.15.x-90kpc
 0.375211 -0.316709 -0.392897 2 397_11.82_9.966.x-90kpc
 0.303698 -0.499678 -0.263609 2 418_11.83_10.44.x-90kpc
 0.340438 -0.462408 -0.263513 2 431_12.17_10.39.x-90kpc
 0.147708 -0.327711 -0.188466 2 433_11.77_9.873.x-90kpc
 0.182049 -0.447262 -0.148137 2 434_11.97_10.39.x-90kpc
 0.177924 -0.230761 -0.214402 2 463_11.82_9.800.x-90kpc
 0.404359 -0.365883 -0.279335 2 502_11.96_10.40.x-90kpc
 0.084613  0.113836 -0.166674 2 555_12.05_10.64.x-90kpc
-0.316043  0.460617 -0.248965 2 587_11.92_10.33.x-90kpc
-0.136857  0.443307 -0.361409 2 600_11.80_10.15.x-90kpc
-0.200813  0.463444 -0.260147 2 612_12.11_10.71.x-90kpc
 0.135791 -0.049427 -0.324262 2 642_12.01_10.33.x-90kpc
 0.152918  0.038750 -0.460981 2 649_12.03_10.48.x-90kpc
 0.133818  0.142753 -0.151452 2 663_11.88_10.39.x-90kpc
 0.160463  0.294375 -0.232133 2 716_11.99_10.49.x-90kpc
 0.170038  0.315245 -0.227927 2 717_11.88_10.25.x-90kpc
 0.252530  0.332759 -0.245307 2 814_11.80_9.878.x-90kpc
 0.431116  0.349541 -0.361694 2 840_12.22_10.65.x-90kpc
 0.379685  0.376838 -0.319017 2 859_11.97_10.33.x-90kpc
 0.380758  0.356363 -0.238142 2 863_11.81_10.10.x-90kpc
 0.290437  0.421986 -0.198279 2 968_12.23_10.62.x-90kpc
-0.383053 -0.423155 -0.018373 2 999_12.07_10.39.x-90kpc
-0.316632 -0.304727  0.060105 2 1012_11.83_10.17.x-90kpc
-0.347924 -0.296471  0.081346 2 1014_11.87_10.29.x-90kpc
-0.272931 -0.322811  0.004231 2 1017_11.90_10.33.x-90kpc
-0.436946 -0.288951  0.149077 2 1027_11.78_10.32.x-90kpc
-0.370391 -0.447666  0.313809 2 1029_12.00_10.44.x-90kpc
-0.433197 -0.161229  0.362184 2 1140_11.76_9.903.x-90kpc
-0.344438 -0.173897  0.394395 2 1150_12.14_10.60.x-90kpc
-0.273605 -0.162308  0.425088 2 1164_11.87_10.24.x-90kpc
-0.192664 -0.289633 -0.018992 2 1184_12.07_10.43.x-90kpc
-0.131818 -0.461719  0.302790 2 1245_11.95_10.39.x-90kpc
-0.163425 -0.394606  0.308357 2 1246_11.76_10.18.x-90kpc
-0.185593 -0.216383  0.483305 2 1269_11.95_10.31.x-90kpc
-0.236334 -0.186279  0.458300 2 1307_11.98_10.35.x-90kpc
-0.195850 -0.194336  0.462531 2 1309_12.01_10.47.x-90kpc
-0.035971 -0.362921  0.032550 2 1334_11.82_10.20.x-90kpc
 0.371497 -0.142666  0.152442 2 1366_11.97_10.27.x-90kpc
 0.413018 -0.158698  0.202643 2 1392_12.04_10.58.x-90kpc
 0.061752 -0.370846  0.244655 2 1421_11.88_10.36.x-90kpc
 0.057484 -0.428166  0.473632 2 1422_11.83_10.33.x-90kpc
 0.084560 -0.344343  0.397555 2 1425_12.09_10.39.x-90kpc
 0.349849 -0.275616  0.371189 2 1448_11.88_10.18.x-90kpc
 0.173559 -0.322868  0.372225 2 1450_11.76_10.34.x-90kpc
 0.401920 -0.247656  0.358197 2 1465_12.09_10.66.x-90kpc
 0.404311 -0.383726  0.499865 2 1472_11.91_10.25.x-90kpc
 0.406579 -0.217961  0.345486 2 1480_11.78_10.18.x-90kpc
 0.394685 -0.220879  0.350363 2 1483_12.07_10.56.x-90kpc
-0.489956  0.427240 -0.058488 2 1529_12.02_10.56.x-90kpc
-0.382953  0.376769 -0.088577 2 1532_11.99_10.65.x-90kpc
-0.347110  0.391795 -0.084015 2 1533_11.87_10.20.x-90kpc
-0.218709  0.493071 -0.035642 2 1537_12.09_10.66.x-90kpc
 0.078552 -0.100375 -0.135446 2 1568_12.02_10.43.x-90kpc
 0.030174  0.015233 -0.113701 2 1583_11.89_10.37.x-90kpc
 0.011999  0.038110 -0.117365 2 1617_12.10_10.55.x-90kpc
-0.011643  0.089890  0.096972 2 1629_11.97_10.33.x-90kpc
-0.027396  0.093182  0.140723 2 1630_11.84_10.34.x-90kpc
-0.163900  0.038904  0.325582 2 1657_12.19_10.56.x-90kpc
-0.413422 -0.082575  0.364887 2 1695_11.84_10.20.x-90kpc
-0.395888  0.026221  0.367237 2 1717_11.85_9.963.x-90kpc
-0.174203 -0.090732  0.410199 2 1781_11.89_10.13.x-90kpc
-0.024105  0.010076  0.433248 2 1796_12.11_10.50.x-90kpc
-0.309130  0.345260  0.486838 2 1825_12.04_10.52.x-90kpc
-0.211213  0.270644  0.336471 2 1827_12.02_10.47.x-90kpc
-0.247893  0.251510  0.373659 2 1832_11.75_10.07.x-90kpc
 0.063272  0.267317  0.498361 2 1857_11.86_10.32.x-90kpc
-0.293826 -0.215929 -0.419041 2 8_11.83_10.25.x-130kpc
-0.284029 -0.188181 -0.468647 2 19_11.77_9.934.x-130kpc
-0.156512 -0.305798 -0.263022 2 84_12.13_10.74.x-130kpc
-0.053937 -0.299465 -0.375889 2 99_11.97_10.39.x-130kpc
-0.057449 -0.252330 -0.324501 2 112_11.91_10.33.x-130kpc
-0.108656 -0.306029 -0.266893 2 153_11.82_10.19.x-130kpc
-0.029513 -0.248717 -0.249652 2 245_12.00_10.15.x-130kpc
 0.028643 -0.281731 -0.250115 2 321_12.07_9.916.x-130kpc
 0.067725 -0.275344 -0.232618 2 325_11.89_10.15.x-130kpc
 0.373611 -0.316709 -0.392897 2 397_11.82_9.966.x-130kpc
 0.302098 -0.499678 -0.263609 2 418_11.83_10.44.x-130kpc
 0.338838 -0.462408 -0.263513 2 431_12.17_10.39.x-130kpc
 0.146108 -0.327711 -0.188466 2 433_11.77_9.873.x-130kpc
 0.180449 -0.447262 -0.148137 2 434_11.97_10.39.x-130kpc
 0.176324 -0.230761 -0.214402 2 463_11.82_9.800.x-130kpc
 0.402759 -0.365883 -0.279335 2 502_11.96_10.40.x-130kpc
 0.083013  0.113836 -0.166674 2 555_12.05_10.64.x-130kpc
-0.317643  0.460617 -0.248965 2 587_11.92_10.33.x-130kpc
-0.138457  0.443307 -0.361409 2 600_11.80_10.15.x-130kpc
-0.202413  0.463444 -0.260147 2 612_12.11_10.71.x-130kpc
 0.134191 -0.049427 -0.324262 2 642_12.01_10.33.x-130kpc
 0.151318  0.038750 -0.460981 2 649_12.03_10.48.x-130kpc
 0.132218  0.142753 -0.151452 2 663_11.88_10.39.x-130kpc
 0.158863  0.294375 -0.232133 2 716_11.99_10.49.x-130kpc
 0.168438  0.315245 -0.227927 2 717_11.88_10.25.x-130kpc
 0.250930  0.332759 -0.245307 2 814_11.80_9.878.x-130kpc
 0.429516  0.349541 -0.361694 2 840_12.22_10.65.x-130kpc
 0.378085  0.376838 -0.319017 2 859_11.97_10.33.x-130kpc
 0.379158  0.356363 -0.238142 2 863_11.81_10.10.x-130kpc
 0.288837  0.421986 -0.198279 2 968_12.23_10.62.x-130kpc
-0.384653 -0.423155 -0.018373 2 999_12.07_10.39.x-130kpc
-0.318232 -0.304727  0.060105 2 1012_11.83_10.17.x-130kpc
-0.349524 -0.296471  0.081346 2 1014_11.87_10.29.x-130kpc
-0.274531 -0.322811  0.004231 2 1017_11.90_10.33.x-130kpc
-0.438546 -0.288951  0.149077 2 1027_11.78_10.32.x-130kpc
-0.371991 -0.447666  0.313809 2 1029_12.00_10.44.x-130kpc
-0.434797 -0.161229  0.362184 2 1140_11.76_9.903.x-130kpc
-0.346038 -0.173897  0.394395 2 1150_12.14_10.60.x-130kpc
-0.275205 -0.162308  0.425088 2 1164_11.87_10.24.x-130kpc
-0.194264 -0.289633 -0.018992 2 1184_12.07_10.43.x-130kpc
-0.133418 -0.461719  0.302790 2 1245_11.95_10.39.x-130kpc
-0.165025 -0.394606  0.308357 2 1246_11.76_10.18.x-130kpc
-0.187193 -0.216383  0.483305 2 1269_11.95_10.31.x-130kpc
-0.237934 -0.186279  0.458300 2 1307_11.98_10.35.x-130kpc
-0.197450 -0.194336  0.462531 2 1309_12.01_10.47.x-130kpc
-0.037571 -0.362921  0.032550 2 1334_11.82_10.20.x-130kpc
 0.369897 -0.142666  0.152442 2 1366_11.97_10.27.x-130kpc
 0.411418 -0.158698  0.202643 2 1392_12.04_10.58.x-130kpc
 0.060152 -0.370846  0.244655 2 1421_11.88_10.36.x-130kpc
 0.055884 -0.428166  0.473632 2 1422_11.83_10.33.x-130kpc
 0.082960 -0.344343  0.397555 2 1425_12.09_10.39.x-130kpc
 0.348249 -0.275616  0.371189 2 1448_11.88_10.18.x-130kpc
 0.171959 -0.322868  0.372225 2 1450_11.76_10.34.x-130kpc
 0.400320 -0.247656  0.358197 2 1465_12.09_10.66.x-130kpc
 0.402711 -0.383726  0.499865 2 1472_11.91_10.25.x-130kpc
 0.404979 -0.217961  0.345486 2 1480_11.78_10.18.x-130kpc
 0.393085 -0.220879  0.350363 2 1483_12.07_10.56.x-130kpc
-0.491556  0.427240 -0.058488 2 1529_12.02_10.56.x-130kpc
-0.384553  0.376769 -0.088577 2 1532_11.99_10.65.x-130kpc
-0.348710  0.391795 -0.084015 2 1533_11.87_10.20.x-130kpc
-0.220309  0.493071 -0.035642 2 1537_12.09_10.66.x-130kpc
 0.076953 -0.100375 -0.135446 2 1568_12.02_10.43.x-130kpc
 0.028574  0.015233 -0.113701 2 1583_11.89_10.37.x-130kpc
 0.010399  0.038110 -0.117365 2 1617_12.10_10.55.x-130kpc
-0.013243  0.089890  0.096972 2 1629_11.97_10.33.x-130kpc
-0.028996  0.093182  0.140723 2 1630_11.84_10.34.x-130kpc
-0.165500  0.038904  0.325582 2 1657_12.19_10.56.x-130kpc
-0.415022 -0.082575  0.364887 2 1695_11.84_10.20.x-130kpc
-0.397488  0.026221  0.367237 2 1717_11.85_9.963.x-130kpc
-0.175803 -0.090732  0.410199 2 1781_11.89_10.13.x-130kpc
-0.025705  0.010076  0.433248 2 1796_12.11_10.50.x-130kpc
-0.310730  0.345260  0.486838 2 1825_12.04_10.52.x-130kpc
-0.212813  0.270644  0.336471 2 1827_12.02_10.47.x-130kpc
-0.249493  0.251510  0.373659 2 1832_11.75_10.07.x-130kpc
 0.061672  0.267317  0.498361 2 1857_11.86_10.32.x-130kpc
-0.295426 -0.215929 -0.419041 2 8_11.83_10.25.x-170kpc
-0.285629 -0.188181 -0.468647 2 19_11.77_9.934.x-170kpc
-0.158112 -0.305798 -0.263022 2 84_12.13_10.74.x-170kpc
-0.055537 -0.299465 -0.375889 2 99_11.97_10.39.x-170kpc
-0.059049 -0.252330 -0.324501 2 112_11.91_10.33.x-170kpc
-0.110256 -0.306029 -0.266893 2 153_11.82_10.19.x-170kpc
-0.031113 -0.248717 -0.249652 2 245_12.00_10.15.x-170kpc
 0.027043 -0.281731 -0.250115 2 321_12.07_9.916.x-170kpc
 0.066125 -0.275344 -0.232618 2 325_11.89_10.15.x-170kpc
 0.372011 -0.316709 -0.392897 2 397_11.82_9.966.x-170kpc
 0.300498 -0.499678 -0.263609 2 418_11.83_10.44.x-170kpc
 0.337238 -0.462408 -0.263513 2 431_12.17_10.39.x-170kpc
 0.144508 -0.327711 -0.188466 2 433_11.77_9.873.x-170kpc
 0.178849 -0.447262 -0.148137 2 434_11.97_10.39.x-170kpc
 0.174724 -0.230761 -0.214402 2 463_11.82_9.800.x-170kpc
 0.401159 -0.365883 -0.279335 2 502_11.96_10.40.x-170kpc
 0.081413  0.113836 -0.166674 2 555_12.05_10.64.x-170kpc
-0.319243  0.460617 -0.248965 2 587_11.92_10.33.x-170kpc
-0.140057  0.443307 -0.361409 2 600_11.80_10.15.x-170kpc
-0.204013  0.463444 -0.260147 2 612_12.11_10.71.x-170kpc
 0.132591 -0.049427 -0.324262 2 642_12.01_10.33.x-170kpc
 0.149718  0.038750 -0.460981 2 649_12.03_10.48.x-170kpc
 0.130618  0.142753 -0.151452 2 663_11.88_10.39.x-170kpc
 0.157263  0.294375 -0.232133 2 716_11.99_10.49.x-170kpc
 0.166838  0.315245 -0.227927 2 717_11.88_10.25.x-170kpc
 0.249330  0.332759 -0.245307 2 814_11.80_9.878.x-170kpc
 0.427916  0.349541 -0.361694 2 840_12.22_10.65.x-170kpc
 0.376485  0.376838 -0.319017 2 859_11.97_10.33.x-170kpc
 0.377558  0.356363 -0.238142 2 863_11.81_10.10.x-170kpc
 0.287237  0.421986 -0.198279 2 968_12.23_10.62.x-170kpc
-0.386253 -0.423155 -0.018373 2 999_12.07_10.39.x-170kpc
-0.319832 -0.304727  0.060105 2 1012_11.83_10.17.x-170kpc
-0.351124 -0.296471  0.081346 2 1014_11.87_10.29.x-170kpc
-0.276131 -0.322811  0.004231 2 1017_11.90_10.33.x-170kpc
-0.440146 -0.288951  0.149077 2 1027_11.78_10.32.x-170kpc
-0.373591 -0.447666  0.313809 2 1029_12.00_10.44.x-170kpc
-0.436397 -0.161229  0.362184 2 1140_11.76_9.903.x-170kpc
-0.347638 -0.173897  0.394395 2 1150_12.14_10.60.x-170kpc
-0.276805 -0.162308  0.425088 2 1164_11.87_10.24.x-170kpc
-0.195864 -0.289633 -0.018992 2 1184_12.07_10.43.x-170kpc
-0.135018 -0.461719  0.302790 2 1245_11.95_10.39.x-170kpc
-0.166625 -0.394606  0.308357 2 1246_11.76_10.18.x-170kpc
-0.188793 -0.216383  0.483305 2 1269_11.95_10.31.x-170kpc
-0.239534 -0.186279  0.458300 2 1307_11.98_10.35.x-170kpc
-0.199050 -0.194336  0.462531 2 1309_12.01_10.47.x-170kpc
-0.039171 -0.362921  0.032550 2 1334_11.82_10.20.x-170kpc
 0.368297 -0.142666  0.152442 2 1366_11.97_10.27.x-170kpc
 0.409818 -0.158698  0.202643 2 1392_12.04_10.58.x-170kpc
 0.058552 -0.370846  0.244655 2 1421_11.88_10.36.x-170kpc
 0.054284 -0.428166  0.473632 2 1422_11.83_10.33.x-170kpc
 0.081360 -0.344343  0.397555 2 1425_12.09_10.39.x-170kpc
 0.346649 -0.275616  0.371189 2 1448_11.88_10.18.x-170kpc
 0.170359 -0.322868  0.372225 2 1450_11.76_10.34.x-170kpc
 0.398720 -0.247656  0.358197 2 1465_12.09_10.66.x-170kpc
 0.401111 -0.383726  0.499865 2 1472_11.91_10.25.x-170kpc
 0.403379 -0.217961  0.345486 2 1480_11.78_10.18.x-170kpc
 0.391485 -0.220879  0.350363 2 1483_12.07_10.56.x-170kpc
-0.493156  0.427240 -0.058488 2 1529_12.02_10.56.x-170kpc
-0.386153  0.376769 -0.088577 2 1532_11.99_10.65.x-170kpc
-0.350310  0.391795 -0.084015 2 1533_11.87_10.20.x-170kpc
-0.221909  0.493071 -0.035642 2 1537_12.09_10.66.x-170kpc
 0.075353 -0.100375 -0.135446 2 1568_12.02_10.43.x-170kpc
 0.026974  0.015233 -0.113701 2 1583_11.89_10.37.x-170kpc
 0.008799  0.038110 -0.117365 2 1617_12.10_10.55.x-170kpc
-0.014843  0.089890  0.096972 2 1629_11.97_10.33.x-170kpc
-0.030596  0.093182  0.140723 2 1630_11.84_10.34.x-170kpc
-0.167100  0.038904  0.325582 2 1657_12.19_10.56.x-170kpc
-0.416622 -0.082575  0.364887 2 1695_11.84_10.20.x-170kpc
-0.399088  0.026221  0.367237 2 1717_11.85_9.963.x-170kpc
-0.177403 -0.090732  0.410199 2 1781_11.89_10.13.x-170kpc
-0.027305  0.010076  0.433248 2 1796_12.11_10.50.x-170kpc
-0.312330  0.345260  0.486838 2 1825_12.04_10.52.x-170kpc
-0.214413  0.270644  0.336471 2 1827_12.02_10.47.x-170kpc
-0.251093  0.251510  0.373659 2 1832_11.75_10.07.x-170kpc
 0.060072  0.267317  0.498361 2 1857_11.86_10.32.x-170kpc
-0.297026 -0.215929 -0.419041 2 8_11.83_10.25.x-210kpc
-0.287229 -0.188181 -0.468647 2 19_11.77_9.934.x-210kpc
-0.159712 -0.305798 -0.263022 2 84_12.13_10.74.x-210kpc
-0.057137 -0.299465 -0.375889 2 99_11.97_10.39.x-210kpc
-0.060649 -0.252330 -0.324501 2 112_11.91_10.33.x-210kpc
-0.111856 -0.306029 -0.266893 2 153_11.82_10.19.x-210kpc
-0.032713 -0.248717 -0.249652 2 245_12.00_10.15.x-210kpc
 0.025443 -0.281731 -0.250115 2 321_12.07_9.916.x-210kpc
 0.064525 -0.275344 -0.232618 2 325_11.89_10.15.x-210kpc
 0.370411 -0.316709 -0.392897 2 397_11.82_9.966.x-210kpc
 0.298898 -0.499678 -0.263609 2 418_11.83_10.44.x-210kpc
 0.335638 -0.462408 -0.263513 2 431_12.17_10.39.x-210kpc
 0.142908 -0.327711 -0.188466 2 433_11.77_9.873.x-210kpc
 0.177249 -0.447262 -0.148137 2 434_11.97_10.39.x-210kpc
 0.173124 -0.230761 -0.214402 2 463_11.82_9.800.x-210kpc
 0.399559 -0.365883 -0.279335 2 502_11.96_10.40.x-210kpc
 0.079813  0.113836 -0.166674 2 555_12.05_10.64.x-210kpc
-0.320843  0.460617 -0.248965 2 587_11.92_10.33.x-210kpc
-0.141657  0.443307 -0.361409 2 600_11.80_10.15.x-210kpc
-0.205613  0.463444 -0.260147 2 612_12.11_10.71.x-210kpc
 0.130991 -0.049427 -0.324262 2 642_12.01_10.33.x-210kpc
 0.148118  0.038750 -0.460981 2 649_12.03_10.48.x-210kpc
 0.129018  0.142753 -0.151452 2 663_11.88_10.39.x-210kpc
 0.155663  0.294375 -0.232133 2 716_11.99_10.49.x-210kpc
 0.165238  0.315245 -0.227927 2 717_11.88_10.25.x-210kpc
 0.247730  0.332759 -0.245307 2 814_11.80_9.878.x-210kpc
 0.426316  0.349541 -0.361694 2 840_12.22_10.65.x-210kpc
 0.374885  0.376838 -0.319017 2 859_11.97_10.33.x-210kpc
 0.375958  0.356363 -0.238142 2 863_11.81_10.10.x-210kpc
 0.285637  0.421986 -0.198279 2 968_12.23_10.62.x-210kpc
-0.387853 -0.423155 -0.018373 2 999_12.07_10.39.x-210kpc
-0.321432 -0.304727  0.060105 2 1012_11.83_10.17.x-210kpc
-0.352724 -0.296471  0.081346 2 1014_11.87_10.29.x-210kpc
-0.277731 -0.322811  0.004231 2 1017_11.90_10.33.x-210kpc
-0.441746 -0.288951  0.149077 2 1027_11.78_10.32.x-210kpc
-0.375191 -0.447666  0.313809 2 1029_12.00_10.44.x-210kpc
-0.437997 -0.161229  0.362184 2 1140_11.76_9.903.x-210kpc
-0.349238 -0.173897  0.394395 2 1150_12.14_10.60.x-210kpc
-0.278405 -0.162308  0.425088 2 1164_11.87_10.24.x-210kpc
-0.197464 -0.289633 -0.018992 2 1184_12.07_10.43.x-210kpc
-0.136618 -0.461719  0.302790 2 1245_11.95_10.39.x-210kpc
-0.168225 -0.394606  0.308357 2 1246_11.76_10.18.x-210kpc
-0.190393 -0.216383  0.483305 2 1269_11.95_10.31.x-210kpc
-0.241134 -0.186279  0.458300 2 1307_11.98_10.35.x-210kpc
-0.200650 -0.194336  0.462531 2 1309_12.01_10.47.x-210kpc
-0.040771 -0.362921  0.032550 2 1334_11.82_10.20.x-210kpc
 0.366697 -0.142666  0.152442 2 1366_11.97_10.27.x-210kpc
 0.408218 -0.158698  0.202643 2 1392_12.04_10.58.x-210kpc
 0.056952 -0.370846  0.244655 2 1421_11.88_10.36.x-210kpc
 0.052684 -0.428166  0.473632 2 1422_11.83_10.33.x-210kpc
 0.079760 -0.344343  0.397555 2 1425_12.09_10.39.x-210kpc
 0.345049 -0.275616  0.371189 2 1448_11.88_10.18.x-210kpc
 0.168759 -0.322868  0.372225 2 1450_11.76_10.34.x-210kpc
 0.397120 -0.247656  0.358197 2 1465_12.09_10.66.x-210kpc
 0.399511 -0.383726  0.499865 2 1472_11.91_10.25.x-210kpc
 0.401779 -0.217961  0.345486 2 1480_11.78_10.18.x-210kpc
 0.389885 -0.220879  0.350363 2 1483_12.07_10.56.x-210kpc
-0.494756  0.427240 -0.058488 2 1529_12.02_10.56.x-210kpc
-0.387753  0.376769 -0.088577 2 1532_11.99_10.65.x-210kpc
-0.351910  0.391795 -0.084015 2 1533_11.87_10.20.x-210kpc
-0.223509  0.493071 -0.035642 2 1537_12.09_10.66.x-210kpc
 0.073752 -0.100375 -0.135446 2 1568_12.02_10.43.x-210kpc
 0.025374  0.015233 -0.113701 2 1583_11.89_10.37.x-210kpc
 0.007199  0.038110 -0.117365 2 1617_12.10_10.55.x-210kpc
-0.016443  0.089890  0.096972 2 1629_11.97_10.33.x-210kpc
-0.032196  0.093182  0.140723 2 1630_11.84_10.34.x-210kpc
-0.168700  0.038904  0.325582 2 1657_12.19_10.56.x-210kpc
-0.418222 -0.082575  0.364887 2 1695_11.84_10.20.x-210kpc
-0.400688  0.026221  0.367237 2 1717_11.85_9.963.x-210kpc
-0.179003 -0.090732  0.410199 2 1781_11.89_10.13.x-210kpc
-0.028905  0.010076  0.433248 2 1796_12.11_10.50.x-210kpc
-0.313930  0.345260  0.486838 2 1825_12.04_10.52.x-210kpc
-0.216013  0.270644  0.336471 2 1827_12.02_10.47.x-210kpc
-0.252693  0.251510  0.373659 2 1832_11.75_10.07.x-210kpc
 0.058472  0.267317  0.498361 2 1857_11.86_10.32.x-210kpc
-0.298626 -0.215929 -0.419041 2 8_11.83_10.25.x-250kpc
-0.288829 -0.188181 -0.468647 2 19_11.77_9.934.x-250kpc
-0.161312 -0.305798 -0.263022 2 84_12.13_10.74.x-250kpc
-0.058737 -0.299465 -0.375889 2 99_11.97_10.39.x-250kpc
-0.062249 -0.252330 -0.324501 2 112_11.91_10.33.x-250kpc
-0.113456 -0.306029 -0.266893 2 153_11.82_10.19.x-250kpc
-0.034313 -0.248717 -0.249652 2 245_12.00_10.15.x-250kpc
 0.023843 -0.281731 -0.250115 2 321_12.07_9.916.x-250kpc
 0.062925 -0.275344 -0.232618 2 325_11.89_10.15.x-250kpc
 0.368811 -0.316709 -0.392897 2 397_11.82_9.966.x-250kpc
 0.297298 -0.499678 -0.263609 2 418_11.83_10.44.x-250kpc
 0.334038 -0.462408 -0.263513 2 431_12.17_10.39.x-250kpc
 0.141308 -0.327711 -0.188466 2 433_11.77_9.873.x-250kpc
 0.175649 -0.447262 -0.148137 2 434_11.97_10.39.x-250kpc
 0.171524 -0.230761 -0.214402 2 463_11.82_9.800.x-250kpc
 0.397959 -0.365883 -0.279335 2 502_11.96_10.40.x-250kpc
 0.078213  0.113836 -0.166674 2 555_12.05_10.64.x-250kpc
-0.322443  0.460617 -0.248965 2 587_11.92_10.33.x-250kpc
-0.143257  0.443307 -0.361409 2 600_11.80_10.15.x-250kpc
-0.207213  0.463444 -0.260147 2 612_12.11_10.71.x-250kpc
 0.129391 -0.049427 -0.324262 2 642_12.01_10.33.x-250kpc
 0.146518  0.038750 -0.460981 2 649_12.03_10.48.x-250kpc
 0.127418  0.142753 -0.151452 2 663_11.88_10.39.x-250kpc
 0.154063  0.294375 -0.232133 2 716_11.99_10.49.x-250kpc
 0.163638  0.315245 -0.227927 2 717_11.88_10.25.x-250kpc
 0.246130  0.332759 -0.245307 2 814_11.80_9.878.x-250kpc
 0.424716  0.349541 -0.361694 2 840_12.22_10.65.x-250kpc
 0.373285  0.376838 -0.319017 2 859_11.97_10.33.x-250kpc
 0.374358  0.356363 -0.238142 2 863_11.81_10.10.x-250kpc
 0.284037  0.421986 -0.198279 2 968_12.23_10.62.x-250kpc
-0.389453 -0.423155 -0.018373 2 999_12.07_10.39.x-250kpc
-0.323032 -0.304727  0.060105 2 1012_11.83_10.17.x-250kpc
-0.354324 -0.296471  0.081346 2 1014_11.87_10.29.x-250kpc
-0.279331 -0.322811  0.004231 2 1017_11.90_10.33.x-250kpc
-0.443346 -0.288951  0.149077 2 1027_11.78_10.32.x-250kpc
-0.376791 -0.447666  0.313809 2 1029_12.00_10.44.x-250kpc
-0.439597 -0.161229  0.362184 2 1140_11.76_9.903.x-250kpc
-0.350838 -0.173897  0.394395 2 1150_12.14_10.60.x-250kpc
-0.280005 -0.162308  0.425088 2 1164_11.87_10.24.x-250kpc
-0.199064 -0.289633 -0.018992 2 1184_12.07_10.43.x-250kpc
-0.138218 -0.461719  0.302790 2 1245_11.95_10.39.x-250kpc
-0.169825 -0.394606  0.308357 2 1246_11.76_10.18.x-250kpc
-0.191993 -0.216383  0.483305 2 1269_11.95_10.31.x-250kpc
-0.242734 -0.186279  0.458300 2 1307_11.98_10.35.x-250kpc
-0.202250 -0.194336  0.462531 2 1309_12.01_10.47.x-250kpc
-0.042371 -0.362921  0.032550 2 1334_11.82_10.20.x-250kpc
 0.365097 -0.142666  0.152442 2 1366_11.97_10.27.x-250kpc
 0.406618 -0.158698  0.202643 2 1392_12.04_10.58.x-250kpc
 0.055352 -0.370846  0.244655 2 1421_11.88_10.36.x-250kpc
 0.051084 -0.428166  0.473632 2 1422_11.83_10.33.x-250kpc
 0.078160 -0.344343  0.397555 2 1425_12.09_10.39.x-250kpc
 0.343449 -0.275616  0.371189 2 1448_11.88_10.18.x-250kpc
 0.167159 -0.322868  0.372225 2 1450_11.76_10.34.x-250kpc
 0.395520 -0.247656  0.358197 2 1465_12.09_10.66.x-250kpc
 0.397911 -0.383726  0.499865 2 1472_11.91_10.25.x-250kpc
 0.400179 -0.217961  0.345486 2 1480_11.78_10.18.x-250kpc
 0.388285 -0.220879  0.350363 2 1483_12.07_10.56.x-250kpc
-0.496356  0.427240 -0.058488 2 1529_12.02_10.56.x-250kpc
-0.389353  0.376769 -0.088577 2 1532_11.99_10.65.x-250kpc
-0.353510  0.391795 -0.084015 2 1533_11.87_10.20.x-250kpc
-0.225109  0.493071 -0.035642 2 1537_12.09_10.66.x-250kpc
 0.072153 -0.100375 -0.135446 2 1568_12.02_10.43.x-250kpc
 0.023774  0.015233 -0.113701 2 1583_11.89_10.37.x-250kpc
 0.005599  0.038110 -0.117365 2 1617_12.10_10.55.x-250kpc
-0.018043  0.089890  0.096972 2 1629_11.97_10.33.x-250kpc
-0.033796  0.093182  0.140723 2 1630_11.84_10.34.x-250kpc
-0.170300  0.038904  0.325582 2 1657_12.19_10.56.x-250kpc
-0.419822 -0.082575  0.364887 2 1695_11.84_10.20.x-250kpc
-0.402288  0.026221  0.367237 2 1717_11.85_9.963.x-250kpc
-0.180603 -0.090732  0.410199 2 1781_11.89_10.13.x-250kpc
-0.030505  0.010076  0.433248 2 1796_12.11_10.50.x-250kpc
-0.315530  0.345260  0.486838 2 1825_12.04_10.52.x-250kpc
-0.217613  0.270644  0.336471 2 1827_12.02_10.47.x-250kpc
-0.254293  0.251510  0.373659 2 1832_11.75_10.07.x-250kpc
 0.056872  0.267317  0.498361 2 1857_11.86_10.32.x-250kpc
-0.300226 -0.215929 -0.419041 2 8_11.83_10.25.x-290kpc
-0.290429 -0.188181 -0.468647 2 19_11.77_9.934.x-290kpc
-0.162912 -0.305798 -0.263022 2 84_12.13_10.74.x-290kpc
-0.060337 -0.299465 -0.375889 2 99_11.97_10.39.x-290kpc
-0.063849 -0.252330 -0.324501 2 112_11.91_10.33.x-290kpc
-0.115056 -0.306029 -0.266893 2 153_11.82_10.19.x-290kpc
-0.035913 -0.248717 -0.249652 2 245_12.00_10.15.x-290kpc
 0.022243 -0.281731 -0.250115 2 321_12.07_9.916.x-290kpc
 0.061325 -0.275344 -0.232618 2 325_11.89_10.15.x-290kpc
 0.367211 -0.316709 -0.392897 2 397_11.82_9.966.x-290kpc
 0.295698 -0.499678 -0.263609 2 418_11.83_10.44.x-290kpc
 0.332438 -0.462408 -0.263513 2 431_12.17_10.39.x-290kpc
 0.139708 -0.327711 -0.188466 2 433_11.77_9.873.x-290kpc
 0.174049 -0.447262 -0.148137 2 434_11.97_10.39.x-290kpc
 0.169924 -0.230761 -0.214402 2 463_11.82_9.800.x-290kpc
 0.396359 -0.365883 -0.279335 2 502_11.96_10.40.x-290kpc
 0.076613  0.113836 -0.166674 2 555_12.05_10.64.x-290kpc
-0.324043  0.460617 -0.248965 2 587_11.92_10.33.x-290kpc
-0.144857  0.443307 -0.361409 2 600_11.80_10.15.x-290kpc
-0.208813  0.463444 -0.260147 2 612_12.11_10.71.x-290kpc
 0.127791 -0.049427 -0.324262 2 642_12.01_10.33.x-290kpc
 0.144918  0.038750 -0.460981 2 649_12.03_10.48.x-290kpc
 0.125818  0.142753 -0.151452 2 663_11.88_10.39.x-290kpc
 0.152463  0.294375 -0.232133 2 716_11.99_10.49.x-290kpc
 0.162038  0.315245 -0.227927 2 717_11.88_10.25.x-290kpc
 0.244530  0.332759 -0.245307 2 814_11.80_9.878.x-290kpc
 0.423116  0.349541 -0.361694 2 840_12.22_10.65.x-290kpc
 0.371685  0.376838 -0.319017 2 859_11.97_10.33.x-290kpc
 0.372758  0.356363 -0.238142 2 863_11.81_10.10.x-290kpc
 0.282437  0.421986 -0.198279 2 968_12.23_10.62.x-290kpc
-0.391053 -0.423155 -0.018373 2 999_12.07_10.39.x-290kpc
-0.324632 -0.304727  0.060105 2 1012_11.83_10.17.x-290kpc
-0.355924 -0.296471  0.081346 2 1014_11.87_10.29.x-290kpc
-0.280931 -0.322811  0.004231 2 1017_11.90_10.33.x-290kpc
-0.444946 -0.288951  0.149077 2 1027_11.78_10.32.x-290kpc
-0.378391 -0.447666  0.313809 2 1029_12.00_10.44.x-290kpc
-0.441197 -0.161229  0.362184 2 1140_11.76_9.903.x-290kpc
-0.352438 -0.173897  0.394395 2 1150_12.14_10.60.x-290kpc
-0.281605 -0.162308  0.425088 2 1164_11.87_10.24.x-290kpc
-0.200664 -0.289633 -0.018992 2 1184_12.07_10.43.x-290kpc
-0.139818 -0.461719  0.302790 2 1245_11.95_10.39.x-290kpc
-0.171425 -0.394606  0.308357 2 1246_11.76_10.18.x-290kpc
-0.193593 -0.216383  0.483305 2 1269_11.95_10.31.x-290kpc
-0.244334 -0.186279  0.458300 2 1307_11.98_10.35.x-290kpc
-0.203850 -0.194336  0.462531 2 1309_12.01_10.47.x-290kpc
-0.043971 -0.362921  0.032550 2 1334_11.82_10.20.x-290kpc
 0.363497 -0.142666  0.152442 2 1366_11.97_10.27.x-290kpc
 0.405018 -0.158698  0.202643 2 1392_12.04_10.58.x-290kpc
 0.053752 -0.370846  0.244655 2 1421_11.88_10.36.x-290kpc
 0.049484 -0.428166  0.473632 2 1422_11.83_10.33.x-290kpc
 0.076560 -0.344343  0.397555 2 1425_12.09_10.39.x-290kpc
 0.341849 -0.275616  0.371189 2 1448_11.88_10.18.x-290kpc
 0.165559 -0.322868  0.372225 2 1450_11.76_10.34.x-290kpc
 0.393920 -0.247656  0.358197 2 1465_12.09_10.66.x-290kpc
 0.396311 -0.383726  0.499865 2 1472_11.91_10.25.x-290kpc
 0.398579 -0.217961  0.345486 2 1480_11.78_10.18.x-290kpc
 0.386685 -0.220879  0.350363 2 1483_12.07_10.56.x-290kpc
-0.497956  0.427240 -0.058488 2 1529_12.02_10.56.x-290kpc
-0.390953  0.376769 -0.088577 2 1532_11.99_10.65.x-290kpc
-0.355110  0.391795 -0.084015 2 1533_11.87_10.20.x-290kpc
-0.226709  0.493071 -0.035642 2 1537_12.09_10.66.x-290kpc
 0.070553 -0.100375 -0.135446 2 1568_12.02_10.43.x-290kpc
 0.022174  0.015233 -0.113701 2 1583_11.89_10.37.x-290kpc
 0.003999  0.038110 -0.117365 2 1617_12.10_10.55.x-290kpc
-0.019643  0.089890  0.096972 2 1629_11.97_10.33.x-290kpc
-0.035396  0.093182  0.140723 2 1630_11.84_10.34.x-290kpc
-0.171900  0.038904  0.325582 2 1657_12.19_10.56.x-290kpc
-0.421422 -0.082575  0.364887 2 1695_11.84_10.20.x-290kpc
-0.403888  0.026221  0.367237 2 1717_11.85_9.963.x-290kpc
-0.182203 -0.090732  0.410199 2 1781_11.89_10.13.x-290kpc
-0.032105  0.010076  0.433248 2 1796_12.11_10.50.x-290kpc
-0.317130  0.345260  0.486838 2 1825_12.04_10.52.x-290kpc
-0.219213  0.270644  0.336471 2 1827_12.02_10.47.x-290kpc
-0.255893  0.251510  0.373659 2 1832_11.75_10.07.x-290kpc
 0.055272  0.267317  0.498361 2 1857_11.86_10.32.x-290kpc
