-0.049074 -0.299508 -0.376638 2 27_11.98_10.45.x+10kpc
-0.379102 -0.422387 -0.017719 2 265_12.07_10.59.x+10kpc
-0.151914 -0.305881 -0.262571 2 302_12.12_10.54.x+10kpc
-0.189595 -0.290323 -0.019468 2 354_12.06_10.39.x+10kpc
-0.268949 -0.323289  0.003541 2 377_11.89_10.26.x+10kpc
-0.313090 -0.304321  0.059515 2 395_11.83_10.21.x+10kpc
-0.104547 -0.306651 -0.267047 2 440_11.83_10.17.x+10kpc
-0.031935 -0.363107  0.031460 2 497_11.82_10.10.x+10kpc
-0.290402 -0.217300 -0.418708 2 521_11.81_10.19.x+10kpc
-0.052345 -0.252101 -0.325343 2 781_11.89_10.37.x+10kpc
-0.024516 -0.249307 -0.249572 2 856_12.03_10.10.x+10kpc
 0.034394 -0.279062 -0.247916 2 875_12.05_9.846.x+10kpc
-0.278637 -0.188912 -0.467967 2 909_11.77_9.868.x+10kpc
 0.015278  0.037571 -0.117903 2 1095_12.10_10.47.x+10kpc
 0.033156  0.014182 -0.113999 2 1111_11.88_10.29.x+10kpc
-0.464955  0.058732 -0.205231 2 1152_11.75_9.900.x+10kpc
-0.378312  0.375422 -0.090144 2 1211_11.98_10.55.x+10kpc
-0.343347  0.391224 -0.085014 2 1214_11.86_10.18.x+10kpc
-0.197836  0.463309 -0.260179 2 1292_12.10_10.69.x+10kpc
-0.133239  0.442569 -0.361093 2 1294_11.78_10.17.x+10kpc
-0.313136  0.459620 -0.248981 2 1381_11.91_10.25.x+10kpc
-0.484703  0.426683 -0.059384 2 1406_11.98_10.52.x+10kpc
-0.215544  0.492292 -0.035894 2 1448_12.10_10.67.x+10kpc
-0.433515 -0.289466  0.148068 2 1471_11.78_10.23.x+10kpc
-0.343697 -0.296438  0.080469 2 1477_11.86_10.17.x+10kpc
-0.366522 -0.448180  0.313486 2 1497_12.00_10.45.x+10kpc
-0.159688 -0.394850  0.307564 2 1812_11.75_10.14.x+10kpc
-0.128750 -0.463029  0.301953 2 1843_11.96_10.42.x+10kpc
-0.182325 -0.216208  0.482710 2 1974_11.96_10.41.x+10kpc
-0.232867 -0.185836  0.457816 2 2000_11.97_10.28.x+10kpc
-0.193355 -0.193847  0.461466 2 2007_12.01_10.39.x+10kpc
-0.409426 -0.083266  0.363889 2 2062_11.84_9.923.x+10kpc
-0.391370  0.025883  0.367499 2 2094_11.84_10.00.x+10kpc
-0.340622 -0.173628  0.394229 2 2149_12.14_10.60.x+10kpc
-0.386666 -0.173761  0.425875 2 2150_11.75_10.06.x+10kpc
-0.159727  0.038612  0.325082 2 2273_12.20_10.50.x+10kpc
-0.269167 -0.162447  0.424932 2 2287_11.86_10.20.x+10kpc
-0.170490 -0.090356  0.408833 2 2329_11.89_10.02.x+10kpc
-0.019860  0.009362  0.431969 2 2405_12.10_10.49.x+10kpc
-0.305566  0.343984  0.485967 2 2654_12.03_10.33.x+10kpc
-0.008052  0.089930  0.096642 2 2725_11.97_10.32.x+10kpc
-0.024306  0.092704  0.139945 2 2737_11.83_10.22.x+10kpc
-0.180547  0.235314  0.333552 2 2772_12.18_10.66.x+10kpc
-0.243956  0.251287  0.373321 2 2786_11.76_9.805.x+10kpc
-0.207681  0.270576  0.336488 2 2912_12.01_10.48.x+10kpc
 0.353092 -0.386081 -0.395122 2 3061_12.18_10.62.x+10kpc
 0.344785 -0.461996 -0.263347 2 3094_12.13_10.40.x+10kpc
 0.407908 -0.366643 -0.279771 2 3175_11.96_10.36.x+10kpc
 0.073649 -0.275248 -0.232903 2 3219_11.87_10.22.x+10kpc
 0.139835 -0.049439 -0.324764 2 3255_12.02_10.46.x+10kpc
 0.378518 -0.316982 -0.393449 2 3343_11.81_9.884.x+10kpc
 0.156414  0.039641 -0.460846 2 3429_12.09_10.48.x+10kpc
 0.165108  0.292096 -0.231640 2 3599_12.22_10.40.x+10kpc
 0.174614  0.317051 -0.227900 2 3610_11.88_10.29.x+10kpc
 0.435487  0.349154 -0.361957 2 3804_12.21_10.67.x+10kpc
 0.383827  0.355073 -0.238374 2 3833_11.81_9.944.x+10kpc
 0.384560  0.375058 -0.318967 2 3860_11.95_10.18.x+10kpc
 0.223276  0.381115 -0.218955 2 3943_12.02_10.02.x+10kpc
 0.307011  0.496341 -0.263501 2 4368_11.89_10.40.x+10kpc
 0.151366 -0.328044 -0.189042 2 4381_11.77_9.847.x+10kpc
 0.185401 -0.446842 -0.148301 2 4423_11.95_10.32.x+10kpc
 0.081541 -0.101162 -0.135597 2 4518_11.99_10.45.x+10kpc
 0.310267 -0.181136  0.099801 2 4658_11.75_10.26.x+10kpc
 0.312162 -0.095630  0.072371 2 4721_11.98_10.36.x+10kpc
 0.299448 -0.119470  0.078562 2 4724_11.81_9.991.x+10kpc
 0.375698 -0.142860  0.151702 2 4765_11.96_10.24.x+10kpc
 0.064737 -0.370073  0.243871 2 4849_11.89_10.40.x+10kpc
 0.061390 -0.427726  0.472604 2 4886_11.82_10.32.x+10kpc
 0.088573 -0.344514  0.397460 2 4895_12.09_10.51.x+10kpc
 0.175923 -0.324304  0.371456 2 4922_11.75_10.38.x+10kpc
 0.351681 -0.276111  0.371607 2 4947_11.85_10.21.x+10kpc
 0.398153 -0.220823  0.349801 2 4950_12.06_10.52.x+10kpc
 0.387354 -0.103369  0.482850 2 5132_12.14_10.46.x+10kpc
 0.400389 -0.093446  0.485481 2 5136_12.24_10.16.x+10kpc
 0.405851 -0.247868  0.357857 2 5176_12.07_10.58.x+10kpc
-0.047474 -0.299508 -0.376638 2 27_11.98_10.45.x+50kpc
-0.377502 -0.422387 -0.017719 2 265_12.07_10.59.x+50kpc
-0.150314 -0.305881 -0.262571 2 302_12.12_10.54.x+50kpc
-0.187995 -0.290323 -0.019468 2 354_12.06_10.39.x+50kpc
-0.267349 -0.323289  0.003541 2 377_11.89_10.26.x+50kpc
-0.311490 -0.304321  0.059515 2 395_11.83_10.21.x+50kpc
-0.102947 -0.306651 -0.267047 2 440_11.83_10.17.x+50kpc
-0.030335 -0.363107  0.031460 2 497_11.82_10.10.x+50kpc
-0.288802 -0.217300 -0.418708 2 521_11.81_10.19.x+50kpc
-0.050745 -0.252101 -0.325343 2 781_11.89_10.37.x+50kpc
-0.022916 -0.249307 -0.249572 2 856_12.03_10.10.x+50kpc
 0.035994 -0.279062 -0.247916 2 875_12.05_9.846.x+50kpc
-0.277037 -0.188912 -0.467967 2 909_11.77_9.868.x+50kpc
 0.016878  0.037571 -0.117903 2 1095_12.10_10.47.x+50kpc
 0.034756  0.014182 -0.113999 2 1111_11.88_10.29.x+50kpc
-0.463355  0.058732 -0.205231 2 1152_11.75_9.900.x+50kpc
-0.376712  0.375422 -0.090144 2 1211_11.98_10.55.x+50kpc
-0.341747  0.391224 -0.085014 2 1214_11.86_10.18.x+50kpc
-0.196236  0.463309 -0.260179 2 1292_12.10_10.69.x+50kpc
-0.131639  0.442569 -0.361093 2 1294_11.78_10.17.x+50kpc
-0.311536  0.459620 -0.248981 2 1381_11.91_10.25.x+50kpc
-0.483103  0.426683 -0.059384 2 1406_11.98_10.52.x+50kpc
-0.213944  0.492292 -0.035894 2 1448_12.10_10.67.x+50kpc
-0.431915 -0.289466  0.148068 2 1471_11.78_10.23.x+50kpc
-0.342097 -0.296438  0.080469 2 1477_11.86_10.17.x+50kpc
-0.364922 -0.448180  0.313486 2 1497_12.00_10.45.x+50kpc
-0.158088 -0.394850  0.307564 2 1812_11.75_10.14.x+50kpc
-0.127150 -0.463029  0.301953 2 1843_11.96_10.42.x+50kpc
-0.180725 -0.216208  0.482710 2 1974_11.96_10.41.x+50kpc
-0.231267 -0.185836  0.457816 2 2000_11.97_10.28.x+50kpc
-0.191755 -0.193847  0.461466 2 2007_12.01_10.39.x+50kpc
-0.407826 -0.083266  0.363889 2 2062_11.84_9.923.x+50kpc
-0.389770  0.025883  0.367499 2 2094_11.84_10.00.x+50kpc
-0.339022 -0.173628  0.394229 2 2149_12.14_10.60.x+50kpc
-0.385066 -0.173761  0.425875 2 2150_11.75_10.06.x+50kpc
-0.158127  0.038612  0.325082 2 2273_12.20_10.50.x+50kpc
-0.267567 -0.162447  0.424932 2 2287_11.86_10.20.x+50kpc
-0.168890 -0.090356  0.408833 2 2329_11.89_10.02.x+50kpc
-0.018260  0.009362  0.431969 2 2405_12.10_10.49.x+50kpc
-0.303966  0.343984  0.485967 2 2654_12.03_10.33.x+50kpc
-0.006452  0.089930  0.096642 2 2725_11.97_10.32.x+50kpc
-0.022706  0.092704  0.139945 2 2737_11.83_10.22.x+50kpc
-0.178947  0.235314  0.333552 2 2772_12.18_10.66.x+50kpc
-0.242356  0.251287  0.373321 2 2786_11.76_9.805.x+50kpc
-0.206081  0.270576  0.336488 2 2912_12.01_10.48.x+50kpc
 0.354692 -0.386081 -0.395122 2 3061_12.18_10.62.x+50kpc
 0.346385 -0.461996 -0.263347 2 3094_12.13_10.40.x+50kpc
 0.409508 -0.366643 -0.279771 2 3175_11.96_10.36.x+50kpc
 0.075249 -0.275248 -0.232903 2 3219_11.87_10.22.x+50kpc
 0.141435 -0.049439 -0.324764 2 3255_12.02_10.46.x+50kpc
 0.380118 -0.316982 -0.393449 2 3343_11.81_9.884.x+50kpc
 0.158014  0.039641 -0.460846 2 3429_12.09_10.48.x+50kpc
 0.166708  0.292096 -0.231640 2 3599_12.22_10.40.x+50kpc
 0.176214  0.317051 -0.227900 2 3610_11.88_10.29.x+50kpc
 0.437087  0.349154 -0.361957 2 3804_12.21_10.67.x+50kpc
 0.385427  0.355073 -0.238374 2 3833_11.81_9.944.x+50kpc
 0.386160  0.375058 -0.318967 2 3860_11.95_10.18.x+50kpc
 0.224876  0.381115 -0.218955 2 3943_12.02_10.02.x+50kpc
 0.308611  0.496341 -0.263501 2 4368_11.89_10.40.x+50kpc
 0.152966 -0.328044 -0.189042 2 4381_11.77_9.847.x+50kpc
 0.187001 -0.446842 -0.148301 2 4423_11.95_10.32.x+50kpc
 0.083141 -0.101162 -0.135597 2 4518_11.99_10.45.x+50kpc
 0.311867 -0.181136  0.099801 2 4658_11.75_10.26.x+50kpc
 0.313762 -0.095630  0.072371 2 4721_11.98_10.36.x+50kpc
 0.301048 -0.119470  0.078562 2 4724_11.81_9.991.x+50kpc
 0.377298 -0.142860  0.151702 2 4765_11.96_10.24.x+50kpc
 0.066337 -0.370073  0.243871 2 4849_11.89_10.40.x+50kpc
 0.062990 -0.427726  0.472604 2 4886_11.82_10.32.x+50kpc
 0.090173 -0.344514  0.397460 2 4895_12.09_10.51.x+50kpc
 0.177523 -0.324304  0.371456 2 4922_11.75_10.38.x+50kpc
 0.353281 -0.276111  0.371607 2 4947_11.85_10.21.x+50kpc
 0.399753 -0.220823  0.349801 2 4950_12.06_10.52.x+50kpc
 0.388954 -0.103369  0.482850 2 5132_12.14_10.46.x+50kpc
 0.401989 -0.093446  0.485481 2 5136_12.24_10.16.x+50kpc
 0.407451 -0.247868  0.357857 2 5176_12.07_10.58.x+50kpc
-0.045874 -0.299508 -0.376638 2 27_11.98_10.45.x+90kpc
-0.375902 -0.422387 -0.017719 2 265_12.07_10.59.x+90kpc
-0.148714 -0.305881 -0.262571 2 302_12.12_10.54.x+90kpc
-0.186395 -0.290323 -0.019468 2 354_12.06_10.39.x+90kpc
-0.265749 -0.323289  0.003541 2 377_11.89_10.26.x+90kpc
-0.309890 -0.304321  0.059515 2 395_11.83_10.21.x+90kpc
-0.101347 -0.306651 -0.267047 2 440_11.83_10.17.x+90kpc
-0.028735 -0.363107  0.031460 2 497_11.82_10.10.x+90kpc
-0.287202 -0.217300 -0.418708 2 521_11.81_10.19.x+90kpc
-0.049145 -0.252101 -0.325343 2 781_11.89_10.37.x+90kpc
-0.021316 -0.249307 -0.249572 2 856_12.03_10.10.x+90kpc
 0.037594 -0.279062 -0.247916 2 875_12.05_9.846.x+90kpc
-0.275437 -0.188912 -0.467967 2 909_11.77_9.868.x+90kpc
 0.018478  0.037571 -0.117903 2 1095_12.10_10.47.x+90kpc
 0.036356  0.014182 -0.113999 2 1111_11.88_10.29.x+90kpc
-0.461755  0.058732 -0.205231 2 1152_11.75_9.900.x+90kpc
-0.375112  0.375422 -0.090144 2 1211_11.98_10.55.x+90kpc
-0.340147  0.391224 -0.085014 2 1214_11.86_10.18.x+90kpc
-0.194636  0.463309 -0.260179 2 1292_12.10_10.69.x+90kpc
-0.130039  0.442569 -0.361093 2 1294_11.78_10.17.x+90kpc
-0.309936  0.459620 -0.248981 2 1381_11.91_10.25.x+90kpc
-0.481503  0.426683 -0.059384 2 1406_11.98_10.52.x+90kpc
-0.212344  0.492292 -0.035894 2 1448_12.10_10.67.x+90kpc
-0.430315 -0.289466  0.148068 2 1471_11.78_10.23.x+90kpc
-0.340497 -0.296438  0.080469 2 1477_11.86_10.17.x+90kpc
-0.363322 -0.448180  0.313486 2 1497_12.00_10.45.x+90kpc
-0.156488 -0.394850  0.307564 2 1812_11.75_10.14.x+90kpc
-0.125550 -0.463029  0.301953 2 1843_11.96_10.42.x+90kpc
-0.179125 -0.216208  0.482710 2 1974_11.96_10.41.x+90kpc
-0.229667 -0.185836  0.457816 2 2000_11.97_10.28.x+90kpc
-0.190155 -0.193847  0.461466 2 2007_12.01_10.39.x+90kpc
-0.406226 -0.083266  0.363889 2 2062_11.84_9.923.x+90kpc
-0.388170  0.025883  0.367499 2 2094_11.84_10.00.x+90kpc
-0.337422 -0.173628  0.394229 2 2149_12.14_10.60.x+90kpc
-0.383466 -0.173761  0.425875 2 2150_11.75_10.06.x+90kpc
-0.156527  0.038612  0.325082 2 2273_12.20_10.50.x+90kpc
-0.265967 -0.162447  0.424932 2 2287_11.86_10.20.x+90kpc
-0.167290 -0.090356  0.408833 2 2329_11.89_10.02.x+90kpc
-0.016660  0.009362  0.431969 2 2405_12.10_10.49.x+90kpc
-0.302366  0.343984  0.485967 2 2654_12.03_10.33.x+90kpc
-0.004852  0.089930  0.096642 2 2725_11.97_10.32.x+90kpc
-0.021106  0.092704  0.139945 2 2737_11.83_10.22.x+90kpc
-0.177347  0.235314  0.333552 2 2772_12.18_10.66.x+90kpc
-0.240756  0.251287  0.373321 2 2786_11.76_9.805.x+90kpc
-0.204481  0.270576  0.336488 2 2912_12.01_10.48.x+90kpc
 0.356292 -0.386081 -0.395122 2 3061_12.18_10.62.x+90kpc
 0.347985 -0.461996 -0.263347 2 3094_12.13_10.40.x+90kpc
 0.411108 -0.366643 -0.279771 2 3175_11.96_10.36.x+90kpc
 0.076849 -0.275248 -0.232903 2 3219_11.87_10.22.x+90kpc
 0.143035 -0.049439 -0.324764 2 3255_12.02_10.46.x+90kpc
 0.381718 -0.316982 -0.393449 2 3343_11.81_9.884.x+90kpc
 0.159614  0.039641 -0.460846 2 3429_12.09_10.48.x+90kpc
 0.168308  0.292096 -0.231640 2 3599_12.22_10.40.x+90kpc
 0.177814  0.317051 -0.227900 2 3610_11.88_10.29.x+90kpc
 0.438687  0.349154 -0.361957 2 3804_12.21_10.67.x+90kpc
 0.387027  0.355073 -0.238374 2 3833_11.81_9.944.x+90kpc
 0.387760  0.375058 -0.318967 2 3860_11.95_10.18.x+90kpc
 0.226476  0.381115 -0.218955 2 3943_12.02_10.02.x+90kpc
 0.310211  0.496341 -0.263501 2 4368_11.89_10.40.x+90kpc
 0.154566 -0.328044 -0.189042 2 4381_11.77_9.847.x+90kpc
 0.188601 -0.446842 -0.148301 2 4423_11.95_10.32.x+90kpc
 0.084741 -0.101162 -0.135597 2 4518_11.99_10.45.x+90kpc
 0.313467 -0.181136  0.099801 2 4658_11.75_10.26.x+90kpc
 0.315362 -0.095630  0.072371 2 4721_11.98_10.36.x+90kpc
 0.302648 -0.119470  0.078562 2 4724_11.81_9.991.x+90kpc
 0.378898 -0.142860  0.151702 2 4765_11.96_10.24.x+90kpc
 0.067937 -0.370073  0.243871 2 4849_11.89_10.40.x+90kpc
 0.064590 -0.427726  0.472604 2 4886_11.82_10.32.x+90kpc
 0.091773 -0.344514  0.397460 2 4895_12.09_10.51.x+90kpc
 0.179123 -0.324304  0.371456 2 4922_11.75_10.38.x+90kpc
 0.354881 -0.276111  0.371607 2 4947_11.85_10.21.x+90kpc
 0.401353 -0.220823  0.349801 2 4950_12.06_10.52.x+90kpc
 0.390554 -0.103369  0.482850 2 5132_12.14_10.46.x+90kpc
 0.403589 -0.093446  0.485481 2 5136_12.24_10.16.x+90kpc
 0.409051 -0.247868  0.357857 2 5176_12.07_10.58.x+90kpc
-0.044274 -0.299508 -0.376638 2 27_11.98_10.45.x+130kpc
-0.374302 -0.422387 -0.017719 2 265_12.07_10.59.x+130kpc
-0.147114 -0.305881 -0.262571 2 302_12.12_10.54.x+130kpc
-0.184795 -0.290323 -0.019468 2 354_12.06_10.39.x+130kpc
-0.264149 -0.323289  0.003541 2 377_11.89_10.26.x+130kpc
-0.308290 -0.304321  0.059515 2 395_11.83_10.21.x+130kpc
-0.099747 -0.306651 -0.267047 2 440_11.83_10.17.x+130kpc
-0.027135 -0.363107  0.031460 2 497_11.82_10.10.x+130kpc
-0.285602 -0.217300 -0.418708 2 521_11.81_10.19.x+130kpc
-0.047545 -0.252101 -0.325343 2 781_11.89_10.37.x+130kpc
-0.019716 -0.249307 -0.249572 2 856_12.03_10.10.x+130kpc
 0.039194 -0.279062 -0.247916 2 875_12.05_9.846.x+130kpc
-0.273837 -0.188912 -0.467967 2 909_11.77_9.868.x+130kpc
 0.020078  0.037571 -0.117903 2 1095_12.10_10.47.x+130kpc
 0.037956  0.014182 -0.113999 2 1111_11.88_10.29.x+130kpc
-0.460155  0.058732 -0.205231 2 1152_11.75_9.900.x+130kpc
-0.373512  0.375422 -0.090144 2 1211_11.98_10.55.x+130kpc
-0.338547  0.391224 -0.085014 2 1214_11.86_10.18.x+130kpc
-0.193036  0.463309 -0.260179 2 1292_12.10_10.69.x+130kpc
-0.128439  0.442569 -0.361093 2 1294_11.78_10.17.x+130kpc
-0.308336  0.459620 -0.248981 2 1381_11.91_10.25.x+130kpc
-0.479903  0.426683 -0.059384 2 1406_11.98_10.52.x+130kpc
-0.210744  0.492292 -0.035894 2 1448_12.10_10.67.x+130kpc
-0.428715 -0.289466  0.148068 2 1471_11.78_10.23.x+130kpc
-0.338897 -0.296438  0.080469 2 1477_11.86_10.17.x+130kpc
-0.361722 -0.448180  0.313486 2 1497_12.00_10.45.x+130kpc
-0.154888 -0.394850  0.307564 2 1812_11.75_10.14.x+130kpc
-0.123950 -0.463029  0.301953 2 1843_11.96_10.42.x+130kpc
-0.177525 -0.216208  0.482710 2 1974_11.96_10.41.x+130kpc
-0.228067 -0.185836  0.457816 2 2000_11.97_10.28.x+130kpc
-0.188555 -0.193847  0.461466 2 2007_12.01_10.39.x+130kpc
-0.404626 -0.083266  0.363889 2 2062_11.84_9.923.x+130kpc
-0.386570  0.025883  0.367499 2 2094_11.84_10.00.x+130kpc
-0.335822 -0.173628  0.394229 2 2149_12.14_10.60.x+130kpc
-0.381866 -0.173761  0.425875 2 2150_11.75_10.06.x+130kpc
-0.154927  0.038612  0.325082 2 2273_12.20_10.50.x+130kpc
-0.264367 -0.162447  0.424932 2 2287_11.86_10.20.x+130kpc
-0.165690 -0.090356  0.408833 2 2329_11.89_10.02.x+130kpc
-0.015060  0.009362  0.431969 2 2405_12.10_10.49.x+130kpc
-0.300766  0.343984  0.485967 2 2654_12.03_10.33.x+130kpc
-0.003252  0.089930  0.096642 2 2725_11.97_10.32.x+130kpc
-0.019506  0.092704  0.139945 2 2737_11.83_10.22.x+130kpc
-0.175747  0.235314  0.333552 2 2772_12.18_10.66.x+130kpc
-0.239156  0.251287  0.373321 2 2786_11.76_9.805.x+130kpc
-0.202881  0.270576  0.336488 2 2912_12.01_10.48.x+130kpc
 0.357892 -0.386081 -0.395122 2 3061_12.18_10.62.x+130kpc
 0.349585 -0.461996 -0.263347 2 3094_12.13_10.40.x+130kpc
 0.412708 -0.366643 -0.279771 2 3175_11.96_10.36.x+130kpc
 0.078449 -0.275248 -0.232903 2 3219_11.87_10.22.x+130kpc
 0.144635 -0.049439 -0.324764 2 3255_12.02_10.46.x+130kpc
 0.383318 -0.316982 -0.393449 2 3343_11.81_9.884.x+130kpc
 0.161214  0.039641 -0.460846 2 3429_12.09_10.48.x+130kpc
 0.169908  0.292096 -0.231640 2 3599_12.22_10.40.x+130kpc
 0.179414  0.317051 -0.227900 2 3610_11.88_10.29.x+130kpc
 0.440287  0.349154 -0.361957 2 3804_12.21_10.67.x+130kpc
 0.388627  0.355073 -0.238374 2 3833_11.81_9.944.x+130kpc
 0.389360  0.375058 -0.318967 2 3860_11.95_10.18.x+130kpc
 0.228076  0.381115 -0.218955 2 3943_12.02_10.02.x+130kpc
 0.311811  0.496341 -0.263501 2 4368_11.89_10.40.x+130kpc
 0.156166 -0.328044 -0.189042 2 4381_11.77_9.847.x+130kpc
 0.190201 -0.446842 -0.148301 2 4423_11.95_10.32.x+130kpc
 0.086341 -0.101162 -0.135597 2 4518_11.99_10.45.x+130kpc
 0.315067 -0.181136  0.099801 2 4658_11.75_10.26.x+130kpc
 0.316962 -0.095630  0.072371 2 4721_11.98_10.36.x+130kpc
 0.304248 -0.119470  0.078562 2 4724_11.81_9.991.x+130kpc
 0.380498 -0.142860  0.151702 2 4765_11.96_10.24.x+130kpc
 0.069537 -0.370073  0.243871 2 4849_11.89_10.40.x+130kpc
 0.066190 -0.427726  0.472604 2 4886_11.82_10.32.x+130kpc
 0.093373 -0.344514  0.397460 2 4895_12.09_10.51.x+130kpc
 0.180723 -0.324304  0.371456 2 4922_11.75_10.38.x+130kpc
 0.356481 -0.276111  0.371607 2 4947_11.85_10.21.x+130kpc
 0.402953 -0.220823  0.349801 2 4950_12.06_10.52.x+130kpc
 0.392154 -0.103369  0.482850 2 5132_12.14_10.46.x+130kpc
 0.405189 -0.093446  0.485481 2 5136_12.24_10.16.x+130kpc
 0.410651 -0.247868  0.357857 2 5176_12.07_10.58.x+130kpc
-0.042674 -0.299508 -0.376638 2 27_11.98_10.45.x+170kpc
-0.372702 -0.422387 -0.017719 2 265_12.07_10.59.x+170kpc
-0.145514 -0.305881 -0.262571 2 302_12.12_10.54.x+170kpc
-0.183195 -0.290323 -0.019468 2 354_12.06_10.39.x+170kpc
-0.262549 -0.323289  0.003541 2 377_11.89_10.26.x+170kpc
-0.306690 -0.304321  0.059515 2 395_11.83_10.21.x+170kpc
-0.098147 -0.306651 -0.267047 2 440_11.83_10.17.x+170kpc
-0.025535 -0.363107  0.031460 2 497_11.82_10.10.x+170kpc
-0.284002 -0.217300 -0.418708 2 521_11.81_10.19.x+170kpc
-0.045945 -0.252101 -0.325343 2 781_11.89_10.37.x+170kpc
-0.018116 -0.249307 -0.249572 2 856_12.03_10.10.x+170kpc
 0.040794 -0.279062 -0.247916 2 875_12.05_9.846.x+170kpc
-0.272237 -0.188912 -0.467967 2 909_11.77_9.868.x+170kpc
 0.021678  0.037571 -0.117903 2 1095_12.10_10.47.x+170kpc
 0.039556  0.014182 -0.113999 2 1111_11.88_10.29.x+170kpc
-0.458555  0.058732 -0.205231 2 1152_11.75_9.900.x+170kpc
-0.371912  0.375422 -0.090144 2 1211_11.98_10.55.x+170kpc
-0.336947  0.391224 -0.085014 2 1214_11.86_10.18.x+170kpc
-0.191436  0.463309 -0.260179 2 1292_12.10_10.69.x+170kpc
-0.126839  0.442569 -0.361093 2 1294_11.78_10.17.x+170kpc
-0.306736  0.459620 -0.248981 2 1381_11.91_10.25.x+170kpc
-0.478303  0.426683 -0.059384 2 1406_11.98_10.52.x+170kpc
-0.209144  0.492292 -0.035894 2 1448_12.10_10.67.x+170kpc
-0.427115 -0.289466  0.148068 2 1471_11.78_10.23.x+170kpc
-0.337297 -0.296438  0.080469 2 1477_11.86_10.17.x+170kpc
-0.360122 -0.448180  0.313486 2 1497_12.00_10.45.x+170kpc
-0.153288 -0.394850  0.307564 2 1812_11.75_10.14.x+170kpc
-0.122350 -0.463029  0.301953 2 1843_11.96_10.42.x+170kpc
-0.175925 -0.216208  0.482710 2 1974_11.96_10.41.x+170kpc
-0.226467 -0.185836  0.457816 2 2000_11.97_10.28.x+170kpc
-0.186955 -0.193847  0.461466 2 2007_12.01_10.39.x+170kpc
-0.403026 -0.083266  0.363889 2 2062_11.84_9.923.x+170kpc
-0.384970  0.025883  0.367499 2 2094_11.84_10.00.x+170kpc
-0.334222 -0.173628  0.394229 2 2149_12.14_10.60.x+170kpc
-0.380266 -0.173761  0.425875 2 2150_11.75_10.06.x+170kpc
-0.153327  0.038612  0.325082 2 2273_12.20_10.50.x+170kpc
-0.262767 -0.162447  0.424932 2 2287_11.86_10.20.x+170kpc
-0.164090 -0.090356  0.408833 2 2329_11.89_10.02.x+170kpc
-0.013460  0.009362  0.431969 2 2405_12.10_10.49.x+170kpc
-0.299166  0.343984  0.485967 2 2654_12.03_10.33.x+170kpc
-0.001652  0.089930  0.096642 2 2725_11.97_10.32.x+170kpc
-0.017906  0.092704  0.139945 2 2737_11.83_10.22.x+170kpc
-0.174147  0.235314  0.333552 2 2772_12.18_10.66.x+170kpc
-0.237556  0.251287  0.373321 2 2786_11.76_9.805.x+170kpc
-0.201281  0.270576  0.336488 2 2912_12.01_10.48.x+170kpc
 0.359492 -0.386081 -0.395122 2 3061_12.18_10.62.x+170kpc
 0.351185 -0.461996 -0.263347 2 3094_12.13_10.40.x+170kpc
 0.414308 -0.366643 -0.279771 2 3175_11.96_10.36.x+170kpc
 0.080049 -0.275248 -0.232903 2 3219_11.87_10.22.x+170kpc
 0.146235 -0.049439 -0.324764 2 3255_12.02_10.46.x+170kpc
 0.384918 -0.316982 -0.393449 2 3343_11.81_9.884.x+170kpc
 0.162814  0.039641 -0.460846 2 3429_12.09_10.48.x+170kpc
 0.171508  0.292096 -0.231640 2 3599_12.22_10.40.x+170kpc
 0.181014  0.317051 -0.227900 2 3610_11.88_10.29.x+170kpc
 0.441887  0.349154 -0.361957 2 3804_12.21_10.67.x+170kpc
 0.390227  0.355073 -0.238374 2 3833_11.81_9.944.x+170kpc
 0.390960  0.375058 -0.318967 2 3860_11.95_10.18.x+170kpc
 0.229676  0.381115 -0.218955 2 3943_12.02_10.02.x+170kpc
 0.313411  0.496341 -0.263501 2 4368_11.89_10.40.x+170kpc
 0.157766 -0.328044 -0.189042 2 4381_11.77_9.847.x+170kpc
 0.191801 -0.446842 -0.148301 2 4423_11.95_10.32.x+170kpc
 0.087941 -0.101162 -0.135597 2 4518_11.99_10.45.x+170kpc
 0.316667 -0.181136  0.099801 2 4658_11.75_10.26.x+170kpc
 0.318562 -0.095630  0.072371 2 4721_11.98_10.36.x+170kpc
 0.305848 -0.119470  0.078562 2 4724_11.81_9.991.x+170kpc
 0.382098 -0.142860  0.151702 2 4765_11.96_10.24.x+170kpc
 0.071137 -0.370073  0.243871 2 4849_11.89_10.40.x+170kpc
 0.067790 -0.427726  0.472604 2 4886_11.82_10.32.x+170kpc
 0.094973 -0.344514  0.397460 2 4895_12.09_10.51.x+170kpc
 0.182323 -0.324304  0.371456 2 4922_11.75_10.38.x+170kpc
 0.358081 -0.276111  0.371607 2 4947_11.85_10.21.x+170kpc
 0.404553 -0.220823  0.349801 2 4950_12.06_10.52.x+170kpc
 0.393754 -0.103369  0.482850 2 5132_12.14_10.46.x+170kpc
 0.406789 -0.093446  0.485481 2 5136_12.24_10.16.x+170kpc
 0.412251 -0.247868  0.357857 2 5176_12.07_10.58.x+170kpc
-0.041074 -0.299508 -0.376638 2 27_11.98_10.45.x+210kpc
-0.371102 -0.422387 -0.017719 2 265_12.07_10.59.x+210kpc
-0.143914 -0.305881 -0.262571 2 302_12.12_10.54.x+210kpc
-0.181595 -0.290323 -0.019468 2 354_12.06_10.39.x+210kpc
-0.260949 -0.323289  0.003541 2 377_11.89_10.26.x+210kpc
-0.305090 -0.304321  0.059515 2 395_11.83_10.21.x+210kpc
-0.096547 -0.306651 -0.267047 2 440_11.83_10.17.x+210kpc
-0.023935 -0.363107  0.031460 2 497_11.82_10.10.x+210kpc
-0.282402 -0.217300 -0.418708 2 521_11.81_10.19.x+210kpc
-0.044345 -0.252101 -0.325343 2 781_11.89_10.37.x+210kpc
-0.016516 -0.249307 -0.249572 2 856_12.03_10.10.x+210kpc
 0.042394 -0.279062 -0.247916 2 875_12.05_9.846.x+210kpc
-0.270637 -0.188912 -0.467967 2 909_11.77_9.868.x+210kpc
 0.023278  0.037571 -0.117903 2 1095_12.10_10.47.x+210kpc
 0.041156  0.014182 -0.113999 2 1111_11.88_10.29.x+210kpc
-0.456955  0.058732 -0.205231 2 1152_11.75_9.900.x+210kpc
-0.370312  0.375422 -0.090144 2 1211_11.98_10.55.x+210kpc
-0.335347  0.391224 -0.085014 2 1214_11.86_10.18.x+210kpc
-0.189836  0.463309 -0.260179 2 1292_12.10_10.69.x+210kpc
-0.125239  0.442569 -0.361093 2 1294_11.78_10.17.x+210kpc
-0.305136  0.459620 -0.248981 2 1381_11.91_10.25.x+210kpc
-0.476703  0.426683 -0.059384 2 1406_11.98_10.52.x+210kpc
-0.207544  0.492292 -0.035894 2 1448_12.10_10.67.x+210kpc
-0.425515 -0.289466  0.148068 2 1471_11.78_10.23.x+210kpc
-0.335697 -0.296438  0.080469 2 1477_11.86_10.17.x+210kpc
-0.358522 -0.448180  0.313486 2 1497_12.00_10.45.x+210kpc
-0.151688 -0.394850  0.307564 2 1812_11.75_10.14.x+210kpc
-0.120750 -0.463029  0.301953 2 1843_11.96_10.42.x+210kpc
-0.174325 -0.216208  0.482710 2 1974_11.96_10.41.x+210kpc
-0.224867 -0.185836  0.457816 2 2000_11.97_10.28.x+210kpc
-0.185355 -0.193847  0.461466 2 2007_12.01_10.39.x+210kpc
-0.401426 -0.083266  0.363889 2 2062_11.84_9.923.x+210kpc
-0.383370  0.025883  0.367499 2 2094_11.84_10.00.x+210kpc
-0.332622 -0.173628  0.394229 2 2149_12.14_10.60.x+210kpc
-0.378666 -0.173761  0.425875 2 2150_11.75_10.06.x+210kpc
-0.151727  0.038612  0.325082 2 2273_12.20_10.50.x+210kpc
-0.261167 -0.162447  0.424932 2 2287_11.86_10.20.x+210kpc
-0.162490 -0.090356  0.408833 2 2329_11.89_10.02.x+210kpc
-0.011860  0.009362  0.431969 2 2405_12.10_10.49.x+210kpc
-0.297566  0.343984  0.485967 2 2654_12.03_10.33.x+210kpc
-0.000052  0.089930  0.096642 2 2725_11.97_10.32.x+210kpc
-0.016306  0.092704  0.139945 2 2737_11.83_10.22.x+210kpc
-0.172547  0.235314  0.333552 2 2772_12.18_10.66.x+210kpc
-0.235956  0.251287  0.373321 2 2786_11.76_9.805.x+210kpc
-0.199681  0.270576  0.336488 2 2912_12.01_10.48.x+210kpc
 0.361092 -0.386081 -0.395122 2 3061_12.18_10.62.x+210kpc
 0.352785 -0.461996 -0.263347 2 3094_12.13_10.40.x+210kpc
 0.415908 -0.366643 -0.279771 2 3175_11.96_10.36.x+210kpc
 0.081649 -0.275248 -0.232903 2 3219_11.87_10.22.x+210kpc
 0.147835 -0.049439 -0.324764 2 3255_12.02_10.46.x+210kpc
 0.386518 -0.316982 -0.393449 2 3343_11.81_9.884.x+210kpc
 0.164414  0.039641 -0.460846 2 3429_12.09_10.48.x+210kpc
 0.173108  0.292096 -0.231640 2 3599_12.22_10.40.x+210kpc
 0.182614  0.317051 -0.227900 2 3610_11.88_10.29.x+210kpc
 0.443487  0.349154 -0.361957 2 3804_12.21_10.67.x+210kpc
 0.391827  0.355073 -0.238374 2 3833_11.81_9.944.x+210kpc
 0.392560  0.375058 -0.318967 2 3860_11.95_10.18.x+210kpc
 0.231276  0.381115 -0.218955 2 3943_12.02_10.02.x+210kpc
 0.315011  0.496341 -0.263501 2 4368_11.89_10.40.x+210kpc
 0.159366 -0.328044 -0.189042 2 4381_11.77_9.847.x+210kpc
 0.193401 -0.446842 -0.148301 2 4423_11.95_10.32.x+210kpc
 0.089541 -0.101162 -0.135597 2 4518_11.99_10.45.x+210kpc
 0.318267 -0.181136  0.099801 2 4658_11.75_10.26.x+210kpc
 0.320162 -0.095630  0.072371 2 4721_11.98_10.36.x+210kpc
 0.307448 -0.119470  0.078562 2 4724_11.81_9.991.x+210kpc
 0.383698 -0.142860  0.151702 2 4765_11.96_10.24.x+210kpc
 0.072737 -0.370073  0.243871 2 4849_11.89_10.40.x+210kpc
 0.069390 -0.427726  0.472604 2 4886_11.82_10.32.x+210kpc
 0.096573 -0.344514  0.397460 2 4895_12.09_10.51.x+210kpc
 0.183923 -0.324304  0.371456 2 4922_11.75_10.38.x+210kpc
 0.359681 -0.276111  0.371607 2 4947_11.85_10.21.x+210kpc
 0.406153 -0.220823  0.349801 2 4950_12.06_10.52.x+210kpc
 0.395354 -0.103369  0.482850 2 5132_12.14_10.46.x+210kpc
 0.408389 -0.093446  0.485481 2 5136_12.24_10.16.x+210kpc
 0.413851 -0.247868  0.357857 2 5176_12.07_10.58.x+210kpc
-0.039474 -0.299508 -0.376638 2 27_11.98_10.45.x+250kpc
-0.369502 -0.422387 -0.017719 2 265_12.07_10.59.x+250kpc
-0.142314 -0.305881 -0.262571 2 302_12.12_10.54.x+250kpc
-0.179995 -0.290323 -0.019468 2 354_12.06_10.39.x+250kpc
-0.259349 -0.323289  0.003541 2 377_11.89_10.26.x+250kpc
-0.303490 -0.304321  0.059515 2 395_11.83_10.21.x+250kpc
-0.094947 -0.306651 -0.267047 2 440_11.83_10.17.x+250kpc
-0.022335 -0.363107  0.031460 2 497_11.82_10.10.x+250kpc
-0.280802 -0.217300 -0.418708 2 521_11.81_10.19.x+250kpc
-0.042745 -0.252101 -0.325343 2 781_11.89_10.37.x+250kpc
-0.014916 -0.249307 -0.249572 2 856_12.03_10.10.x+250kpc
 0.043994 -0.279062 -0.247916 2 875_12.05_9.846.x+250kpc
-0.269037 -0.188912 -0.467967 2 909_11.77_9.868.x+250kpc
 0.024878  0.037571 -0.117903 2 1095_12.10_10.47.x+250kpc
 0.042756  0.014182 -0.113999 2 1111_11.88_10.29.x+250kpc
-0.455355  0.058732 -0.205231 2 1152_11.75_9.900.x+250kpc
-0.368712  0.375422 -0.090144 2 1211_11.98_10.55.x+250kpc
-0.333747  0.391224 -0.085014 2 1214_11.86_10.18.x+250kpc
-0.188236  0.463309 -0.260179 2 1292_12.10_10.69.x+250kpc
-0.123639  0.442569 -0.361093 2 1294_11.78_10.17.x+250kpc
-0.303536  0.459620 -0.248981 2 1381_11.91_10.25.x+250kpc
-0.475103  0.426683 -0.059384 2 1406_11.98_10.52.x+250kpc
-0.205944  0.492292 -0.035894 2 1448_12.10_10.67.x+250kpc
-0.423915 -0.289466  0.148068 2 1471_11.78_10.23.x+250kpc
-0.334097 -0.296438  0.080469 2 1477_11.86_10.17.x+250kpc
-0.356922 -0.448180  0.313486 2 1497_12.00_10.45.x+250kpc
-0.150088 -0.394850  0.307564 2 1812_11.75_10.14.x+250kpc
-0.119150 -0.463029  0.301953 2 1843_11.96_10.42.x+250kpc
-0.172725 -0.216208  0.482710 2 1974_11.96_10.41.x+250kpc
-0.223267 -0.185836  0.457816 2 2000_11.97_10.28.x+250kpc
-0.183755 -0.193847  0.461466 2 2007_12.01_10.39.x+250kpc
-0.399826 -0.083266  0.363889 2 2062_11.84_9.923.x+250kpc
-0.381770  0.025883  0.367499 2 2094_11.84_10.00.x+250kpc
-0.331022 -0.173628  0.394229 2 2149_12.14_10.60.x+250kpc
-0.377066 -0.173761  0.425875 2 2150_11.75_10.06.x+250kpc
-0.150127  0.038612  0.325082 2 2273_12.20_10.50.x+250kpc
-0.259567 -0.162447  0.424932 2 2287_11.86_10.20.x+250kpc
-0.160890 -0.090356  0.408833 2 2329_11.89_10.02.x+250kpc
-0.010260  0.009362  0.431969 2 2405_12.10_10.49.x+250kpc
-0.295966  0.343984  0.485967 2 2654_12.03_10.33.x+250kpc
 0.001548  0.089930  0.096642 2 2725_11.97_10.32.x+250kpc
-0.014706  0.092704  0.139945 2 2737_11.83_10.22.x+250kpc
-0.170947  0.235314  0.333552 2 2772_12.18_10.66.x+250kpc
-0.234356  0.251287  0.373321 2 2786_11.76_9.805.x+250kpc
-0.198081  0.270576  0.336488 2 2912_12.01_10.48.x+250kpc
 0.362692 -0.386081 -0.395122 2 3061_12.18_10.62.x+250kpc
 0.354385 -0.461996 -0.263347 2 3094_12.13_10.40.x+250kpc
 0.417508 -0.366643 -0.279771 2 3175_11.96_10.36.x+250kpc
 0.083249 -0.275248 -0.232903 2 3219_11.87_10.22.x+250kpc
 0.149435 -0.049439 -0.324764 2 3255_12.02_10.46.x+250kpc
 0.388118 -0.316982 -0.393449 2 3343_11.81_9.884.x+250kpc
 0.166014  0.039641 -0.460846 2 3429_12.09_10.48.x+250kpc
 0.174708  0.292096 -0.231640 2 3599_12.22_10.40.x+250kpc
 0.184214  0.317051 -0.227900 2 3610_11.88_10.29.x+250kpc
 0.445087  0.349154 -0.361957 2 3804_12.21_10.67.x+250kpc
 0.393427  0.355073 -0.238374 2 3833_11.81_9.944.x+250kpc
 0.394160  0.375058 -0.318967 2 3860_11.95_10.18.x+250kpc
 0.232876  0.381115 -0.218955 2 3943_12.02_10.02.x+250kpc
 0.316611  0.496341 -0.263501 2 4368_11.89_10.40.x+250kpc
 0.160966 -0.328044 -0.189042 2 4381_11.77_9.847.x+250kpc
 0.195001 -0.446842 -0.148301 2 4423_11.95_10.32.x+250kpc
 0.091141 -0.101162 -0.135597 2 4518_11.99_10.45.x+250kpc
 0.319867 -0.181136  0.099801 2 4658_11.75_10.26.x+250kpc
 0.321762 -0.095630  0.072371 2 4721_11.98_10.36.x+250kpc
 0.309048 -0.119470  0.078562 2 4724_11.81_9.991.x+250kpc
 0.385298 -0.142860  0.151702 2 4765_11.96_10.24.x+250kpc
 0.074337 -0.370073  0.243871 2 4849_11.89_10.40.x+250kpc
 0.070990 -0.427726  0.472604 2 4886_11.82_10.32.x+250kpc
 0.098173 -0.344514  0.397460 2 4895_12.09_10.51.x+250kpc
 0.185523 -0.324304  0.371456 2 4922_11.75_10.38.x+250kpc
 0.361281 -0.276111  0.371607 2 4947_11.85_10.21.x+250kpc
 0.407753 -0.220823  0.349801 2 4950_12.06_10.52.x+250kpc
 0.396954 -0.103369  0.482850 2 5132_12.14_10.46.x+250kpc
 0.409989 -0.093446  0.485481 2 5136_12.24_10.16.x+250kpc
 0.415451 -0.247868  0.357857 2 5176_12.07_10.58.x+250kpc
-0.037874 -0.299508 -0.376638 2 27_11.98_10.45.x+290kpc
-0.367902 -0.422387 -0.017719 2 265_12.07_10.59.x+290kpc
-0.140714 -0.305881 -0.262571 2 302_12.12_10.54.x+290kpc
-0.178395 -0.290323 -0.019468 2 354_12.06_10.39.x+290kpc
-0.257749 -0.323289  0.003541 2 377_11.89_10.26.x+290kpc
-0.301890 -0.304321  0.059515 2 395_11.83_10.21.x+290kpc
-0.093347 -0.306651 -0.267047 2 440_11.83_10.17.x+290kpc
-0.020735 -0.363107  0.031460 2 497_11.82_10.10.x+290kpc
-0.279202 -0.217300 -0.418708 2 521_11.81_10.19.x+290kpc
-0.041145 -0.252101 -0.325343 2 781_11.89_10.37.x+290kpc
-0.013316 -0.249307 -0.249572 2 856_12.03_10.10.x+290kpc
 0.045594 -0.279062 -0.247916 2 875_12.05_9.846.x+290kpc
-0.267437 -0.188912 -0.467967 2 909_11.77_9.868.x+290kpc
 0.026478  0.037571 -0.117903 2 1095_12.10_10.47.x+290kpc
 0.044356  0.014182 -0.113999 2 1111_11.88_10.29.x+290kpc
-0.453755  0.058732 -0.205231 2 1152_11.75_9.900.x+290kpc
-0.367112  0.375422 -0.090144 2 1211_11.98_10.55.x+290kpc
-0.332147  0.391224 -0.085014 2 1214_11.86_10.18.x+290kpc
-0.186636  0.463309 -0.260179 2 1292_12.10_10.69.x+290kpc
-0.122039  0.442569 -0.361093 2 1294_11.78_10.17.x+290kpc
-0.301936  0.459620 -0.248981 2 1381_11.91_10.25.x+290kpc
-0.473503  0.426683 -0.059384 2 1406_11.98_10.52.x+290kpc
-0.204344  0.492292 -0.035894 2 1448_12.10_10.67.x+290kpc
-0.422315 -0.289466  0.148068 2 1471_11.78_10.23.x+290kpc
-0.332497 -0.296438  0.080469 2 1477_11.86_10.17.x+290kpc
-0.355322 -0.448180  0.313486 2 1497_12.00_10.45.x+290kpc
-0.148488 -0.394850  0.307564 2 1812_11.75_10.14.x+290kpc
-0.117550 -0.463029  0.301953 2 1843_11.96_10.42.x+290kpc
-0.171125 -0.216208  0.482710 2 1974_11.96_10.41.x+290kpc
-0.221667 -0.185836  0.457816 2 2000_11.97_10.28.x+290kpc
-0.182155 -0.193847  0.461466 2 2007_12.01_10.39.x+290kpc
-0.398226 -0.083266  0.363889 2 2062_11.84_9.923.x+290kpc
-0.380170  0.025883  0.367499 2 2094_11.84_10.00.x+290kpc
-0.329422 -0.173628  0.394229 2 2149_12.14_10.60.x+290kpc
-0.375466 -0.173761  0.425875 2 2150_11.75_10.06.x+290kpc
-0.148527  0.038612  0.325082 2 2273_12.20_10.50.x+290kpc
-0.257967 -0.162447  0.424932 2 2287_11.86_10.20.x+290kpc
-0.159290 -0.090356  0.408833 2 2329_11.89_10.02.x+290kpc
-0.008660  0.009362  0.431969 2 2405_12.10_10.49.x+290kpc
-0.294366  0.343984  0.485967 2 2654_12.03_10.33.x+290kpc
 0.003148  0.089930  0.096642 2 2725_11.97_10.32.x+290kpc
-0.013106  0.092704  0.139945 2 2737_11.83_10.22.x+290kpc
-0.169347  0.235314  0.333552 2 2772_12.18_10.66.x+290kpc
-0.232756  0.251287  0.373321 2 2786_11.76_9.805.x+290kpc
-0.196481  0.270576  0.336488 2 2912_12.01_10.48.x+290kpc
 0.364292 -0.386081 -0.395122 2 3061_12.18_10.62.x+290kpc
 0.355985 -0.461996 -0.263347 2 3094_12.13_10.40.x+290kpc
 0.419108 -0.366643 -0.279771 2 3175_11.96_10.36.x+290kpc
 0.084849 -0.275248 -0.232903 2 3219_11.87_10.22.x+290kpc
 0.151035 -0.049439 -0.324764 2 3255_12.02_10.46.x+290kpc
 0.389718 -0.316982 -0.393449 2 3343_11.81_9.884.x+290kpc
 0.167614  0.039641 -0.460846 2 3429_12.09_10.48.x+290kpc
 0.176308  0.292096 -0.231640 2 3599_12.22_10.40.x+290kpc
 0.185814  0.317051 -0.227900 2 3610_11.88_10.29.x+290kpc
 0.446687  0.349154 -0.361957 2 3804_12.21_10.67.x+290kpc
 0.395027  0.355073 -0.238374 2 3833_11.81_9.944.x+290kpc
 0.395760  0.375058 -0.318967 2 3860_11.95_10.18.x+290kpc
 0.234476  0.381115 -0.218955 2 3943_12.02_10.02.x+290kpc
 0.318211  0.496341 -0.263501 2 4368_11.89_10.40.x+290kpc
 0.162566 -0.328044 -0.189042 2 4381_11.77_9.847.x+290kpc
 0.196601 -0.446842 -0.148301 2 4423_11.95_10.32.x+290kpc
 0.092741 -0.101162 -0.135597 2 4518_11.99_10.45.x+290kpc
 0.321467 -0.181136  0.099801 2 4658_11.75_10.26.x+290kpc
 0.323362 -0.095630  0.072371 2 4721_11.98_10.36.x+290kpc
 0.310648 -0.119470  0.078562 2 4724_11.81_9.991.x+290kpc
 0.386898 -0.142860  0.151702 2 4765_11.96_10.24.x+290kpc
 0.075937 -0.370073  0.243871 2 4849_11.89_10.40.x+290kpc
 0.072590 -0.427726  0.472604 2 4886_11.82_10.32.x+290kpc
 0.099773 -0.344514  0.397460 2 4895_12.09_10.51.x+290kpc
 0.187123 -0.324304  0.371456 2 4922_11.75_10.38.x+290kpc
 0.362881 -0.276111  0.371607 2 4947_11.85_10.21.x+290kpc
 0.409353 -0.220823  0.349801 2 4950_12.06_10.52.x+290kpc
 0.398554 -0.103369  0.482850 2 5132_12.14_10.46.x+290kpc
 0.411589 -0.093446  0.485481 2 5136_12.24_10.16.x+290kpc
 0.417051 -0.247868  0.357857 2 5176_12.07_10.58.x+290kpc
