-0.287459 -0.215878 -0.423786 2 20_11.83_10.27.y+10kpc
-0.096708 -0.303998 -0.267673 2 184_11.84_10.06.y+10kpc
-0.379083 -0.421622 -0.017665 2 226_12.05_10.60.y+10kpc
-0.367787 -0.445408  0.314506 2 255_11.98_10.39.y+10kpc
-0.438448 -0.286289  0.152272 2 278_11.75_10.00.y+10kpc
-0.313603 -0.305824  0.062420 2 285_11.81_10.06.y+10kpc
-0.345374 -0.299616  0.084953 2 288_11.83_10.00.y+10kpc
-0.188485 -0.289163 -0.018369 2 341_12.06_10.45.y+10kpc
-0.265440 -0.322126  0.004493 2 356_11.88_10.12.y+10kpc
-0.131738 -0.458678  0.302746 2 388_11.97_10.12.y+10kpc
-0.431656 -0.164300  0.363664 2 507_11.77_9.929.y+10kpc
-0.340945 -0.176695  0.394820 2 520_12.13_10.63.y+10kpc
-0.182264 -0.218333  0.484221 2 533_11.96_10.31.y+10kpc
-0.271299 -0.163325  0.425795 2 640_11.81_10.13.y+10kpc
-0.234151 -0.186159  0.457998 2 649_11.97_10.35.y+10kpc
-0.191317 -0.192909  0.465038 2 663_12.06_10.56.y+10kpc
-0.047648 -0.299337 -0.371937 2 704_11.96_10.46.y+10kpc
-0.052922 -0.256365 -0.319943 2 716_11.89_10.28.y+10kpc
 0.380539 -0.317619 -0.387551 2 944_11.77_9.950.y+10kpc
-0.026663 -0.253442 -0.253652 2 1072_12.06_10.26.y+10kpc
 0.029158 -0.283418 -0.254484 2 1092_12.04_9.881.y+10kpc
 0.070007 -0.276387 -0.232975 2 1103_11.89_10.18.y+10kpc
 0.147784 -0.327211 -0.193537 2 1133_11.79_9.868.y+10kpc
 0.340445 -0.463759 -0.264684 2 1162_12.18_10.33.y+10kpc
 0.400946 -0.365497 -0.281623 2 1174_11.96_10.06.y+10kpc
-0.033309 -0.360262  0.031995 2 1189_11.88_10.04.y+10kpc
 0.185679 -0.449846 -0.153096 2 1194_11.97_10.19.y+10kpc
 0.315309 -0.177165  0.101245 2 1269_11.75_10.13.y+10kpc
 0.371934 -0.144374  0.156481 2 1307_11.98_10.44.y+10kpc
 0.062840 -0.369132  0.244487 2 1315_11.87_10.00.y+10kpc
 0.058803 -0.425227  0.477778 2 1345_11.82_10.47.y+10kpc
 0.087461 -0.343975  0.399593 2 1353_12.12_10.54.y+10kpc
 0.174083 -0.320264  0.374663 2 1370_11.75_10.12.y+10kpc
 0.354801 -0.272706  0.372911 2 1372_11.90_10.09.y+10kpc
 0.400900 -0.220223  0.350777 2 1411_12.08_10.57.y+10kpc
 0.413986 -0.215478  0.344681 2 1416_11.78_10.03.y+10kpc
 0.407577 -0.244808  0.358568 2 1429_12.07_10.56.y+10kpc
 0.418921 -0.157441  0.203421 2 1438_12.00_10.49.y+10kpc
 0.083847 -0.101770 -0.138987 2 1534_12.02_10.34.y+10kpc
 0.091298  0.115590 -0.166883 2 1556_12.07_10.59.y+10kpc
-0.308532  0.465645 -0.251722 2 1588_11.95_10.13.y+10kpc
-0.197074  0.466061 -0.260649 2 1594_12.10_10.66.y+10kpc
-0.129006  0.449440 -0.360803 2 1610_11.78_10.30.y+10kpc
 0.138098 -0.049843 -0.323295 2 1648_12.02_10.33.y+10kpc
 0.156156  0.038952 -0.459636 2 1652_12.07_10.27.y+10kpc
 0.136333  0.146535 -0.152158 2 1678_11.87_10.15.y+10kpc
 0.164534  0.302225 -0.233512 2 1815_12.18_10.39.y+10kpc
 0.176474  0.318810 -0.225896 2 1828_11.87_10.10.y+10kpc
-0.394260  0.026626  0.366716 2 1940_11.84_9.865.y+10kpc
-0.380182  0.378334 -0.091062 2 2055_11.98_10.41.y+10kpc
-0.488722  0.429886 -0.058907 2 2056_11.99_10.57.y+10kpc
-0.345159  0.394397 -0.084897 2 2058_11.85_10.19.y+10kpc
-0.215780  0.495675 -0.037457 2 2066_12.06_10.49.y+10kpc
-0.307885  0.345321  0.484824 2 2159_11.99_10.07.y+10kpc
 0.037220  0.014211 -0.116810 2 2181_11.91_10.23.y+10kpc
-0.173940 -0.094749  0.410602 2 2272_11.88_9.987.y+10kpc
-0.023001  0.008539  0.432689 2 2299_12.08_10.40.y+10kpc
 0.182686  0.011274  0.499036 2 2319_12.03_10.24.y+10kpc
 0.019994  0.037420 -0.116386 2 2322_12.22_10.58.y+10kpc
-0.007798  0.090147  0.097117 2 2336_11.98_10.34.y+10kpc
-0.023991  0.091579  0.141734 2 2358_11.90_10.15.y+10kpc
-0.165185  0.039418  0.327504 2 2425_12.22_10.56.y+10kpc
-0.208975  0.269132  0.337660 2 2472_11.98_10.29.y+10kpc
 0.184967  0.247480  0.475419 2 2486_11.90_9.798.y+10kpc
 0.069954  0.270011  0.499216 2 2491_11.79_10.05.y+10kpc
 0.253123  0.337711 -0.244093 2 2548_11.83_9.843.y+10kpc
 0.311637  0.330768 -0.126102 2 2571_11.93_10.39.y+10kpc
 0.375856  0.380049 -0.318033 2 2585_11.93_10.18.y+10kpc
 0.337061  0.415031 -0.321049 2 2693_11.76_10.03.y+10kpc
 0.303247  0.495914 -0.264823 2 2715_11.85_10.21.y+10kpc
 0.271732  0.442557 -0.243216 2 2779_11.78_9.940.y+10kpc
 0.289610  0.422799 -0.199169 2 2785_12.24_10.70.y+10kpc
 0.312223 -0.096280  0.072886 2 2842_11.97_10.24.y+10kpc
 0.353436  0.042989  0.101483 2 2849_12.20_10.69.y+10kpc
 0.351832  0.100545  0.058938 2 2853_11.85_10.21.y+10kpc
-0.287459 -0.214278 -0.423786 2 20_11.83_10.27.y+50kpc
-0.096708 -0.302398 -0.267673 2 184_11.84_10.06.y+50kpc
-0.379083 -0.420022 -0.017665 2 226_12.05_10.60.y+50kpc
-0.367787 -0.443808  0.314506 2 255_11.98_10.39.y+50kpc
-0.438448 -0.284689  0.152272 2 278_11.75_10.00.y+50kpc
-0.313603 -0.304224  0.062420 2 285_11.81_10.06.y+50kpc
-0.345374 -0.298016  0.084953 2 288_11.83_10.00.y+50kpc
-0.188485 -0.287563 -0.018369 2 341_12.06_10.45.y+50kpc
-0.265440 -0.320526  0.004493 2 356_11.88_10.12.y+50kpc
-0.131738 -0.457078  0.302746 2 388_11.97_10.12.y+50kpc
-0.431656 -0.162700  0.363664 2 507_11.77_9.929.y+50kpc
-0.340945 -0.175095  0.394820 2 520_12.13_10.63.y+50kpc
-0.182264 -0.216733  0.484221 2 533_11.96_10.31.y+50kpc
-0.271299 -0.161725  0.425795 2 640_11.81_10.13.y+50kpc
-0.234151 -0.184559  0.457998 2 649_11.97_10.35.y+50kpc
-0.191317 -0.191309  0.465038 2 663_12.06_10.56.y+50kpc
-0.047648 -0.297737 -0.371937 2 704_11.96_10.46.y+50kpc
-0.052922 -0.254765 -0.319943 2 716_11.89_10.28.y+50kpc
 0.380539 -0.316019 -0.387551 2 944_11.77_9.950.y+50kpc
-0.026663 -0.251842 -0.253652 2 1072_12.06_10.26.y+50kpc
 0.029158 -0.281818 -0.254484 2 1092_12.04_9.881.y+50kpc
 0.070007 -0.274787 -0.232975 2 1103_11.89_10.18.y+50kpc
 0.147784 -0.325611 -0.193537 2 1133_11.79_9.868.y+50kpc
 0.340445 -0.462159 -0.264684 2 1162_12.18_10.33.y+50kpc
 0.400946 -0.363897 -0.281623 2 1174_11.96_10.06.y+50kpc
-0.033309 -0.358662  0.031995 2 1189_11.88_10.04.y+50kpc
 0.185679 -0.448246 -0.153096 2 1194_11.97_10.19.y+50kpc
 0.315309 -0.175565  0.101245 2 1269_11.75_10.13.y+50kpc
 0.371934 -0.142774  0.156481 2 1307_11.98_10.44.y+50kpc
 0.062840 -0.367532  0.244487 2 1315_11.87_10.00.y+50kpc
 0.058803 -0.423627  0.477778 2 1345_11.82_10.47.y+50kpc
 0.087461 -0.342375  0.399593 2 1353_12.12_10.54.y+50kpc
 0.174083 -0.318664  0.374663 2 1370_11.75_10.12.y+50kpc
 0.354801 -0.271106  0.372911 2 1372_11.90_10.09.y+50kpc
 0.400900 -0.218623  0.350777 2 1411_12.08_10.57.y+50kpc
 0.413986 -0.213878  0.344681 2 1416_11.78_10.03.y+50kpc
 0.407577 -0.243208  0.358568 2 1429_12.07_10.56.y+50kpc
 0.418921 -0.155841  0.203421 2 1438_12.00_10.49.y+50kpc
 0.083847 -0.100170 -0.138987 2 1534_12.02_10.34.y+50kpc
 0.091298  0.117190 -0.166883 2 1556_12.07_10.59.y+50kpc
-0.308532  0.467245 -0.251722 2 1588_11.95_10.13.y+50kpc
-0.197074  0.467661 -0.260649 2 1594_12.10_10.66.y+50kpc
-0.129006  0.451040 -0.360803 2 1610_11.78_10.30.y+50kpc
 0.138098 -0.048243 -0.323295 2 1648_12.02_10.33.y+50kpc
 0.156156  0.040552 -0.459636 2 1652_12.07_10.27.y+50kpc
 0.136333  0.148135 -0.152158 2 1678_11.87_10.15.y+50kpc
 0.164534  0.303825 -0.233512 2 1815_12.18_10.39.y+50kpc
 0.176474  0.320410 -0.225896 2 1828_11.87_10.10.y+50kpc
-0.394260  0.028226  0.366716 2 1940_11.84_9.865.y+50kpc
-0.380182  0.379934 -0.091062 2 2055_11.98_10.41.y+50kpc
-0.488722  0.431486 -0.058907 2 2056_11.99_10.57.y+50kpc
-0.345159  0.395997 -0.084897 2 2058_11.85_10.19.y+50kpc
-0.215780  0.497275 -0.037457 2 2066_12.06_10.49.y+50kpc
-0.307885  0.346921  0.484824 2 2159_11.99_10.07.y+50kpc
 0.037220  0.015811 -0.116810 2 2181_11.91_10.23.y+50kpc
-0.173940 -0.093149  0.410602 2 2272_11.88_9.987.y+50kpc
-0.023001  0.010139  0.432689 2 2299_12.08_10.40.y+50kpc
 0.182686  0.012874  0.499036 2 2319_12.03_10.24.y+50kpc
 0.019994  0.039020 -0.116386 2 2322_12.22_10.58.y+50kpc
-0.007798  0.091747  0.097117 2 2336_11.98_10.34.y+50kpc
-0.023991  0.093179  0.141734 2 2358_11.90_10.15.y+50kpc
-0.165185  0.041018  0.327504 2 2425_12.22_10.56.y+50kpc
-0.208975  0.270732  0.337660 2 2472_11.98_10.29.y+50kpc
 0.184967  0.249080  0.475419 2 2486_11.90_9.798.y+50kpc
 0.069954  0.271611  0.499216 2 2491_11.79_10.05.y+50kpc
 0.253123  0.339311 -0.244093 2 2548_11.83_9.843.y+50kpc
 0.311637  0.332368 -0.126102 2 2571_11.93_10.39.y+50kpc
 0.375856  0.381649 -0.318033 2 2585_11.93_10.18.y+50kpc
 0.337061  0.416631 -0.321049 2 2693_11.76_10.03.y+50kpc
 0.303247  0.497514 -0.264823 2 2715_11.85_10.21.y+50kpc
 0.271732  0.444157 -0.243216 2 2779_11.78_9.940.y+50kpc
 0.289610  0.424399 -0.199169 2 2785_12.24_10.70.y+50kpc
 0.312223 -0.094680  0.072886 2 2842_11.97_10.24.y+50kpc
 0.353436  0.044589  0.101483 2 2849_12.20_10.69.y+50kpc
 0.351832  0.102145  0.058938 2 2853_11.85_10.21.y+50kpc
-0.287459 -0.212678 -0.423786 2 20_11.83_10.27.y+90kpc
-0.096708 -0.300798 -0.267673 2 184_11.84_10.06.y+90kpc
-0.379083 -0.418422 -0.017665 2 226_12.05_10.60.y+90kpc
-0.367787 -0.442208  0.314506 2 255_11.98_10.39.y+90kpc
-0.438448 -0.283089  0.152272 2 278_11.75_10.00.y+90kpc
-0.313603 -0.302624  0.062420 2 285_11.81_10.06.y+90kpc
-0.345374 -0.296416  0.084953 2 288_11.83_10.00.y+90kpc
-0.188485 -0.285963 -0.018369 2 341_12.06_10.45.y+90kpc
-0.265440 -0.318926  0.004493 2 356_11.88_10.12.y+90kpc
-0.131738 -0.455478  0.302746 2 388_11.97_10.12.y+90kpc
-0.431656 -0.161100  0.363664 2 507_11.77_9.929.y+90kpc
-0.340945 -0.173495  0.394820 2 520_12.13_10.63.y+90kpc
-0.182264 -0.215133  0.484221 2 533_11.96_10.31.y+90kpc
-0.271299 -0.160125  0.425795 2 640_11.81_10.13.y+90kpc
-0.234151 -0.182959  0.457998 2 649_11.97_10.35.y+90kpc
-0.191317 -0.189709  0.465038 2 663_12.06_10.56.y+90kpc
-0.047648 -0.296137 -0.371937 2 704_11.96_10.46.y+90kpc
-0.052922 -0.253165 -0.319943 2 716_11.89_10.28.y+90kpc
 0.380539 -0.314419 -0.387551 2 944_11.77_9.950.y+90kpc
-0.026663 -0.250242 -0.253652 2 1072_12.06_10.26.y+90kpc
 0.029158 -0.280218 -0.254484 2 1092_12.04_9.881.y+90kpc
 0.070007 -0.273187 -0.232975 2 1103_11.89_10.18.y+90kpc
 0.147784 -0.324011 -0.193537 2 1133_11.79_9.868.y+90kpc
 0.340445 -0.460559 -0.264684 2 1162_12.18_10.33.y+90kpc
 0.400946 -0.362297 -0.281623 2 1174_11.96_10.06.y+90kpc
-0.033309 -0.357062  0.031995 2 1189_11.88_10.04.y+90kpc
 0.185679 -0.446646 -0.153096 2 1194_11.97_10.19.y+90kpc
 0.315309 -0.173965  0.101245 2 1269_11.75_10.13.y+90kpc
 0.371934 -0.141174  0.156481 2 1307_11.98_10.44.y+90kpc
 0.062840 -0.365932  0.244487 2 1315_11.87_10.00.y+90kpc
 0.058803 -0.422027  0.477778 2 1345_11.82_10.47.y+90kpc
 0.087461 -0.340775  0.399593 2 1353_12.12_10.54.y+90kpc
 0.174083 -0.317064  0.374663 2 1370_11.75_10.12.y+90kpc
 0.354801 -0.269506  0.372911 2 1372_11.90_10.09.y+90kpc
 0.400900 -0.217023  0.350777 2 1411_12.08_10.57.y+90kpc
 0.413986 -0.212278  0.344681 2 1416_11.78_10.03.y+90kpc
 0.407577 -0.241608  0.358568 2 1429_12.07_10.56.y+90kpc
 0.418921 -0.154241  0.203421 2 1438_12.00_10.49.y+90kpc
 0.083847 -0.098570 -0.138987 2 1534_12.02_10.34.y+90kpc
 0.091298  0.118790 -0.166883 2 1556_12.07_10.59.y+90kpc
-0.308532  0.468845 -0.251722 2 1588_11.95_10.13.y+90kpc
-0.197074  0.469261 -0.260649 2 1594_12.10_10.66.y+90kpc
-0.129006  0.452640 -0.360803 2 1610_11.78_10.30.y+90kpc
 0.138098 -0.046643 -0.323295 2 1648_12.02_10.33.y+90kpc
 0.156156  0.042152 -0.459636 2 1652_12.07_10.27.y+90kpc
 0.136333  0.149735 -0.152158 2 1678_11.87_10.15.y+90kpc
 0.164534  0.305425 -0.233512 2 1815_12.18_10.39.y+90kpc
 0.176474  0.322010 -0.225896 2 1828_11.87_10.10.y+90kpc
-0.394260  0.029826  0.366716 2 1940_11.84_9.865.y+90kpc
-0.380182  0.381534 -0.091062 2 2055_11.98_10.41.y+90kpc
-0.488722  0.433086 -0.058907 2 2056_11.99_10.57.y+90kpc
-0.345159  0.397597 -0.084897 2 2058_11.85_10.19.y+90kpc
-0.215780  0.498875 -0.037457 2 2066_12.06_10.49.y+90kpc
-0.307885  0.348521  0.484824 2 2159_11.99_10.07.y+90kpc
 0.037220  0.017411 -0.116810 2 2181_11.91_10.23.y+90kpc
-0.173940 -0.091549  0.410602 2 2272_11.88_9.987.y+90kpc
-0.023001  0.011739  0.432689 2 2299_12.08_10.40.y+90kpc
 0.182686  0.014474  0.499036 2 2319_12.03_10.24.y+90kpc
 0.019994  0.040620 -0.116386 2 2322_12.22_10.58.y+90kpc
-0.007798  0.093347  0.097117 2 2336_11.98_10.34.y+90kpc
-0.023991  0.094780  0.141734 2 2358_11.90_10.15.y+90kpc
-0.165185  0.042618  0.327504 2 2425_12.22_10.56.y+90kpc
-0.208975  0.272332  0.337660 2 2472_11.98_10.29.y+90kpc
 0.184967  0.250680  0.475419 2 2486_11.90_9.798.y+90kpc
 0.069954  0.273211  0.499216 2 2491_11.79_10.05.y+90kpc
 0.253123  0.340911 -0.244093 2 2548_11.83_9.843.y+90kpc
 0.311637  0.333968 -0.126102 2 2571_11.93_10.39.y+90kpc
 0.375856  0.383249 -0.318033 2 2585_11.93_10.18.y+90kpc
 0.337061  0.418231 -0.321049 2 2693_11.76_10.03.y+90kpc
 0.303247  0.499114 -0.264823 2 2715_11.85_10.21.y+90kpc
 0.271732  0.445757 -0.243216 2 2779_11.78_9.940.y+90kpc
 0.289610  0.425999 -0.199169 2 2785_12.24_10.70.y+90kpc
 0.312223 -0.093080  0.072886 2 2842_11.97_10.24.y+90kpc
 0.353436  0.046189  0.101483 2 2849_12.20_10.69.y+90kpc
 0.351832  0.103745  0.058938 2 2853_11.85_10.21.y+90kpc
-0.287459 -0.211078 -0.423786 2 20_11.83_10.27.y+130kpc
-0.096708 -0.299198 -0.267673 2 184_11.84_10.06.y+130kpc
-0.379083 -0.416822 -0.017665 2 226_12.05_10.60.y+130kpc
-0.367787 -0.440608  0.314506 2 255_11.98_10.39.y+130kpc
-0.438448 -0.281489  0.152272 2 278_11.75_10.00.y+130kpc
-0.313603 -0.301024  0.062420 2 285_11.81_10.06.y+130kpc
-0.345374 -0.294816  0.084953 2 288_11.83_10.00.y+130kpc
-0.188485 -0.284363 -0.018369 2 341_12.06_10.45.y+130kpc
-0.265440 -0.317326  0.004493 2 356_11.88_10.12.y+130kpc
-0.131738 -0.453878  0.302746 2 388_11.97_10.12.y+130kpc
-0.431656 -0.159500  0.363664 2 507_11.77_9.929.y+130kpc
-0.340945 -0.171895  0.394820 2 520_12.13_10.63.y+130kpc
-0.182264 -0.213533  0.484221 2 533_11.96_10.31.y+130kpc
-0.271299 -0.158525  0.425795 2 640_11.81_10.13.y+130kpc
-0.234151 -0.181359  0.457998 2 649_11.97_10.35.y+130kpc
-0.191317 -0.188109  0.465038 2 663_12.06_10.56.y+130kpc
-0.047648 -0.294537 -0.371937 2 704_11.96_10.46.y+130kpc
-0.052922 -0.251565 -0.319943 2 716_11.89_10.28.y+130kpc
 0.380539 -0.312819 -0.387551 2 944_11.77_9.950.y+130kpc
-0.026663 -0.248642 -0.253652 2 1072_12.06_10.26.y+130kpc
 0.029158 -0.278618 -0.254484 2 1092_12.04_9.881.y+130kpc
 0.070007 -0.271587 -0.232975 2 1103_11.89_10.18.y+130kpc
 0.147784 -0.322411 -0.193537 2 1133_11.79_9.868.y+130kpc
 0.340445 -0.458959 -0.264684 2 1162_12.18_10.33.y+130kpc
 0.400946 -0.360697 -0.281623 2 1174_11.96_10.06.y+130kpc
-0.033309 -0.355462  0.031995 2 1189_11.88_10.04.y+130kpc
 0.185679 -0.445046 -0.153096 2 1194_11.97_10.19.y+130kpc
 0.315309 -0.172365  0.101245 2 1269_11.75_10.13.y+130kpc
 0.371934 -0.139574  0.156481 2 1307_11.98_10.44.y+130kpc
 0.062840 -0.364332  0.244487 2 1315_11.87_10.00.y+130kpc
 0.058803 -0.420427  0.477778 2 1345_11.82_10.47.y+130kpc
 0.087461 -0.339175  0.399593 2 1353_12.12_10.54.y+130kpc
 0.174083 -0.315464  0.374663 2 1370_11.75_10.12.y+130kpc
 0.354801 -0.267906  0.372911 2 1372_11.90_10.09.y+130kpc
 0.400900 -0.215423  0.350777 2 1411_12.08_10.57.y+130kpc
 0.413986 -0.210678  0.344681 2 1416_11.78_10.03.y+130kpc
 0.407577 -0.240008  0.358568 2 1429_12.07_10.56.y+130kpc
 0.418921 -0.152641  0.203421 2 1438_12.00_10.49.y+130kpc
 0.083847 -0.096970 -0.138987 2 1534_12.02_10.34.y+130kpc
 0.091298  0.120390 -0.166883 2 1556_12.07_10.59.y+130kpc
-0.308532  0.470445 -0.251722 2 1588_11.95_10.13.y+130kpc
-0.197074  0.470861 -0.260649 2 1594_12.10_10.66.y+130kpc
-0.129006  0.454240 -0.360803 2 1610_11.78_10.30.y+130kpc
 0.138098 -0.045043 -0.323295 2 1648_12.02_10.33.y+130kpc
 0.156156  0.043752 -0.459636 2 1652_12.07_10.27.y+130kpc
 0.136333  0.151335 -0.152158 2 1678_11.87_10.15.y+130kpc
 0.164534  0.307025 -0.233512 2 1815_12.18_10.39.y+130kpc
 0.176474  0.323610 -0.225896 2 1828_11.87_10.10.y+130kpc
-0.394260  0.031426  0.366716 2 1940_11.84_9.865.y+130kpc
-0.380182  0.383134 -0.091062 2 2055_11.98_10.41.y+130kpc
-0.488722  0.434686 -0.058907 2 2056_11.99_10.57.y+130kpc
-0.345159  0.399197 -0.084897 2 2058_11.85_10.19.y+130kpc
-0.215780 -0.499525 -0.037457 2 2066_12.06_10.49.y+130kpc
-0.307885  0.350121  0.484824 2 2159_11.99_10.07.y+130kpc
 0.037220  0.019011 -0.116810 2 2181_11.91_10.23.y+130kpc
-0.173940 -0.089949  0.410602 2 2272_11.88_9.987.y+130kpc
-0.023001  0.013339  0.432689 2 2299_12.08_10.40.y+130kpc
 0.182686  0.016074  0.499036 2 2319_12.03_10.24.y+130kpc
 0.019994  0.042220 -0.116386 2 2322_12.22_10.58.y+130kpc
-0.007798  0.094947  0.097117 2 2336_11.98_10.34.y+130kpc
-0.023991  0.096379  0.141734 2 2358_11.90_10.15.y+130kpc
-0.165185  0.044218  0.327504 2 2425_12.22_10.56.y+130kpc
-0.208975  0.273932  0.337660 2 2472_11.98_10.29.y+130kpc
 0.184967  0.252280  0.475419 2 2486_11.90_9.798.y+130kpc
 0.069954  0.274811  0.499216 2 2491_11.79_10.05.y+130kpc
 0.253123  0.342511 -0.244093 2 2548_11.83_9.843.y+130kpc
 0.311637  0.335568 -0.126102 2 2571_11.93_10.39.y+130kpc
 0.375856  0.384849 -0.318033 2 2585_11.93_10.18.y+130kpc
 0.337061  0.419831 -0.321049 2 2693_11.76_10.03.y+130kpc
 0.303247 -0.499286 -0.264823 2 2715_11.85_10.21.y+130kpc
 0.271732  0.447357 -0.243216 2 2779_11.78_9.940.y+130kpc
 0.289610  0.427599 -0.199169 2 2785_12.24_10.70.y+130kpc
 0.312223 -0.091480  0.072886 2 2842_11.97_10.24.y+130kpc
 0.353436  0.047789  0.101483 2 2849_12.20_10.69.y+130kpc
 0.351832  0.105345  0.058938 2 2853_11.85_10.21.y+130kpc
-0.287459 -0.209478 -0.423786 2 20_11.83_10.27.y+170kpc
-0.096708 -0.297598 -0.267673 2 184_11.84_10.06.y+170kpc
-0.379083 -0.415222 -0.017665 2 226_12.05_10.60.y+170kpc
-0.367787 -0.439008  0.314506 2 255_11.98_10.39.y+170kpc
-0.438448 -0.279889  0.152272 2 278_11.75_10.00.y+170kpc
-0.313603 -0.299424  0.062420 2 285_11.81_10.06.y+170kpc
-0.345374 -0.293216  0.084953 2 288_11.83_10.00.y+170kpc
-0.188485 -0.282763 -0.018369 2 341_12.06_10.45.y+170kpc
-0.265440 -0.315726  0.004493 2 356_11.88_10.12.y+170kpc
-0.131738 -0.452278  0.302746 2 388_11.97_10.12.y+170kpc
-0.431656 -0.157900  0.363664 2 507_11.77_9.929.y+170kpc
-0.340945 -0.170295  0.394820 2 520_12.13_10.63.y+170kpc
-0.182264 -0.211933  0.484221 2 533_11.96_10.31.y+170kpc
-0.271299 -0.156925  0.425795 2 640_11.81_10.13.y+170kpc
-0.234151 -0.179759  0.457998 2 649_11.97_10.35.y+170kpc
-0.191317 -0.186509  0.465038 2 663_12.06_10.56.y+170kpc
-0.047648 -0.292937 -0.371937 2 704_11.96_10.46.y+170kpc
-0.052922 -0.249965 -0.319943 2 716_11.89_10.28.y+170kpc
 0.380539 -0.311219 -0.387551 2 944_11.77_9.950.y+170kpc
-0.026663 -0.247042 -0.253652 2 1072_12.06_10.26.y+170kpc
 0.029158 -0.277018 -0.254484 2 1092_12.04_9.881.y+170kpc
 0.070007 -0.269987 -0.232975 2 1103_11.89_10.18.y+170kpc
 0.147784 -0.320811 -0.193537 2 1133_11.79_9.868.y+170kpc
 0.340445 -0.457359 -0.264684 2 1162_12.18_10.33.y+170kpc
 0.400946 -0.359097 -0.281623 2 1174_11.96_10.06.y+170kpc
-0.033309 -0.353862  0.031995 2 1189_11.88_10.04.y+170kpc
 0.185679 -0.443446 -0.153096 2 1194_11.97_10.19.y+170kpc
 0.315309 -0.170765  0.101245 2 1269_11.75_10.13.y+170kpc
 0.371934 -0.137974  0.156481 2 1307_11.98_10.44.y+170kpc
 0.062840 -0.362732  0.244487 2 1315_11.87_10.00.y+170kpc
 0.058803 -0.418827  0.477778 2 1345_11.82_10.47.y+170kpc
 0.087461 -0.337575  0.399593 2 1353_12.12_10.54.y+170kpc
 0.174083 -0.313864  0.374663 2 1370_11.75_10.12.y+170kpc
 0.354801 -0.266306  0.372911 2 1372_11.90_10.09.y+170kpc
 0.400900 -0.213823  0.350777 2 1411_12.08_10.57.y+170kpc
 0.413986 -0.209078  0.344681 2 1416_11.78_10.03.y+170kpc
 0.407577 -0.238408  0.358568 2 1429_12.07_10.56.y+170kpc
 0.418921 -0.151041  0.203421 2 1438_12.00_10.49.y+170kpc
 0.083847 -0.095370 -0.138987 2 1534_12.02_10.34.y+170kpc
 0.091298  0.121990 -0.166883 2 1556_12.07_10.59.y+170kpc
-0.308532  0.472045 -0.251722 2 1588_11.95_10.13.y+170kpc
-0.197074  0.472461 -0.260649 2 1594_12.10_10.66.y+170kpc
-0.129006  0.455840 -0.360803 2 1610_11.78_10.30.y+170kpc
 0.138098 -0.043443 -0.323295 2 1648_12.02_10.33.y+170kpc
 0.156156  0.045352 -0.459636 2 1652_12.07_10.27.y+170kpc
 0.136333  0.152935 -0.152158 2 1678_11.87_10.15.y+170kpc
 0.164534  0.308625 -0.233512 2 1815_12.18_10.39.y+170kpc
 0.176474  0.325210 -0.225896 2 1828_11.87_10.10.y+170kpc
-0.394260  0.033026  0.366716 2 1940_11.84_9.865.y+170kpc
-0.380182  0.384734 -0.091062 2 2055_11.98_10.41.y+170kpc
-0.488722  0.436286 -0.058907 2 2056_11.99_10.57.y+170kpc
-0.345159  0.400797 -0.084897 2 2058_11.85_10.19.y+170kpc
-0.215780 -0.497925 -0.037457 2 2066_12.06_10.49.y+170kpc
-0.307885  0.351721  0.484824 2 2159_11.99_10.07.y+170kpc
 0.037220  0.020611 -0.116810 2 2181_11.91_10.23.y+170kpc
-0.173940 -0.088349  0.410602 2 2272_11.88_9.987.y+170kpc
-0.023001  0.014939  0.432689 2 2299_12.08_10.40.y+170kpc
 0.182686  0.017674  0.499036 2 2319_12.03_10.24.y+170kpc
 0.019994  0.043820 -0.116386 2 2322_12.22_10.58.y+170kpc
-0.007798  0.096547  0.097117 2 2336_11.98_10.34.y+170kpc
-0.023991  0.097979  0.141734 2 2358_11.90_10.15.y+170kpc
-0.165185  0.045818  0.327504 2 2425_12.22_10.56.y+170kpc
-0.208975  0.275532  0.337660 2 2472_11.98_10.29.y+170kpc
 0.184967  0.253880  0.475419 2 2486_11.90_9.798.y+170kpc
 0.069954  0.276411  0.499216 2 2491_11.79_10.05.y+170kpc
 0.253123  0.344111 -0.244093 2 2548_11.83_9.843.y+170kpc
 0.311637  0.337168 -0.126102 2 2571_11.93_10.39.y+170kpc
 0.375856  0.386449 -0.318033 2 2585_11.93_10.18.y+170kpc
 0.337061  0.421431 -0.321049 2 2693_11.76_10.03.y+170kpc
 0.303247 -0.497686 -0.264823 2 2715_11.85_10.21.y+170kpc
 0.271732  0.448957 -0.243216 2 2779_11.78_9.940.y+170kpc
 0.289610  0.429199 -0.199169 2 2785_12.24_10.70.y+170kpc
 0.312223 -0.089880  0.072886 2 2842_11.97_10.24.y+170kpc
 0.353436  0.049389  0.101483 2 2849_12.20_10.69.y+170kpc
 0.351832  0.106945  0.058938 2 2853_11.85_10.21.y+170kpc
-0.287459 -0.207878 -0.423786 2 20_11.83_10.27.y+210kpc
-0.096708 -0.295998 -0.267673 2 184_11.84_10.06.y+210kpc
-0.379083 -0.413622 -0.017665 2 226_12.05_10.60.y+210kpc
-0.367787 -0.437408  0.314506 2 255_11.98_10.39.y+210kpc
-0.438448 -0.278289  0.152272 2 278_11.75_10.00.y+210kpc
-0.313603 -0.297824  0.062420 2 285_11.81_10.06.y+210kpc
-0.345374 -0.291616  0.084953 2 288_11.83_10.00.y+210kpc
-0.188485 -0.281163 -0.018369 2 341_12.06_10.45.y+210kpc
-0.265440 -0.314126  0.004493 2 356_11.88_10.12.y+210kpc
-0.131738 -0.450678  0.302746 2 388_11.97_10.12.y+210kpc
-0.431656 -0.156300  0.363664 2 507_11.77_9.929.y+210kpc
-0.340945 -0.168695  0.394820 2 520_12.13_10.63.y+210kpc
-0.182264 -0.210333  0.484221 2 533_11.96_10.31.y+210kpc
-0.271299 -0.155325  0.425795 2 640_11.81_10.13.y+210kpc
-0.234151 -0.178159  0.457998 2 649_11.97_10.35.y+210kpc
-0.191317 -0.184909  0.465038 2 663_12.06_10.56.y+210kpc
-0.047648 -0.291337 -0.371937 2 704_11.96_10.46.y+210kpc
-0.052922 -0.248365 -0.319943 2 716_11.89_10.28.y+210kpc
 0.380539 -0.309619 -0.387551 2 944_11.77_9.950.y+210kpc
-0.026663 -0.245442 -0.253652 2 1072_12.06_10.26.y+210kpc
 0.029158 -0.275418 -0.254484 2 1092_12.04_9.881.y+210kpc
 0.070007 -0.268387 -0.232975 2 1103_11.89_10.18.y+210kpc
 0.147784 -0.319211 -0.193537 2 1133_11.79_9.868.y+210kpc
 0.340445 -0.455759 -0.264684 2 1162_12.18_10.33.y+210kpc
 0.400946 -0.357497 -0.281623 2 1174_11.96_10.06.y+210kpc
-0.033309 -0.352262  0.031995 2 1189_11.88_10.04.y+210kpc
 0.185679 -0.441846 -0.153096 2 1194_11.97_10.19.y+210kpc
 0.315309 -0.169165  0.101245 2 1269_11.75_10.13.y+210kpc
 0.371934 -0.136374  0.156481 2 1307_11.98_10.44.y+210kpc
 0.062840 -0.361132  0.244487 2 1315_11.87_10.00.y+210kpc
 0.058803 -0.417227  0.477778 2 1345_11.82_10.47.y+210kpc
 0.087461 -0.335975  0.399593 2 1353_12.12_10.54.y+210kpc
 0.174083 -0.312264  0.374663 2 1370_11.75_10.12.y+210kpc
 0.354801 -0.264706  0.372911 2 1372_11.90_10.09.y+210kpc
 0.400900 -0.212223  0.350777 2 1411_12.08_10.57.y+210kpc
 0.413986 -0.207478  0.344681 2 1416_11.78_10.03.y+210kpc
 0.407577 -0.236808  0.358568 2 1429_12.07_10.56.y+210kpc
 0.418921 -0.149441  0.203421 2 1438_12.00_10.49.y+210kpc
 0.083847 -0.093770 -0.138987 2 1534_12.02_10.34.y+210kpc
 0.091298  0.123590 -0.166883 2 1556_12.07_10.59.y+210kpc
-0.308532  0.473645 -0.251722 2 1588_11.95_10.13.y+210kpc
-0.197074  0.474061 -0.260649 2 1594_12.10_10.66.y+210kpc
-0.129006  0.457440 -0.360803 2 1610_11.78_10.30.y+210kpc
 0.138098 -0.041843 -0.323295 2 1648_12.02_10.33.y+210kpc
 0.156156  0.046952 -0.459636 2 1652_12.07_10.27.y+210kpc
 0.136333  0.154535 -0.152158 2 1678_11.87_10.15.y+210kpc
 0.164534  0.310225 -0.233512 2 1815_12.18_10.39.y+210kpc
 0.176474  0.326810 -0.225896 2 1828_11.87_10.10.y+210kpc
-0.394260  0.034626  0.366716 2 1940_11.84_9.865.y+210kpc
-0.380182  0.386334 -0.091062 2 2055_11.98_10.41.y+210kpc
-0.488722  0.437886 -0.058907 2 2056_11.99_10.57.y+210kpc
-0.345159  0.402397 -0.084897 2 2058_11.85_10.19.y+210kpc
-0.215780 -0.496325 -0.037457 2 2066_12.06_10.49.y+210kpc
-0.307885  0.353321  0.484824 2 2159_11.99_10.07.y+210kpc
 0.037220  0.022211 -0.116810 2 2181_11.91_10.23.y+210kpc
-0.173940 -0.086749  0.410602 2 2272_11.88_9.987.y+210kpc
-0.023001  0.016539  0.432689 2 2299_12.08_10.40.y+210kpc
 0.182686  0.019274  0.499036 2 2319_12.03_10.24.y+210kpc
 0.019994  0.045420 -0.116386 2 2322_12.22_10.58.y+210kpc
-0.007798  0.098147  0.097117 2 2336_11.98_10.34.y+210kpc
-0.023991  0.099580  0.141734 2 2358_11.90_10.15.y+210kpc
-0.165185  0.047418  0.327504 2 2425_12.22_10.56.y+210kpc
-0.208975  0.277132  0.337660 2 2472_11.98_10.29.y+210kpc
 0.184967  0.255480  0.475419 2 2486_11.90_9.798.y+210kpc
 0.069954  0.278011  0.499216 2 2491_11.79_10.05.y+210kpc
 0.253123  0.345711 -0.244093 2 2548_11.83_9.843.y+210kpc
 0.311637  0.338768 -0.126102 2 2571_11.93_10.39.y+210kpc
 0.375856  0.388049 -0.318033 2 2585_11.93_10.18.y+210kpc
 0.337061  0.423031 -0.321049 2 2693_11.76_10.03.y+210kpc
 0.303247 -0.496086 -0.264823 2 2715_11.85_10.21.y+210kpc
 0.271732  0.450557 -0.243216 2 2779_11.78_9.940.y+210kpc
 0.289610  0.430799 -0.199169 2 2785_12.24_10.70.y+210kpc
 0.312223 -0.088280  0.072886 2 2842_11.97_10.24.y+210kpc
 0.353436  0.050989  0.101483 2 2849_12.20_10.69.y+210kpc
 0.351832  0.108545  0.058938 2 2853_11.85_10.21.y+210kpc
-0.287459 -0.206278 -0.423786 2 20_11.83_10.27.y+250kpc
-0.096708 -0.294398 -0.267673 2 184_11.84_10.06.y+250kpc
-0.379083 -0.412022 -0.017665 2 226_12.05_10.60.y+250kpc
-0.367787 -0.435808  0.314506 2 255_11.98_10.39.y+250kpc
-0.438448 -0.276689  0.152272 2 278_11.75_10.00.y+250kpc
-0.313603 -0.296224  0.062420 2 285_11.81_10.06.y+250kpc
-0.345374 -0.290016  0.084953 2 288_11.83_10.00.y+250kpc
-0.188485 -0.279563 -0.018369 2 341_12.06_10.45.y+250kpc
-0.265440 -0.312526  0.004493 2 356_11.88_10.12.y+250kpc
-0.131738 -0.449078  0.302746 2 388_11.97_10.12.y+250kpc
-0.431656 -0.154700  0.363664 2 507_11.77_9.929.y+250kpc
-0.340945 -0.167095  0.394820 2 520_12.13_10.63.y+250kpc
-0.182264 -0.208733  0.484221 2 533_11.96_10.31.y+250kpc
-0.271299 -0.153725  0.425795 2 640_11.81_10.13.y+250kpc
-0.234151 -0.176559  0.457998 2 649_11.97_10.35.y+250kpc
-0.191317 -0.183309  0.465038 2 663_12.06_10.56.y+250kpc
-0.047648 -0.289737 -0.371937 2 704_11.96_10.46.y+250kpc
-0.052922 -0.246765 -0.319943 2 716_11.89_10.28.y+250kpc
 0.380539 -0.308019 -0.387551 2 944_11.77_9.950.y+250kpc
-0.026663 -0.243842 -0.253652 2 1072_12.06_10.26.y+250kpc
 0.029158 -0.273818 -0.254484 2 1092_12.04_9.881.y+250kpc
 0.070007 -0.266787 -0.232975 2 1103_11.89_10.18.y+250kpc
 0.147784 -0.317611 -0.193537 2 1133_11.79_9.868.y+250kpc
 0.340445 -0.454159 -0.264684 2 1162_12.18_10.33.y+250kpc
 0.400946 -0.355897 -0.281623 2 1174_11.96_10.06.y+250kpc
-0.033309 -0.350662  0.031995 2 1189_11.88_10.04.y+250kpc
 0.185679 -0.440246 -0.153096 2 1194_11.97_10.19.y+250kpc
 0.315309 -0.167565  0.101245 2 1269_11.75_10.13.y+250kpc
 0.371934 -0.134774  0.156481 2 1307_11.98_10.44.y+250kpc
 0.062840 -0.359532  0.244487 2 1315_11.87_10.00.y+250kpc
 0.058803 -0.415627  0.477778 2 1345_11.82_10.47.y+250kpc
 0.087461 -0.334375  0.399593 2 1353_12.12_10.54.y+250kpc
 0.174083 -0.310664  0.374663 2 1370_11.75_10.12.y+250kpc
 0.354801 -0.263106  0.372911 2 1372_11.90_10.09.y+250kpc
 0.400900 -0.210623  0.350777 2 1411_12.08_10.57.y+250kpc
 0.413986 -0.205878  0.344681 2 1416_11.78_10.03.y+250kpc
 0.407577 -0.235208  0.358568 2 1429_12.07_10.56.y+250kpc
 0.418921 -0.147841  0.203421 2 1438_12.00_10.49.y+250kpc
 0.083847 -0.092170 -0.138987 2 1534_12.02_10.34.y+250kpc
 0.091298  0.125190 -0.166883 2 1556_12.07_10.59.y+250kpc
-0.308532  0.475245 -0.251722 2 1588_11.95_10.13.y+250kpc
-0.197074  0.475661 -0.260649 2 1594_12.10_10.66.y+250kpc
-0.129006  0.459040 -0.360803 2 1610_11.78_10.30.y+250kpc
 0.138098 -0.040243 -0.323295 2 1648_12.02_10.33.y+250kpc
 0.156156  0.048552 -0.459636 2 1652_12.07_10.27.y+250kpc
 0.136333  0.156135 -0.152158 2 1678_11.87_10.15.y+250kpc
 0.164534  0.311825 -0.233512 2 1815_12.18_10.39.y+250kpc
 0.176474  0.328410 -0.225896 2 1828_11.87_10.10.y+250kpc
-0.394260  0.036226  0.366716 2 1940_11.84_9.865.y+250kpc
-0.380182  0.387934 -0.091062 2 2055_11.98_10.41.y+250kpc
-0.488722  0.439486 -0.058907 2 2056_11.99_10.57.y+250kpc
-0.345159  0.403997 -0.084897 2 2058_11.85_10.19.y+250kpc
-0.215780 -0.494725 -0.037457 2 2066_12.06_10.49.y+250kpc
-0.307885  0.354921  0.484824 2 2159_11.99_10.07.y+250kpc
 0.037220  0.023811 -0.116810 2 2181_11.91_10.23.y+250kpc
-0.173940 -0.085149  0.410602 2 2272_11.88_9.987.y+250kpc
-0.023001  0.018139  0.432689 2 2299_12.08_10.40.y+250kpc
 0.182686  0.020874  0.499036 2 2319_12.03_10.24.y+250kpc
 0.019994  0.047020 -0.116386 2 2322_12.22_10.58.y+250kpc
-0.007798  0.099747  0.097117 2 2336_11.98_10.34.y+250kpc
-0.023991  0.101179  0.141734 2 2358_11.90_10.15.y+250kpc
-0.165185  0.049018  0.327504 2 2425_12.22_10.56.y+250kpc
-0.208975  0.278732  0.337660 2 2472_11.98_10.29.y+250kpc
 0.184967  0.257080  0.475419 2 2486_11.90_9.798.y+250kpc
 0.069954  0.279611  0.499216 2 2491_11.79_10.05.y+250kpc
 0.253123  0.347311 -0.244093 2 2548_11.83_9.843.y+250kpc
 0.311637  0.340368 -0.126102 2 2571_11.93_10.39.y+250kpc
 0.375856  0.389649 -0.318033 2 2585_11.93_10.18.y+250kpc
 0.337061  0.424631 -0.321049 2 2693_11.76_10.03.y+250kpc
 0.303247 -0.494486 -0.264823 2 2715_11.85_10.21.y+250kpc
 0.271732  0.452157 -0.243216 2 2779_11.78_9.940.y+250kpc
 0.289610  0.432399 -0.199169 2 2785_12.24_10.70.y+250kpc
 0.312223 -0.086680  0.072886 2 2842_11.97_10.24.y+250kpc
 0.353436  0.052589  0.101483 2 2849_12.20_10.69.y+250kpc
 0.351832  0.110145  0.058938 2 2853_11.85_10.21.y+250kpc
-0.287459 -0.204678 -0.423786 2 20_11.83_10.27.y+290kpc
-0.096708 -0.292798 -0.267673 2 184_11.84_10.06.y+290kpc
-0.379083 -0.410422 -0.017665 2 226_12.05_10.60.y+290kpc
-0.367787 -0.434208  0.314506 2 255_11.98_10.39.y+290kpc
-0.438448 -0.275089  0.152272 2 278_11.75_10.00.y+290kpc
-0.313603 -0.294624  0.062420 2 285_11.81_10.06.y+290kpc
-0.345374 -0.288416  0.084953 2 288_11.83_10.00.y+290kpc
-0.188485 -0.277963 -0.018369 2 341_12.06_10.45.y+290kpc
-0.265440 -0.310926  0.004493 2 356_11.88_10.12.y+290kpc
-0.131738 -0.447478  0.302746 2 388_11.97_10.12.y+290kpc
-0.431656 -0.153100  0.363664 2 507_11.77_9.929.y+290kpc
-0.340945 -0.165495  0.394820 2 520_12.13_10.63.y+290kpc
-0.182264 -0.207133  0.484221 2 533_11.96_10.31.y+290kpc
-0.271299 -0.152125  0.425795 2 640_11.81_10.13.y+290kpc
-0.234151 -0.174959  0.457998 2 649_11.97_10.35.y+290kpc
-0.191317 -0.181709  0.465038 2 663_12.06_10.56.y+290kpc
-0.047648 -0.288137 -0.371937 2 704_11.96_10.46.y+290kpc
-0.052922 -0.245165 -0.319943 2 716_11.89_10.28.y+290kpc
 0.380539 -0.306419 -0.387551 2 944_11.77_9.950.y+290kpc
-0.026663 -0.242242 -0.253652 2 1072_12.06_10.26.y+290kpc
 0.029158 -0.272218 -0.254484 2 1092_12.04_9.881.y+290kpc
 0.070007 -0.265187 -0.232975 2 1103_11.89_10.18.y+290kpc
 0.147784 -0.316011 -0.193537 2 1133_11.79_9.868.y+290kpc
 0.340445 -0.452559 -0.264684 2 1162_12.18_10.33.y+290kpc
 0.400946 -0.354297 -0.281623 2 1174_11.96_10.06.y+290kpc
-0.033309 -0.349062  0.031995 2 1189_11.88_10.04.y+290kpc
 0.185679 -0.438646 -0.153096 2 1194_11.97_10.19.y+290kpc
 0.315309 -0.165965  0.101245 2 1269_11.75_10.13.y+290kpc
 0.371934 -0.133174  0.156481 2 1307_11.98_10.44.y+290kpc
 0.062840 -0.357932  0.244487 2 1315_11.87_10.00.y+290kpc
 0.058803 -0.414027  0.477778 2 1345_11.82_10.47.y+290kpc
 0.087461 -0.332775  0.399593 2 1353_12.12_10.54.y+290kpc
 0.174083 -0.309064  0.374663 2 1370_11.75_10.12.y+290kpc
 0.354801 -0.261506  0.372911 2 1372_11.90_10.09.y+290kpc
 0.400900 -0.209023  0.350777 2 1411_12.08_10.57.y+290kpc
 0.413986 -0.204278  0.344681 2 1416_11.78_10.03.y+290kpc
 0.407577 -0.233608  0.358568 2 1429_12.07_10.56.y+290kpc
 0.418921 -0.146241  0.203421 2 1438_12.00_10.49.y+290kpc
 0.083847 -0.090570 -0.138987 2 1534_12.02_10.34.y+290kpc
 0.091298  0.126790 -0.166883 2 1556_12.07_10.59.y+290kpc
-0.308532  0.476845 -0.251722 2 1588_11.95_10.13.y+290kpc
-0.197074  0.477261 -0.260649 2 1594_12.10_10.66.y+290kpc
-0.129006  0.460640 -0.360803 2 1610_11.78_10.30.y+290kpc
 0.138098 -0.038643 -0.323295 2 1648_12.02_10.33.y+290kpc
 0.156156  0.050152 -0.459636 2 1652_12.07_10.27.y+290kpc
 0.136333  0.157735 -0.152158 2 1678_11.87_10.15.y+290kpc
 0.164534  0.313425 -0.233512 2 1815_12.18_10.39.y+290kpc
 0.176474  0.330010 -0.225896 2 1828_11.87_10.10.y+290kpc
-0.394260  0.037826  0.366716 2 1940_11.84_9.865.y+290kpc
-0.380182  0.389534 -0.091062 2 2055_11.98_10.41.y+290kpc
-0.488722  0.441086 -0.058907 2 2056_11.99_10.57.y+290kpc
-0.345159  0.405597 -0.084897 2 2058_11.85_10.19.y+290kpc
-0.215780 -0.493125 -0.037457 2 2066_12.06_10.49.y+290kpc
-0.307885  0.356521  0.484824 2 2159_11.99_10.07.y+290kpc
 0.037220  0.025411 -0.116810 2 2181_11.91_10.23.y+290kpc
-0.173940 -0.083549  0.410602 2 2272_11.88_9.987.y+290kpc
-0.023001  0.019739  0.432689 2 2299_12.08_10.40.y+290kpc
 0.182686  0.022474  0.499036 2 2319_12.03_10.24.y+290kpc
 0.019994  0.048620 -0.116386 2 2322_12.22_10.58.y+290kpc
-0.007798  0.101347  0.097117 2 2336_11.98_10.34.y+290kpc
-0.023991  0.102779  0.141734 2 2358_11.90_10.15.y+290kpc
-0.165185  0.050618  0.327504 2 2425_12.22_10.56.y+290kpc
-0.208975  0.280332  0.337660 2 2472_11.98_10.29.y+290kpc
 0.184967  0.258680  0.475419 2 2486_11.90_9.798.y+290kpc
 0.069954  0.281211  0.499216 2 2491_11.79_10.05.y+290kpc
 0.253123  0.348911 -0.244093 2 2548_11.83_9.843.y+290kpc
 0.311637  0.341968 -0.126102 2 2571_11.93_10.39.y+290kpc
 0.375856  0.391249 -0.318033 2 2585_11.93_10.18.y+290kpc
 0.337061  0.426231 -0.321049 2 2693_11.76_10.03.y+290kpc
 0.303247 -0.492886 -0.264823 2 2715_11.85_10.21.y+290kpc
 0.271732  0.453757 -0.243216 2 2779_11.78_9.940.y+290kpc
 0.289610  0.433999 -0.199169 2 2785_12.24_10.70.y+290kpc
 0.312223 -0.085080  0.072886 2 2842_11.97_10.24.y+290kpc
 0.353436  0.054189  0.101483 2 2849_12.20_10.69.y+290kpc
 0.351832  0.111745  0.058938 2 2853_11.85_10.21.y+290kpc
