-0.049874 -0.299508 -0.376638 2 27_11.98_10.45.x-10kpc
-0.379902 -0.422387 -0.017719 2 265_12.07_10.59.x-10kpc
-0.152714 -0.305881 -0.262571 2 302_12.12_10.54.x-10kpc
-0.190395 -0.290323 -0.019468 2 354_12.06_10.39.x-10kpc
-0.269749 -0.323289  0.003541 2 377_11.89_10.26.x-10kpc
-0.313890 -0.304321  0.059515 2 395_11.83_10.21.x-10kpc
-0.105347 -0.306651 -0.267047 2 440_11.83_10.17.x-10kpc
-0.032735 -0.363107  0.031460 2 497_11.82_10.10.x-10kpc
-0.291202 -0.217300 -0.418708 2 521_11.81_10.19.x-10kpc
-0.053145 -0.252101 -0.325343 2 781_11.89_10.37.x-10kpc
-0.025316 -0.249307 -0.249572 2 856_12.03_10.10.x-10kpc
 0.033594 -0.279062 -0.247916 2 875_12.05_9.846.x-10kpc
-0.279437 -0.188912 -0.467967 2 909_11.77_9.868.x-10kpc
 0.014478  0.037571 -0.117903 2 1095_12.10_10.47.x-10kpc
 0.032356  0.014182 -0.113999 2 1111_11.88_10.29.x-10kpc
-0.465755  0.058732 -0.205231 2 1152_11.75_9.900.x-10kpc
-0.379112  0.375422 -0.090144 2 1211_11.98_10.55.x-10kpc
-0.344147  0.391224 -0.085014 2 1214_11.86_10.18.x-10kpc
-0.198636  0.463309 -0.260179 2 1292_12.10_10.69.x-10kpc
-0.134039  0.442569 -0.361093 2 1294_11.78_10.17.x-10kpc
-0.313936  0.459620 -0.248981 2 1381_11.91_10.25.x-10kpc
-0.485503  0.426683 -0.059384 2 1406_11.98_10.52.x-10kpc
-0.216344  0.492292 -0.035894 2 1448_12.10_10.67.x-10kpc
-0.434315 -0.289466  0.148068 2 1471_11.78_10.23.x-10kpc
-0.344497 -0.296438  0.080469 2 1477_11.86_10.17.x-10kpc
-0.367322 -0.448180  0.313486 2 1497_12.00_10.45.x-10kpc
-0.160488 -0.394850  0.307564 2 1812_11.75_10.14.x-10kpc
-0.129550 -0.463029  0.301953 2 1843_11.96_10.42.x-10kpc
-0.183125 -0.216208  0.482710 2 1974_11.96_10.41.x-10kpc
-0.233667 -0.185836  0.457816 2 2000_11.97_10.28.x-10kpc
-0.194155 -0.193847  0.461466 2 2007_12.01_10.39.x-10kpc
-0.410226 -0.083266  0.363889 2 2062_11.84_9.923.x-10kpc
-0.392170  0.025883  0.367499 2 2094_11.84_10.00.x-10kpc
-0.341422 -0.173628  0.394229 2 2149_12.14_10.60.x-10kpc
-0.387466 -0.173761  0.425875 2 2150_11.75_10.06.x-10kpc
-0.160527  0.038612  0.325082 2 2273_12.20_10.50.x-10kpc
-0.269967 -0.162447  0.424932 2 2287_11.86_10.20.x-10kpc
-0.171290 -0.090356  0.408833 2 2329_11.89_10.02.x-10kpc
-0.020660  0.009362  0.431969 2 2405_12.10_10.49.x-10kpc
-0.306366  0.343984  0.485967 2 2654_12.03_10.33.x-10kpc
-0.008852  0.089930  0.096642 2 2725_11.97_10.32.x-10kpc
-0.025106  0.092704  0.139945 2 2737_11.83_10.22.x-10kpc
-0.181347  0.235314  0.333552 2 2772_12.18_10.66.x-10kpc
-0.244756  0.251287  0.373321 2 2786_11.76_9.805.x-10kpc
-0.208481  0.270576  0.336488 2 2912_12.01_10.48.x-10kpc
 0.352292 -0.386081 -0.395122 2 3061_12.18_10.62.x-10kpc
 0.343985 -0.461996 -0.263347 2 3094_12.13_10.40.x-10kpc
 0.407108 -0.366643 -0.279771 2 3175_11.96_10.36.x-10kpc
 0.072849 -0.275248 -0.232903 2 3219_11.87_10.22.x-10kpc
 0.139035 -0.049439 -0.324764 2 3255_12.02_10.46.x-10kpc
 0.377718 -0.316982 -0.393449 2 3343_11.81_9.884.x-10kpc
 0.155614  0.039641 -0.460846 2 3429_12.09_10.48.x-10kpc
 0.164308  0.292096 -0.231640 2 3599_12.22_10.40.x-10kpc
 0.173814  0.317051 -0.227900 2 3610_11.88_10.29.x-10kpc
 0.434687  0.349154 -0.361957 2 3804_12.21_10.67.x-10kpc
 0.383027  0.355073 -0.238374 2 3833_11.81_9.944.x-10kpc
 0.383760  0.375058 -0.318967 2 3860_11.95_10.18.x-10kpc
 0.222476  0.381115 -0.218955 2 3943_12.02_10.02.x-10kpc
 0.306211  0.496341 -0.263501 2 4368_11.89_10.40.x-10kpc
 0.150566 -0.328044 -0.189042 2 4381_11.77_9.847.x-10kpc
 0.184601 -0.446842 -0.148301 2 4423_11.95_10.32.x-10kpc
 0.080741 -0.101162 -0.135597 2 4518_11.99_10.45.x-10kpc
 0.309467 -0.181136  0.099801 2 4658_11.75_10.26.x-10kpc
 0.311362 -0.095630  0.072371 2 4721_11.98_10.36.x-10kpc
 0.298648 -0.119470  0.078562 2 4724_11.81_9.991.x-10kpc
 0.374898 -0.142860  0.151702 2 4765_11.96_10.24.x-10kpc
 0.063937 -0.370073  0.243871 2 4849_11.89_10.40.x-10kpc
 0.060590 -0.427726  0.472604 2 4886_11.82_10.32.x-10kpc
 0.087773 -0.344514  0.397460 2 4895_12.09_10.51.x-10kpc
 0.175123 -0.324304  0.371456 2 4922_11.75_10.38.x-10kpc
 0.350881 -0.276111  0.371607 2 4947_11.85_10.21.x-10kpc
 0.397353 -0.220823  0.349801 2 4950_12.06_10.52.x-10kpc
 0.386554 -0.103369  0.482850 2 5132_12.14_10.46.x-10kpc
 0.399589 -0.093446  0.485481 2 5136_12.24_10.16.x-10kpc
 0.405051 -0.247868  0.357857 2 5176_12.07_10.58.x-10kpc
-0.051474 -0.299508 -0.376638 2 27_11.98_10.45.x-50kpc
-0.381502 -0.422387 -0.017719 2 265_12.07_10.59.x-50kpc
-0.154314 -0.305881 -0.262571 2 302_12.12_10.54.x-50kpc
-0.191995 -0.290323 -0.019468 2 354_12.06_10.39.x-50kpc
-0.271349 -0.323289  0.003541 2 377_11.89_10.26.x-50kpc
-0.315490 -0.304321  0.059515 2 395_11.83_10.21.x-50kpc
-0.106947 -0.306651 -0.267047 2 440_11.83_10.17.x-50kpc
-0.034335 -0.363107  0.031460 2 497_11.82_10.10.x-50kpc
-0.292802 -0.217300 -0.418708 2 521_11.81_10.19.x-50kpc
-0.054745 -0.252101 -0.325343 2 781_11.89_10.37.x-50kpc
-0.026916 -0.249307 -0.249572 2 856_12.03_10.10.x-50kpc
 0.031994 -0.279062 -0.247916 2 875_12.05_9.846.x-50kpc
-0.281037 -0.188912 -0.467967 2 909_11.77_9.868.x-50kpc
 0.012878  0.037571 -0.117903 2 1095_12.10_10.47.x-50kpc
 0.030756  0.014182 -0.113999 2 1111_11.88_10.29.x-50kpc
-0.467355  0.058732 -0.205231 2 1152_11.75_9.900.x-50kpc
-0.380712  0.375422 -0.090144 2 1211_11.98_10.55.x-50kpc
-0.345747  0.391224 -0.085014 2 1214_11.86_10.18.x-50kpc
-0.200236  0.463309 -0.260179 2 1292_12.10_10.69.x-50kpc
-0.135639  0.442569 -0.361093 2 1294_11.78_10.17.x-50kpc
-0.315536  0.459620 -0.248981 2 1381_11.91_10.25.x-50kpc
-0.487103  0.426683 -0.059384 2 1406_11.98_10.52.x-50kpc
-0.217944  0.492292 -0.035894 2 1448_12.10_10.67.x-50kpc
-0.435915 -0.289466  0.148068 2 1471_11.78_10.23.x-50kpc
-0.346097 -0.296438  0.080469 2 1477_11.86_10.17.x-50kpc
-0.368922 -0.448180  0.313486 2 1497_12.00_10.45.x-50kpc
-0.162088 -0.394850  0.307564 2 1812_11.75_10.14.x-50kpc
-0.131150 -0.463029  0.301953 2 1843_11.96_10.42.x-50kpc
-0.184725 -0.216208  0.482710 2 1974_11.96_10.41.x-50kpc
-0.235267 -0.185836  0.457816 2 2000_11.97_10.28.x-50kpc
-0.195755 -0.193847  0.461466 2 2007_12.01_10.39.x-50kpc
-0.411826 -0.083266  0.363889 2 2062_11.84_9.923.x-50kpc
-0.393770  0.025883  0.367499 2 2094_11.84_10.00.x-50kpc
-0.343022 -0.173628  0.394229 2 2149_12.14_10.60.x-50kpc
-0.389066 -0.173761  0.425875 2 2150_11.75_10.06.x-50kpc
-0.162127  0.038612  0.325082 2 2273_12.20_10.50.x-50kpc
-0.271567 -0.162447  0.424932 2 2287_11.86_10.20.x-50kpc
-0.172890 -0.090356  0.408833 2 2329_11.89_10.02.x-50kpc
-0.022260  0.009362  0.431969 2 2405_12.10_10.49.x-50kpc
-0.307966  0.343984  0.485967 2 2654_12.03_10.33.x-50kpc
-0.010452  0.089930  0.096642 2 2725_11.97_10.32.x-50kpc
-0.026706  0.092704  0.139945 2 2737_11.83_10.22.x-50kpc
-0.182947  0.235314  0.333552 2 2772_12.18_10.66.x-50kpc
-0.246356  0.251287  0.373321 2 2786_11.76_9.805.x-50kpc
-0.210081  0.270576  0.336488 2 2912_12.01_10.48.x-50kpc
 0.350692 -0.386081 -0.395122 2 3061_12.18_10.62.x-50kpc
 0.342385 -0.461996 -0.263347 2 3094_12.13_10.40.x-50kpc
 0.405508 -0.366643 -0.279771 2 3175_11.96_10.36.x-50kpc
 0.071249 -0.275248 -0.232903 2 3219_11.87_10.22.x-50kpc
 0.137435 -0.049439 -0.324764 2 3255_12.02_10.46.x-50kpc
 0.376118 -0.316982 -0.393449 2 3343_11.81_9.884.x-50kpc
 0.154014  0.039641 -0.460846 2 3429_12.09_10.48.x-50kpc
 0.162708  0.292096 -0.231640 2 3599_12.22_10.40.x-50kpc
 0.172214  0.317051 -0.227900 2 3610_11.88_10.29.x-50kpc
 0.433087  0.349154 -0.361957 2 3804_12.21_10.67.x-50kpc
 0.381427  0.355073 -0.238374 2 3833_11.81_9.944.x-50kpc
 0.382160  0.375058 -0.318967 2 3860_11.95_10.18.x-50kpc
 0.220876  0.381115 -0.218955 2 3943_12.02_10.02.x-50kpc
 0.304611  0.496341 -0.263501 2 4368_11.89_10.40.x-50kpc
 0.148966 -0.328044 -0.189042 2 4381_11.77_9.847.x-50kpc
 0.183001 -0.446842 -0.148301 2 4423_11.95_10.32.x-50kpc
 0.079141 -0.101162 -0.135597 2 4518_11.99_10.45.x-50kpc
 0.307867 -0.181136  0.099801 2 4658_11.75_10.26.x-50kpc
 0.309762 -0.095630  0.072371 2 4721_11.98_10.36.x-50kpc
 0.297048 -0.119470  0.078562 2 4724_11.81_9.991.x-50kpc
 0.373298 -0.142860  0.151702 2 4765_11.96_10.24.x-50kpc
 0.062337 -0.370073  0.243871 2 4849_11.89_10.40.x-50kpc
 0.058990 -0.427726  0.472604 2 4886_11.82_10.32.x-50kpc
 0.086173 -0.344514  0.397460 2 4895_12.09_10.51.x-50kpc
 0.173523 -0.324304  0.371456 2 4922_11.75_10.38.x-50kpc
 0.349281 -0.276111  0.371607 2 4947_11.85_10.21.x-50kpc
 0.395753 -0.220823  0.349801 2 4950_12.06_10.52.x-50kpc
 0.384954 -0.103369  0.482850 2 5132_12.14_10.46.x-50kpc
 0.397989 -0.093446  0.485481 2 5136_12.24_10.16.x-50kpc
 0.403451 -0.247868  0.357857 2 5176_12.07_10.58.x-50kpc
-0.053074 -0.299508 -0.376638 2 27_11.98_10.45.x-90kpc
-0.383102 -0.422387 -0.017719 2 265_12.07_10.59.x-90kpc
-0.155914 -0.305881 -0.262571 2 302_12.12_10.54.x-90kpc
-0.193595 -0.290323 -0.019468 2 354_12.06_10.39.x-90kpc
-0.272949 -0.323289  0.003541 2 377_11.89_10.26.x-90kpc
-0.317090 -0.304321  0.059515 2 395_11.83_10.21.x-90kpc
-0.108547 -0.306651 -0.267047 2 440_11.83_10.17.x-90kpc
-0.035935 -0.363107  0.031460 2 497_11.82_10.10.x-90kpc
-0.294402 -0.217300 -0.418708 2 521_11.81_10.19.x-90kpc
-0.056345 -0.252101 -0.325343 2 781_11.89_10.37.x-90kpc
-0.028516 -0.249307 -0.249572 2 856_12.03_10.10.x-90kpc
 0.030394 -0.279062 -0.247916 2 875_12.05_9.846.x-90kpc
-0.282637 -0.188912 -0.467967 2 909_11.77_9.868.x-90kpc
 0.011278  0.037571 -0.117903 2 1095_12.10_10.47.x-90kpc
 0.029156  0.014182 -0.113999 2 1111_11.88_10.29.x-90kpc
-0.468955  0.058732 -0.205231 2 1152_11.75_9.900.x-90kpc
-0.382312  0.375422 -0.090144 2 1211_11.98_10.55.x-90kpc
-0.347347  0.391224 -0.085014 2 1214_11.86_10.18.x-90kpc
-0.201836  0.463309 -0.260179 2 1292_12.10_10.69.x-90kpc
-0.137239  0.442569 -0.361093 2 1294_11.78_10.17.x-90kpc
-0.317136  0.459620 -0.248981 2 1381_11.91_10.25.x-90kpc
-0.488703  0.426683 -0.059384 2 1406_11.98_10.52.x-90kpc
-0.219544  0.492292 -0.035894 2 1448_12.10_10.67.x-90kpc
-0.437515 -0.289466  0.148068 2 1471_11.78_10.23.x-90kpc
-0.347697 -0.296438  0.080469 2 1477_11.86_10.17.x-90kpc
-0.370522 -0.448180  0.313486 2 1497_12.00_10.45.x-90kpc
-0.163688 -0.394850  0.307564 2 1812_11.75_10.14.x-90kpc
-0.132750 -0.463029  0.301953 2 1843_11.96_10.42.x-90kpc
-0.186325 -0.216208  0.482710 2 1974_11.96_10.41.x-90kpc
-0.236867 -0.185836  0.457816 2 2000_11.97_10.28.x-90kpc
-0.197355 -0.193847  0.461466 2 2007_12.01_10.39.x-90kpc
-0.413426 -0.083266  0.363889 2 2062_11.84_9.923.x-90kpc
-0.395370  0.025883  0.367499 2 2094_11.84_10.00.x-90kpc
-0.344622 -0.173628  0.394229 2 2149_12.14_10.60.x-90kpc
-0.390666 -0.173761  0.425875 2 2150_11.75_10.06.x-90kpc
-0.163727  0.038612  0.325082 2 2273_12.20_10.50.x-90kpc
-0.273167 -0.162447  0.424932 2 2287_11.86_10.20.x-90kpc
-0.174490 -0.090356  0.408833 2 2329_11.89_10.02.x-90kpc
-0.023860  0.009362  0.431969 2 2405_12.10_10.49.x-90kpc
-0.309566  0.343984  0.485967 2 2654_12.03_10.33.x-90kpc
-0.012052  0.089930  0.096642 2 2725_11.97_10.32.x-90kpc
-0.028306  0.092704  0.139945 2 2737_11.83_10.22.x-90kpc
-0.184547  0.235314  0.333552 2 2772_12.18_10.66.x-90kpc
-0.247956  0.251287  0.373321 2 2786_11.76_9.805.x-90kpc
-0.211681  0.270576  0.336488 2 2912_12.01_10.48.x-90kpc
 0.349092 -0.386081 -0.395122 2 3061_12.18_10.62.x-90kpc
 0.340785 -0.461996 -0.263347 2 3094_12.13_10.40.x-90kpc
 0.403908 -0.366643 -0.279771 2 3175_11.96_10.36.x-90kpc
 0.069649 -0.275248 -0.232903 2 3219_11.87_10.22.x-90kpc
 0.135835 -0.049439 -0.324764 2 3255_12.02_10.46.x-90kpc
 0.374518 -0.316982 -0.393449 2 3343_11.81_9.884.x-90kpc
 0.152414  0.039641 -0.460846 2 3429_12.09_10.48.x-90kpc
 0.161108  0.292096 -0.231640 2 3599_12.22_10.40.x-90kpc
 0.170614  0.317051 -0.227900 2 3610_11.88_10.29.x-90kpc
 0.431487  0.349154 -0.361957 2 3804_12.21_10.67.x-90kpc
 0.379827  0.355073 -0.238374 2 3833_11.81_9.944.x-90kpc
 0.380560  0.375058 -0.318967 2 3860_11.95_10.18.x-90kpc
 0.219276  0.381115 -0.218955 2 3943_12.02_10.02.x-90kpc
 0.303011  0.496341 -0.263501 2 4368_11.89_10.40.x-90kpc
 0.147366 -0.328044 -0.189042 2 4381_11.77_9.847.x-90kpc
 0.181401 -0.446842 -0.148301 2 4423_11.95_10.32.x-90kpc
 0.077541 -0.101162 -0.135597 2 4518_11.99_10.45.x-90kpc
 0.306267 -0.181136  0.099801 2 4658_11.75_10.26.x-90kpc
 0.308162 -0.095630  0.072371 2 4721_11.98_10.36.x-90kpc
 0.295448 -0.119470  0.078562 2 4724_11.81_9.991.x-90kpc
 0.371698 -0.142860  0.151702 2 4765_11.96_10.24.x-90kpc
 0.060737 -0.370073  0.243871 2 4849_11.89_10.40.x-90kpc
 0.057390 -0.427726  0.472604 2 4886_11.82_10.32.x-90kpc
 0.084573 -0.344514  0.397460 2 4895_12.09_10.51.x-90kpc
 0.171923 -0.324304  0.371456 2 4922_11.75_10.38.x-90kpc
 0.347681 -0.276111  0.371607 2 4947_11.85_10.21.x-90kpc
 0.394153 -0.220823  0.349801 2 4950_12.06_10.52.x-90kpc
 0.383354 -0.103369  0.482850 2 5132_12.14_10.46.x-90kpc
 0.396389 -0.093446  0.485481 2 5136_12.24_10.16.x-90kpc
 0.401851 -0.247868  0.357857 2 5176_12.07_10.58.x-90kpc
-0.054674 -0.299508 -0.376638 2 27_11.98_10.45.x-130kpc
-0.384702 -0.422387 -0.017719 2 265_12.07_10.59.x-130kpc
-0.157514 -0.305881 -0.262571 2 302_12.12_10.54.x-130kpc
-0.195195 -0.290323 -0.019468 2 354_12.06_10.39.x-130kpc
-0.274549 -0.323289  0.003541 2 377_11.89_10.26.x-130kpc
-0.318690 -0.304321  0.059515 2 395_11.83_10.21.x-130kpc
-0.110147 -0.306651 -0.267047 2 440_11.83_10.17.x-130kpc
-0.037535 -0.363107  0.031460 2 497_11.82_10.10.x-130kpc
-0.296002 -0.217300 -0.418708 2 521_11.81_10.19.x-130kpc
-0.057945 -0.252101 -0.325343 2 781_11.89_10.37.x-130kpc
-0.030116 -0.249307 -0.249572 2 856_12.03_10.10.x-130kpc
 0.028794 -0.279062 -0.247916 2 875_12.05_9.846.x-130kpc
-0.284237 -0.188912 -0.467967 2 909_11.77_9.868.x-130kpc
 0.009678  0.037571 -0.117903 2 1095_12.10_10.47.x-130kpc
 0.027556  0.014182 -0.113999 2 1111_11.88_10.29.x-130kpc
-0.470555  0.058732 -0.205231 2 1152_11.75_9.900.x-130kpc
-0.383912  0.375422 -0.090144 2 1211_11.98_10.55.x-130kpc
-0.348947  0.391224 -0.085014 2 1214_11.86_10.18.x-130kpc
-0.203436  0.463309 -0.260179 2 1292_12.10_10.69.x-130kpc
-0.138839  0.442569 -0.361093 2 1294_11.78_10.17.x-130kpc
-0.318736  0.459620 -0.248981 2 1381_11.91_10.25.x-130kpc
-0.490303  0.426683 -0.059384 2 1406_11.98_10.52.x-130kpc
-0.221144  0.492292 -0.035894 2 1448_12.10_10.67.x-130kpc
-0.439115 -0.289466  0.148068 2 1471_11.78_10.23.x-130kpc
-0.349297 -0.296438  0.080469 2 1477_11.86_10.17.x-130kpc
-0.372122 -0.448180  0.313486 2 1497_12.00_10.45.x-130kpc
-0.165288 -0.394850  0.307564 2 1812_11.75_10.14.x-130kpc
-0.134350 -0.463029  0.301953 2 1843_11.96_10.42.x-130kpc
-0.187925 -0.216208  0.482710 2 1974_11.96_10.41.x-130kpc
-0.238467 -0.185836  0.457816 2 2000_11.97_10.28.x-130kpc
-0.198955 -0.193847  0.461466 2 2007_12.01_10.39.x-130kpc
-0.415026 -0.083266  0.363889 2 2062_11.84_9.923.x-130kpc
-0.396970  0.025883  0.367499 2 2094_11.84_10.00.x-130kpc
-0.346222 -0.173628  0.394229 2 2149_12.14_10.60.x-130kpc
-0.392266 -0.173761  0.425875 2 2150_11.75_10.06.x-130kpc
-0.165327  0.038612  0.325082 2 2273_12.20_10.50.x-130kpc
-0.274767 -0.162447  0.424932 2 2287_11.86_10.20.x-130kpc
-0.176090 -0.090356  0.408833 2 2329_11.89_10.02.x-130kpc
-0.025460  0.009362  0.431969 2 2405_12.10_10.49.x-130kpc
-0.311166  0.343984  0.485967 2 2654_12.03_10.33.x-130kpc
-0.013652  0.089930  0.096642 2 2725_11.97_10.32.x-130kpc
-0.029906  0.092704  0.139945 2 2737_11.83_10.22.x-130kpc
-0.186147  0.235314  0.333552 2 2772_12.18_10.66.x-130kpc
-0.249556  0.251287  0.373321 2 2786_11.76_9.805.x-130kpc
-0.213281  0.270576  0.336488 2 2912_12.01_10.48.x-130kpc
 0.347492 -0.386081 -0.395122 2 3061_12.18_10.62.x-130kpc
 0.339185 -0.461996 -0.263347 2 3094_12.13_10.40.x-130kpc
 0.402308 -0.366643 -0.279771 2 3175_11.96_10.36.x-130kpc
 0.068049 -0.275248 -0.232903 2 3219_11.87_10.22.x-130kpc
 0.134235 -0.049439 -0.324764 2 3255_12.02_10.46.x-130kpc
 0.372918 -0.316982 -0.393449 2 3343_11.81_9.884.x-130kpc
 0.150814  0.039641 -0.460846 2 3429_12.09_10.48.x-130kpc
 0.159508  0.292096 -0.231640 2 3599_12.22_10.40.x-130kpc
 0.169014  0.317051 -0.227900 2 3610_11.88_10.29.x-130kpc
 0.429887  0.349154 -0.361957 2 3804_12.21_10.67.x-130kpc
 0.378227  0.355073 -0.238374 2 3833_11.81_9.944.x-130kpc
 0.378960  0.375058 -0.318967 2 3860_11.95_10.18.x-130kpc
 0.217676  0.381115 -0.218955 2 3943_12.02_10.02.x-130kpc
 0.301411  0.496341 -0.263501 2 4368_11.89_10.40.x-130kpc
 0.145766 -0.328044 -0.189042 2 4381_11.77_9.847.x-130kpc
 0.179801 -0.446842 -0.148301 2 4423_11.95_10.32.x-130kpc
 0.075941 -0.101162 -0.135597 2 4518_11.99_10.45.x-130kpc
 0.304667 -0.181136  0.099801 2 4658_11.75_10.26.x-130kpc
 0.306562 -0.095630  0.072371 2 4721_11.98_10.36.x-130kpc
 0.293848 -0.119470  0.078562 2 4724_11.81_9.991.x-130kpc
 0.370098 -0.142860  0.151702 2 4765_11.96_10.24.x-130kpc
 0.059137 -0.370073  0.243871 2 4849_11.89_10.40.x-130kpc
 0.055790 -0.427726  0.472604 2 4886_11.82_10.32.x-130kpc
 0.082973 -0.344514  0.397460 2 4895_12.09_10.51.x-130kpc
 0.170323 -0.324304  0.371456 2 4922_11.75_10.38.x-130kpc
 0.346081 -0.276111  0.371607 2 4947_11.85_10.21.x-130kpc
 0.392553 -0.220823  0.349801 2 4950_12.06_10.52.x-130kpc
 0.381754 -0.103369  0.482850 2 5132_12.14_10.46.x-130kpc
 0.394789 -0.093446  0.485481 2 5136_12.24_10.16.x-130kpc
 0.400251 -0.247868  0.357857 2 5176_12.07_10.58.x-130kpc
-0.056274 -0.299508 -0.376638 2 27_11.98_10.45.x-170kpc
-0.386302 -0.422387 -0.017719 2 265_12.07_10.59.x-170kpc
-0.159114 -0.305881 -0.262571 2 302_12.12_10.54.x-170kpc
-0.196795 -0.290323 -0.019468 2 354_12.06_10.39.x-170kpc
-0.276149 -0.323289  0.003541 2 377_11.89_10.26.x-170kpc
-0.320290 -0.304321  0.059515 2 395_11.83_10.21.x-170kpc
-0.111747 -0.306651 -0.267047 2 440_11.83_10.17.x-170kpc
-0.039135 -0.363107  0.031460 2 497_11.82_10.10.x-170kpc
-0.297602 -0.217300 -0.418708 2 521_11.81_10.19.x-170kpc
-0.059545 -0.252101 -0.325343 2 781_11.89_10.37.x-170kpc
-0.031716 -0.249307 -0.249572 2 856_12.03_10.10.x-170kpc
 0.027194 -0.279062 -0.247916 2 875_12.05_9.846.x-170kpc
-0.285837 -0.188912 -0.467967 2 909_11.77_9.868.x-170kpc
 0.008078  0.037571 -0.117903 2 1095_12.10_10.47.x-170kpc
 0.025956  0.014182 -0.113999 2 1111_11.88_10.29.x-170kpc
-0.472155  0.058732 -0.205231 2 1152_11.75_9.900.x-170kpc
-0.385512  0.375422 -0.090144 2 1211_11.98_10.55.x-170kpc
-0.350547  0.391224 -0.085014 2 1214_11.86_10.18.x-170kpc
-0.205036  0.463309 -0.260179 2 1292_12.10_10.69.x-170kpc
-0.140439  0.442569 -0.361093 2 1294_11.78_10.17.x-170kpc
-0.320336  0.459620 -0.248981 2 1381_11.91_10.25.x-170kpc
-0.491903  0.426683 -0.059384 2 1406_11.98_10.52.x-170kpc
-0.222744  0.492292 -0.035894 2 1448_12.10_10.67.x-170kpc
-0.440715 -0.289466  0.148068 2 1471_11.78_10.23.x-170kpc
-0.350897 -0.296438  0.080469 2 1477_11.86_10.17.x-170kpc
-0.373722 -0.448180  0.313486 2 1497_12.00_10.45.x-170kpc
-0.166888 -0.394850  0.307564 2 1812_11.75_10.14.x-170kpc
-0.135950 -0.463029  0.301953 2 1843_11.96_10.42.x-170kpc
-0.189525 -0.216208  0.482710 2 1974_11.96_10.41.x-170kpc
-0.240067 -0.185836  0.457816 2 2000_11.97_10.28.x-170kpc
-0.200555 -0.193847  0.461466 2 2007_12.01_10.39.x-170kpc
-0.416626 -0.083266  0.363889 2 2062_11.84_9.923.x-170kpc
-0.398570  0.025883  0.367499 2 2094_11.84_10.00.x-170kpc
-0.347822 -0.173628  0.394229 2 2149_12.14_10.60.x-170kpc
-0.393866 -0.173761  0.425875 2 2150_11.75_10.06.x-170kpc
-0.166927  0.038612  0.325082 2 2273_12.20_10.50.x-170kpc
-0.276367 -0.162447  0.424932 2 2287_11.86_10.20.x-170kpc
-0.177690 -0.090356  0.408833 2 2329_11.89_10.02.x-170kpc
-0.027060  0.009362  0.431969 2 2405_12.10_10.49.x-170kpc
-0.312766  0.343984  0.485967 2 2654_12.03_10.33.x-170kpc
-0.015252  0.089930  0.096642 2 2725_11.97_10.32.x-170kpc
-0.031506  0.092704  0.139945 2 2737_11.83_10.22.x-170kpc
-0.187747  0.235314  0.333552 2 2772_12.18_10.66.x-170kpc
-0.251156  0.251287  0.373321 2 2786_11.76_9.805.x-170kpc
-0.214881  0.270576  0.336488 2 2912_12.01_10.48.x-170kpc
 0.345892 -0.386081 -0.395122 2 3061_12.18_10.62.x-170kpc
 0.337585 -0.461996 -0.263347 2 3094_12.13_10.40.x-170kpc
 0.400708 -0.366643 -0.279771 2 3175_11.96_10.36.x-170kpc
 0.066449 -0.275248 -0.232903 2 3219_11.87_10.22.x-170kpc
 0.132635 -0.049439 -0.324764 2 3255_12.02_10.46.x-170kpc
 0.371318 -0.316982 -0.393449 2 3343_11.81_9.884.x-170kpc
 0.149214  0.039641 -0.460846 2 3429_12.09_10.48.x-170kpc
 0.157908  0.292096 -0.231640 2 3599_12.22_10.40.x-170kpc
 0.167414  0.317051 -0.227900 2 3610_11.88_10.29.x-170kpc
 0.428287  0.349154 -0.361957 2 3804_12.21_10.67.x-170kpc
 0.376627  0.355073 -0.238374 2 3833_11.81_9.944.x-170kpc
 0.377360  0.375058 -0.318967 2 3860_11.95_10.18.x-170kpc
 0.216076  0.381115 -0.218955 2 3943_12.02_10.02.x-170kpc
 0.299811  0.496341 -0.263501 2 4368_11.89_10.40.x-170kpc
 0.144166 -0.328044 -0.189042 2 4381_11.77_9.847.x-170kpc
 0.178201 -0.446842 -0.148301 2 4423_11.95_10.32.x-170kpc
 0.074341 -0.101162 -0.135597 2 4518_11.99_10.45.x-170kpc
 0.303067 -0.181136  0.099801 2 4658_11.75_10.26.x-170kpc
 0.304962 -0.095630  0.072371 2 4721_11.98_10.36.x-170kpc
 0.292248 -0.119470  0.078562 2 4724_11.81_9.991.x-170kpc
 0.368498 -0.142860  0.151702 2 4765_11.96_10.24.x-170kpc
 0.057537 -0.370073  0.243871 2 4849_11.89_10.40.x-170kpc
 0.054190 -0.427726  0.472604 2 4886_11.82_10.32.x-170kpc
 0.081373 -0.344514  0.397460 2 4895_12.09_10.51.x-170kpc
 0.168723 -0.324304  0.371456 2 4922_11.75_10.38.x-170kpc
 0.344481 -0.276111  0.371607 2 4947_11.85_10.21.x-170kpc
 0.390953 -0.220823  0.349801 2 4950_12.06_10.52.x-170kpc
 0.380154 -0.103369  0.482850 2 5132_12.14_10.46.x-170kpc
 0.393189 -0.093446  0.485481 2 5136_12.24_10.16.x-170kpc
 0.398651 -0.247868  0.357857 2 5176_12.07_10.58.x-170kpc
-0.057874 -0.299508 -0.376638 2 27_11.98_10.45.x-210kpc
-0.387902 -0.422387 -0.017719 2 265_12.07_10.59.x-210kpc
-0.160714 -0.305881 -0.262571 2 302_12.12_10.54.x-210kpc
-0.198395 -0.290323 -0.019468 2 354_12.06_10.39.x-210kpc
-0.277749 -0.323289  0.003541 2 377_11.89_10.26.x-210kpc
-0.321890 -0.304321  0.059515 2 395_11.83_10.21.x-210kpc
-0.113347 -0.306651 -0.267047 2 440_11.83_10.17.x-210kpc
-0.040735 -0.363107  0.031460 2 497_11.82_10.10.x-210kpc
-0.299202 -0.217300 -0.418708 2 521_11.81_10.19.x-210kpc
-0.061145 -0.252101 -0.325343 2 781_11.89_10.37.x-210kpc
-0.033316 -0.249307 -0.249572 2 856_12.03_10.10.x-210kpc
 0.025594 -0.279062 -0.247916 2 875_12.05_9.846.x-210kpc
-0.287437 -0.188912 -0.467967 2 909_11.77_9.868.x-210kpc
 0.006478  0.037571 -0.117903 2 1095_12.10_10.47.x-210kpc
 0.024356  0.014182 -0.113999 2 1111_11.88_10.29.x-210kpc
-0.473755  0.058732 -0.205231 2 1152_11.75_9.900.x-210kpc
-0.387112  0.375422 -0.090144 2 1211_11.98_10.55.x-210kpc
-0.352147  0.391224 -0.085014 2 1214_11.86_10.18.x-210kpc
-0.206636  0.463309 -0.260179 2 1292_12.10_10.69.x-210kpc
-0.142039  0.442569 -0.361093 2 1294_11.78_10.17.x-210kpc
-0.321936  0.459620 -0.248981 2 1381_11.91_10.25.x-210kpc
-0.493503  0.426683 -0.059384 2 1406_11.98_10.52.x-210kpc
-0.224344  0.492292 -0.035894 2 1448_12.10_10.67.x-210kpc
-0.442315 -0.289466  0.148068 2 1471_11.78_10.23.x-210kpc
-0.352497 -0.296438  0.080469 2 1477_11.86_10.17.x-210kpc
-0.375322 -0.448180  0.313486 2 1497_12.00_10.45.x-210kpc
-0.168488 -0.394850  0.307564 2 1812_11.75_10.14.x-210kpc
-0.137550 -0.463029  0.301953 2 1843_11.96_10.42.x-210kpc
-0.191125 -0.216208  0.482710 2 1974_11.96_10.41.x-210kpc
-0.241667 -0.185836  0.457816 2 2000_11.97_10.28.x-210kpc
-0.202155 -0.193847  0.461466 2 2007_12.01_10.39.x-210kpc
-0.418226 -0.083266  0.363889 2 2062_11.84_9.923.x-210kpc
-0.400170  0.025883  0.367499 2 2094_11.84_10.00.x-210kpc
-0.349422 -0.173628  0.394229 2 2149_12.14_10.60.x-210kpc
-0.395466 -0.173761  0.425875 2 2150_11.75_10.06.x-210kpc
-0.168527  0.038612  0.325082 2 2273_12.20_10.50.x-210kpc
-0.277967 -0.162447  0.424932 2 2287_11.86_10.20.x-210kpc
-0.179290 -0.090356  0.408833 2 2329_11.89_10.02.x-210kpc
-0.028660  0.009362  0.431969 2 2405_12.10_10.49.x-210kpc
-0.314366  0.343984  0.485967 2 2654_12.03_10.33.x-210kpc
-0.016852  0.089930  0.096642 2 2725_11.97_10.32.x-210kpc
-0.033106  0.092704  0.139945 2 2737_11.83_10.22.x-210kpc
-0.189347  0.235314  0.333552 2 2772_12.18_10.66.x-210kpc
-0.252756  0.251287  0.373321 2 2786_11.76_9.805.x-210kpc
-0.216481  0.270576  0.336488 2 2912_12.01_10.48.x-210kpc
 0.344292 -0.386081 -0.395122 2 3061_12.18_10.62.x-210kpc
 0.335985 -0.461996 -0.263347 2 3094_12.13_10.40.x-210kpc
 0.399108 -0.366643 -0.279771 2 3175_11.96_10.36.x-210kpc
 0.064849 -0.275248 -0.232903 2 3219_11.87_10.22.x-210kpc
 0.131035 -0.049439 -0.324764 2 3255_12.02_10.46.x-210kpc
 0.369718 -0.316982 -0.393449 2 3343_11.81_9.884.x-210kpc
 0.147614  0.039641 -0.460846 2 3429_12.09_10.48.x-210kpc
 0.156308  0.292096 -0.231640 2 3599_12.22_10.40.x-210kpc
 0.165814  0.317051 -0.227900 2 3610_11.88_10.29.x-210kpc
 0.426687  0.349154 -0.361957 2 3804_12.21_10.67.x-210kpc
 0.375027  0.355073 -0.238374 2 3833_11.81_9.944.x-210kpc
 0.375760  0.375058 -0.318967 2 3860_11.95_10.18.x-210kpc
 0.214476  0.381115 -0.218955 2 3943_12.02_10.02.x-210kpc
 0.298211  0.496341 -0.263501 2 4368_11.89_10.40.x-210kpc
 0.142566 -0.328044 -0.189042 2 4381_11.77_9.847.x-210kpc
 0.176601 -0.446842 -0.148301 2 4423_11.95_10.32.x-210kpc
 0.072741 -0.101162 -0.135597 2 4518_11.99_10.45.x-210kpc
 0.301467 -0.181136  0.099801 2 4658_11.75_10.26.x-210kpc
 0.303362 -0.095630  0.072371 2 4721_11.98_10.36.x-210kpc
 0.290648 -0.119470  0.078562 2 4724_11.81_9.991.x-210kpc
 0.366898 -0.142860  0.151702 2 4765_11.96_10.24.x-210kpc
 0.055937 -0.370073  0.243871 2 4849_11.89_10.40.x-210kpc
 0.052590 -0.427726  0.472604 2 4886_11.82_10.32.x-210kpc
 0.079773 -0.344514  0.397460 2 4895_12.09_10.51.x-210kpc
 0.167123 -0.324304  0.371456 2 4922_11.75_10.38.x-210kpc
 0.342881 -0.276111  0.371607 2 4947_11.85_10.21.x-210kpc
 0.389353 -0.220823  0.349801 2 4950_12.06_10.52.x-210kpc
 0.378554 -0.103369  0.482850 2 5132_12.14_10.46.x-210kpc
 0.391589 -0.093446  0.485481 2 5136_12.24_10.16.x-210kpc
 0.397051 -0.247868  0.357857 2 5176_12.07_10.58.x-210kpc
-0.059474 -0.299508 -0.376638 2 27_11.98_10.45.x-250kpc
-0.389502 -0.422387 -0.017719 2 265_12.07_10.59.x-250kpc
-0.162314 -0.305881 -0.262571 2 302_12.12_10.54.x-250kpc
-0.199995 -0.290323 -0.019468 2 354_12.06_10.39.x-250kpc
-0.279349 -0.323289  0.003541 2 377_11.89_10.26.x-250kpc
-0.323490 -0.304321  0.059515 2 395_11.83_10.21.x-250kpc
-0.114947 -0.306651 -0.267047 2 440_11.83_10.17.x-250kpc
-0.042335 -0.363107  0.031460 2 497_11.82_10.10.x-250kpc
-0.300802 -0.217300 -0.418708 2 521_11.81_10.19.x-250kpc
-0.062745 -0.252101 -0.325343 2 781_11.89_10.37.x-250kpc
-0.034916 -0.249307 -0.249572 2 856_12.03_10.10.x-250kpc
 0.023994 -0.279062 -0.247916 2 875_12.05_9.846.x-250kpc
-0.289037 -0.188912 -0.467967 2 909_11.77_9.868.x-250kpc
 0.004878  0.037571 -0.117903 2 1095_12.10_10.47.x-250kpc
 0.022756  0.014182 -0.113999 2 1111_11.88_10.29.x-250kpc
-0.475355  0.058732 -0.205231 2 1152_11.75_9.900.x-250kpc
-0.388712  0.375422 -0.090144 2 1211_11.98_10.55.x-250kpc
-0.353747  0.391224 -0.085014 2 1214_11.86_10.18.x-250kpc
-0.208236  0.463309 -0.260179 2 1292_12.10_10.69.x-250kpc
-0.143639  0.442569 -0.361093 2 1294_11.78_10.17.x-250kpc
-0.323536  0.459620 -0.248981 2 1381_11.91_10.25.x-250kpc
-0.495103  0.426683 -0.059384 2 1406_11.98_10.52.x-250kpc
-0.225944  0.492292 -0.035894 2 1448_12.10_10.67.x-250kpc
-0.443915 -0.289466  0.148068 2 1471_11.78_10.23.x-250kpc
-0.354097 -0.296438  0.080469 2 1477_11.86_10.17.x-250kpc
-0.376922 -0.448180  0.313486 2 1497_12.00_10.45.x-250kpc
-0.170088 -0.394850  0.307564 2 1812_11.75_10.14.x-250kpc
-0.139150 -0.463029  0.301953 2 1843_11.96_10.42.x-250kpc
-0.192725 -0.216208  0.482710 2 1974_11.96_10.41.x-250kpc
-0.243267 -0.185836  0.457816 2 2000_11.97_10.28.x-250kpc
-0.203755 -0.193847  0.461466 2 2007_12.01_10.39.x-250kpc
-0.419826 -0.083266  0.363889 2 2062_11.84_9.923.x-250kpc
-0.401770  0.025883  0.367499 2 2094_11.84_10.00.x-250kpc
-0.351022 -0.173628  0.394229 2 2149_12.14_10.60.x-250kpc
-0.397066 -0.173761  0.425875 2 2150_11.75_10.06.x-250kpc
-0.170127  0.038612  0.325082 2 2273_12.20_10.50.x-250kpc
-0.279567 -0.162447  0.424932 2 2287_11.86_10.20.x-250kpc
-0.180890 -0.090356  0.408833 2 2329_11.89_10.02.x-250kpc
-0.030260  0.009362  0.431969 2 2405_12.10_10.49.x-250kpc
-0.315966  0.343984  0.485967 2 2654_12.03_10.33.x-250kpc
-0.018452  0.089930  0.096642 2 2725_11.97_10.32.x-250kpc
-0.034706  0.092704  0.139945 2 2737_11.83_10.22.x-250kpc
-0.190947  0.235314  0.333552 2 2772_12.18_10.66.x-250kpc
-0.254356  0.251287  0.373321 2 2786_11.76_9.805.x-250kpc
-0.218081  0.270576  0.336488 2 2912_12.01_10.48.x-250kpc
 0.342692 -0.386081 -0.395122 2 3061_12.18_10.62.x-250kpc
 0.334385 -0.461996 -0.263347 2 3094_12.13_10.40.x-250kpc
 0.397508 -0.366643 -0.279771 2 3175_11.96_10.36.x-250kpc
 0.063249 -0.275248 -0.232903 2 3219_11.87_10.22.x-250kpc
 0.129435 -0.049439 -0.324764 2 3255_12.02_10.46.x-250kpc
 0.368118 -0.316982 -0.393449 2 3343_11.81_9.884.x-250kpc
 0.146014  0.039641 -0.460846 2 3429_12.09_10.48.x-250kpc
 0.154708  0.292096 -0.231640 2 3599_12.22_10.40.x-250kpc
 0.164214  0.317051 -0.227900 2 3610_11.88_10.29.x-250kpc
 0.425087  0.349154 -0.361957 2 3804_12.21_10.67.x-250kpc
 0.373427  0.355073 -0.238374 2 3833_11.81_9.944.x-250kpc
 0.374160  0.375058 -0.318967 2 3860_11.95_10.18.x-250kpc
 0.212876  0.381115 -0.218955 2 3943_12.02_10.02.x-250kpc
 0.296611  0.496341 -0.263501 2 4368_11.89_10.40.x-250kpc
 0.140966 -0.328044 -0.189042 2 4381_11.77_9.847.x-250kpc
 0.175001 -0.446842 -0.148301 2 4423_11.95_10.32.x-250kpc
 0.071141 -0.101162 -0.135597 2 4518_11.99_10.45.x-250kpc
 0.299867 -0.181136  0.099801 2 4658_11.75_10.26.x-250kpc
 0.301762 -0.095630  0.072371 2 4721_11.98_10.36.x-250kpc
 0.289048 -0.119470  0.078562 2 4724_11.81_9.991.x-250kpc
 0.365298 -0.142860  0.151702 2 4765_11.96_10.24.x-250kpc
 0.054337 -0.370073  0.243871 2 4849_11.89_10.40.x-250kpc
 0.050990 -0.427726  0.472604 2 4886_11.82_10.32.x-250kpc
 0.078173 -0.344514  0.397460 2 4895_12.09_10.51.x-250kpc
 0.165523 -0.324304  0.371456 2 4922_11.75_10.38.x-250kpc
 0.341281 -0.276111  0.371607 2 4947_11.85_10.21.x-250kpc
 0.387753 -0.220823  0.349801 2 4950_12.06_10.52.x-250kpc
 0.376954 -0.103369  0.482850 2 5132_12.14_10.46.x-250kpc
 0.389989 -0.093446  0.485481 2 5136_12.24_10.16.x-250kpc
 0.395451 -0.247868  0.357857 2 5176_12.07_10.58.x-250kpc
-0.061074 -0.299508 -0.376638 2 27_11.98_10.45.x-290kpc
-0.391102 -0.422387 -0.017719 2 265_12.07_10.59.x-290kpc
-0.163914 -0.305881 -0.262571 2 302_12.12_10.54.x-290kpc
-0.201595 -0.290323 -0.019468 2 354_12.06_10.39.x-290kpc
-0.280949 -0.323289  0.003541 2 377_11.89_10.26.x-290kpc
-0.325090 -0.304321  0.059515 2 395_11.83_10.21.x-290kpc
-0.116547 -0.306651 -0.267047 2 440_11.83_10.17.x-290kpc
-0.043935 -0.363107  0.031460 2 497_11.82_10.10.x-290kpc
-0.302402 -0.217300 -0.418708 2 521_11.81_10.19.x-290kpc
-0.064345 -0.252101 -0.325343 2 781_11.89_10.37.x-290kpc
-0.036516 -0.249307 -0.249572 2 856_12.03_10.10.x-290kpc
 0.022394 -0.279062 -0.247916 2 875_12.05_9.846.x-290kpc
-0.290637 -0.188912 -0.467967 2 909_11.77_9.868.x-290kpc
 0.003278  0.037571 -0.117903 2 1095_12.10_10.47.x-290kpc
 0.021156  0.014182 -0.113999 2 1111_11.88_10.29.x-290kpc
-0.476955  0.058732 -0.205231 2 1152_11.75_9.900.x-290kpc
-0.390312  0.375422 -0.090144 2 1211_11.98_10.55.x-290kpc
-0.355347  0.391224 -0.085014 2 1214_11.86_10.18.x-290kpc
-0.209836  0.463309 -0.260179 2 1292_12.10_10.69.x-290kpc
-0.145239  0.442569 -0.361093 2 1294_11.78_10.17.x-290kpc
-0.325136  0.459620 -0.248981 2 1381_11.91_10.25.x-290kpc
-0.496703  0.426683 -0.059384 2 1406_11.98_10.52.x-290kpc
-0.227544  0.492292 -0.035894 2 1448_12.10_10.67.x-290kpc
-0.445515 -0.289466  0.148068 2 1471_11.78_10.23.x-290kpc
-0.355697 -0.296438  0.080469 2 1477_11.86_10.17.x-290kpc
-0.378522 -0.448180  0.313486 2 1497_12.00_10.45.x-290kpc
-0.171688 -0.394850  0.307564 2 1812_11.75_10.14.x-290kpc
-0.140750 -0.463029  0.301953 2 1843_11.96_10.42.x-290kpc
-0.194325 -0.216208  0.482710 2 1974_11.96_10.41.x-290kpc
-0.244867 -0.185836  0.457816 2 2000_11.97_10.28.x-290kpc
-0.205355 -0.193847  0.461466 2 2007_12.01_10.39.x-290kpc
-0.421426 -0.083266  0.363889 2 2062_11.84_9.923.x-290kpc
-0.403370  0.025883  0.367499 2 2094_11.84_10.00.x-290kpc
-0.352622 -0.173628  0.394229 2 2149_12.14_10.60.x-290kpc
-0.398666 -0.173761  0.425875 2 2150_11.75_10.06.x-290kpc
-0.171727  0.038612  0.325082 2 2273_12.20_10.50.x-290kpc
-0.281167 -0.162447  0.424932 2 2287_11.86_10.20.x-290kpc
-0.182490 -0.090356  0.408833 2 2329_11.89_10.02.x-290kpc
-0.031860  0.009362  0.431969 2 2405_12.10_10.49.x-290kpc
-0.317566  0.343984  0.485967 2 2654_12.03_10.33.x-290kpc
-0.020052  0.089930  0.096642 2 2725_11.97_10.32.x-290kpc
-0.036306  0.092704  0.139945 2 2737_11.83_10.22.x-290kpc
-0.192547  0.235314  0.333552 2 2772_12.18_10.66.x-290kpc
-0.255956  0.251287  0.373321 2 2786_11.76_9.805.x-290kpc
-0.219681  0.270576  0.336488 2 2912_12.01_10.48.x-290kpc
 0.341092 -0.386081 -0.395122 2 3061_12.18_10.62.x-290kpc
 0.332785 -0.461996 -0.263347 2 3094_12.13_10.40.x-290kpc
 0.395908 -0.366643 -0.279771 2 3175_11.96_10.36.x-290kpc
 0.061649 -0.275248 -0.232903 2 3219_11.87_10.22.x-290kpc
 0.127835 -0.049439 -0.324764 2 3255_12.02_10.46.x-290kpc
 0.366518 -0.316982 -0.393449 2 3343_11.81_9.884.x-290kpc
 0.144414  0.039641 -0.460846 2 3429_12.09_10.48.x-290kpc
 0.153108  0.292096 -0.231640 2 3599_12.22_10.40.x-290kpc
 0.162614  0.317051 -0.227900 2 3610_11.88_10.29.x-290kpc
 0.423487  0.349154 -0.361957 2 3804_12.21_10.67.x-290kpc
 0.371827  0.355073 -0.238374 2 3833_11.81_9.944.x-290kpc
 0.372560  0.375058 -0.318967 2 3860_11.95_10.18.x-290kpc
 0.211276  0.381115 -0.218955 2 3943_12.02_10.02.x-290kpc
 0.295011  0.496341 -0.263501 2 4368_11.89_10.40.x-290kpc
 0.139366 -0.328044 -0.189042 2 4381_11.77_9.847.x-290kpc
 0.173401 -0.446842 -0.148301 2 4423_11.95_10.32.x-290kpc
 0.069541 -0.101162 -0.135597 2 4518_11.99_10.45.x-290kpc
 0.298267 -0.181136  0.099801 2 4658_11.75_10.26.x-290kpc
 0.300162 -0.095630  0.072371 2 4721_11.98_10.36.x-290kpc
 0.287448 -0.119470  0.078562 2 4724_11.81_9.991.x-290kpc
 0.363698 -0.142860  0.151702 2 4765_11.96_10.24.x-290kpc
 0.052737 -0.370073  0.243871 2 4849_11.89_10.40.x-290kpc
 0.049390 -0.427726  0.472604 2 4886_11.82_10.32.x-290kpc
 0.076573 -0.344514  0.397460 2 4895_12.09_10.51.x-290kpc
 0.163923 -0.324304  0.371456 2 4922_11.75_10.38.x-290kpc
 0.339681 -0.276111  0.371607 2 4947_11.85_10.21.x-290kpc
 0.386153 -0.220823  0.349801 2 4950_12.06_10.52.x-290kpc
 0.375354 -0.103369  0.482850 2 5132_12.14_10.46.x-290kpc
 0.388389 -0.093446  0.485481 2 5136_12.24_10.16.x-290kpc
 0.393851 -0.247868  0.357857 2 5176_12.07_10.58.x-290kpc
